1.28907 0 0.0031958 0.0031958 -0.0790412 0.0395206 9.81009
0.9612 -0.00532633 0  -0.541155 -1.21616 -0.118562 9.92865
0.841568 0.0234358 -0.00639159  -0.238619 -0.353889 0 9.84961
0.819303 -0.0031958 -0.0117179  0.243946 -0.0790412 0.195807 9.73284
0.835745 0.0255664 -0.0106527  -0.249272 -0.314368 -0.274848 9.53524
0.834275 -0.0149137 -0.00639159  0.251403 -0.195807 0.0395206 9.18315
0.892212 0.00958739 0.00106527  -0.470847 -0.274848 0.0790412 10.1245
0.499083 0.00852212 -0.0138484  -0.520915 -0.391613 0.274848 9.53524
0.175365 -0.00958739 -0.00639159  -0.510262 0.0790412 -0.195807 10.0454
-0.232187 0.00852212 0  -0.523045 -0.314368 0.314368 9.33943
-0.592514 0 0.0138484  -0.492153 -0.118562 -0.431134 10.1245
-0.982267 -0.052198 0.0607201  -0.507066 -0.391613 0.195807 10.8304
-1.38004 0.0170442 -0.0106527  -0.484696 0.431134 0.0790412 9.33943
-1.74481 -0.00745686 -0.031958  -0.514523 -0.0395206 -0.705981 11.1843
-2.11376 -0.00958739 0.00106527  -0.499609 -0.0790412 -0.314368 9.49751
-1.97111 -0.00106527 0.00852212  0.11931 0.235327 0.118562 10.1245
-2.18216 0.00213053 0.00745686  -0.364321 -1.2952 -0.156286 10.3993
-2.57487 -0.00639159 0  -0.50387 -0.0395206 0.314368 9.6538
-3.00764 -0.0031958 -0.00745686  -0.510262 -0.353889 0.666461 9.57476
2.91674 0.0181095 -0.0031958  -0.525176 0 0.118562 9.53524
2.53182 0.0234358 0.0276969  -0.450607 0.628736 1.96166 9.77057
2.16352 -0.0862865 -0.00852212  0.158725 -0.235327 -1.84489 9.49751
1.77935 -0.00106527 -0.0191748  -0.504936 0.118562 -0.353889 10.0849
1.43969 0.00213053 -0.0234358  -0.520915 0.0395206 0.274848 9.29991
1.08528 0.00639159 0.0245011  -0.40054 -1.13891 -1.13891 9.02506
1.29397 -0.0660464 0.015979  0.0170442 -0.941308 0.195807 11.0658
1.36237 0.0170442 0.0234358  -0.00745686 0.195807 0.235327 8.9083
1.08636 0.00106527 -0.00852212  -0.393083 -0.353889 0.314368 9.84961
0.994761 0.00852212 0.00852212  -0.357929 0.235327 0.0395206 9.6538
0.608317 0.0031958 0.0245011  -0.518784 -0.864064 0 10.0849
0.254696 -0.0031958 -0.00745686  -0.50174 -0.901788 -0.391613 10.7909
-0.072654 0.00639159 0.0149137  -0.523045 -0.235327 -0.274848 10.5556
-0.455823 0.00958739 -0.0031958  -0.529437 -0.589216 -0.353889 9.6538
-0.79763 -0.00106527 0.0181095  -0.526241 0.391613 1.33472 9.37895
-1.17293 0 -0.0276969  -0.541155 -0.0395206 0.156286 8.75201
-1.52976 -0.00106527 0.0234358  -0.491087 0.470654 -0.235327 10.7909
-1.88305 -0.0223706 0.0308927  -0.439955 0.431134 -0.745502 10.243
-1.75452 -0.0245011 -0.0138484  0.0532633 -0.589216 0.353889 9.84961
-1.83827 0.0031958 -0.00106527  0.0500675 0.274848 -0.391613 9.41847
-2.02997 0.0106527 0.0106527  -0.0106527 -0.195807 0.274848 9.33943
-2.33243 -0.00639159 0.00639159  -0.507066 -0.391613 0.195807 9.77057
-2.72247 0.00532633 -0.0170442  -0.442085 -0.0395206 0.118562 10.0849
-3.1111 0.00213053 0.0223706  -0.504936 -0.589216 -0.274848 10.164
2.75897 -0.0298274 0.0276969  -0.507066 0.0395206 -0.0790412 10.0849
2.37364 -0.0415453 0.0255664  -0.490022 0.156286 0.431134 9.45799
1.95492 0.0266316 -0.0106527  -0.500675 -0.666461 0.705981 9.84961
1.61586 -0.0351538 0.0191748  -0.517719 0 -0.705981 9.61428
1.24659 0.0234358 0.0031958  -0.491087 0.785022 -0.0395206 10.3993
0.916604 -0.031958 -0.0234358  -0.459129 0.666461 -0.274848 9.33943
0.867858 0.0532633 0.0106527  -0.167247 0 -0.274848 9.37895
0.828591 0.0031958 -0.00745686  0.100135 -0.0395206 1.09939 9.02506
1.1602 -0.0234358 0.00852212  0.0298274 0.391613 -0.235327 10.3598
1.59749 0.00106527 0.0031958  -0.0170442 -0.195807 -0.118562 10.0454
1.26242 0.0223706 0.00532633  -0.0340885 0.589216 0.235327 9.26039
1.44548 -0.0415453 0.00745686  0.0117179 -0.274848 -0.0790412 10.3203
1.50703 -0.00106527 -0.015979  0.107592 -0.864064 0.589216 9.53524
