1.36624 0.629918 -2.66893
1.36625 0.629892 -3.03333
1.36625 0.629876 3.11718
1.36575 0.629878 -3.13331
1.36625 0.62986 3.13773
1.36625 0.629858 3.13586
1.36625 0.62986 -3.12677
1.32025 0.636509 2.77053
1.32072 0.636327 2.41827
1.32072 0.636327 2.08377
1.32072 0.636327 1.83336
1.33833 0.817551 1.35777
1.44747 1.08132 0.99898
1.62698 1.27795 0.663544
1.87973 1.41062 0.302881
3.87632 1.77985 0.432757
4.68545 2.17598 0.137499
4.68495 2.17594 -0.257736
4.68495 2.17594 -0.638955
4.68495 2.17594 -1.03139
4.68981 2.1504 -1.41634
4.68814 2.01256 -1.74804
4.57599 1.7347 -2.14515
4.41683 1.55495 -2.44601
4.14378 1.40599 -2.83097
2.18455 0.854588 -2.63008
0.332326 -0.0403162 -2.69081
-1.26698 -0.689055 -3.02158
-1.26698 -0.689055 -3.12996
-1.26698 -0.689055 2.78882
-1.26699 -0.689076 2.4917
-1.26702 -0.689106 2.09926
-1.26709 -0.689133 1.75355
-1.25194 -0.539145 1.3742
-1.15415 -0.285686 1.03222
-0.96654 -0.0712009 0.672494
-0.690333 0.0733561 0.312765
1.29401 0.452887 0.445445
3.05904 1.28878 0.45292
4.82077 2.10459 0.222132
5.01204 2.1536 -0.107697
5.01253 2.15352 -0.482376
5.01216 2.15383 -0.825286
5.01222 2.15388 -1.21772
5.01229 2.15339 -1.60361
4.94765 1.89567 -1.98483
4.76465 1.63639 -2.38567
4.5386 1.48658 -2.72671
4.22107 1.41761 -3.10419
4.14959 1.41604 -3.13503
3.51446 1.4348 -3.13783
1.54918 0.975558 -2.82949
-0.256101 0.117157 -2.60151
-1.99626 -0.482349 -3.00422
-3.95438 -0.720761 -2.89022
-5.83781 -1.18589 -2.80987
