2.68728 4.49035 2.78224
2.68211 4.48225 2.43348
2.69594 4.47519 2.30468
2.7258 4.47354 2.32338
2.72588 4.47347 2.30708
2.75666 4.49555 2.30269
2.75666 4.49555 2.28117
2.75198 4.5332 1.96204
2.76003 4.55499 1.60492
2.82268 4.56065 1.23828
2.82587 4.5658 0.883063
2.94138 4.61856 0.499014
3.26497 4.70894 0.122791
3.5555 4.68452 -0.24582
3.78935 4.56968 -0.570869
5.39358 3.30782 -0.39966
6.23413 2.98831 -0.693268
6.20575 3.0038 -1.05267
6.19584 2.98404 -1.4599
6.17231 2.97521 -1.84388
6.13144 2.97894 -2.23994
6.03094 2.90683 -2.62198
5.7658 2.82892 -2.98827
5.42308 2.8827 2.91633
5.14881 2.99299 2.56919
3.47436 4.11638 2.80855
1.51269 4.87749 2.79557
0.0101705 5.49876 2.50313
0.0102905 5.49866 2.39379
0.0274366 5.50882 2.03204
0.0508274 5.51496 1.64797
0.0756171 5.51872 1.29432
0.085693 5.51808 0.91895
0.0899096 5.54788 0.562439
0.386542 5.71344 0.170447
0.692911 5.69597 -0.18828
0.988465 5.5723 -0.544208
2.57325 4.32631 -0.389136
4.48615 3.63089 -0.313045
6.34148 3.06408 -0.477856
6.448 2.99696 -0.840578
6.42288 2.99008 -1.23443
6.40699 2.98588 -1.59687
6.39134 3.00153 -1.94948
6.37877 3.02663 -2.37695
6.21808 2.95416 -2.77481
5.85237 2.88071 3.11227
5.54057 2.97339 2.74659
5.30615 3.14909 2.37079
5.23659 3.21933 2.32113
4.83305 3.67795 2.34241
3.04311 4.76108 2.69569
0.999942 5.32932 3.00739
-0.513866 5.80887 2.65634
-2.56799 6.89101 2.78667
-4.71574 7.58641 2.933
