1.14324 0.924557 -2.66893
1.14319 0.92453 -3.01593
1.14317 0.924528 3.11558
1.143 0.924535 -3.13146
1.14311 0.924548 3.13543
1.14324 0.924528 -3.12981
1.14324 0.924526 3.13185
1.12229 0.929416 2.77894
1.10098 0.938791 2.42068
1.10105 0.938718 2.06722
1.10105 0.938718 1.71894
1.10632 0.97933 1.3516
1.20058 1.19756 0.968936
1.3914 1.40169 0.622302
1.6374 1.52633 0.276659
3.61699 1.8884 0.435409
4.60963 2.37346 0.0901276
4.60927 2.37347 -0.257573
4.6092 2.3735 -0.662568
4.6092 2.3735 -1.03065
4.60932 2.3718 -1.41499
4.60559 2.29645 -1.7732
4.53585 2.11853 -2.12997
4.34424 1.90975 -2.50534
4.09387 1.78362 -2.85089
2.16221 1.24543 -2.62765
0.300797 0.337153 -2.68604
-1.48897 -0.369552 -3.03869
-1.48882 -0.369542 3.13516
-1.48866 -0.369557 2.78156
-1.4887 -0.369532 2.41832
-1.48874 -0.369497 2.07069
-1.48879 -0.3694 1.7241
-1.48542 -0.342368 1.37907
-1.40533 -0.143691 1.0133
-1.22235 0.0632349 0.658233
-0.940904 0.209428 0.29589
1.03088 0.583778 0.44436
2.85502 1.4485 0.455564
4.69091 2.27094 0.220057
4.93605 2.34165 -0.136852
4.93613 2.34161 -0.495621
4.93611 2.34163 -0.859776
4.93606 2.34172 -1.25313
4.93561 2.34143 -1.64968
4.90526 2.24304 -2.0113
4.74196 2.01529 -2.38664
4.51049 1.85931 -2.73421
4.2207 1.79107 -3.0929
4.12188 1.78818 3.14062
3.48406 1.80692 -3.14003
1.52679 1.34992 -2.82818
-0.298779 0.480581 -2.59772
-2.00166 -0.100552 -3.00248
-4.01544 -0.350331 -2.88858
-6.0403 -0.868048 -2.80841
