-9.62049 -10.0685 0.32975
-9.6479 -10.2737 0.32975
-1.55053 -2.06954 0.32975
-1.52138 -2.0753 0.32975
-9.77652 -10.9645 0.32975
-9.7953 -11.1786 0.32975
0.445993 -0.00222943 0.32975
-1.38746 -2.07461 0.32975
0.448 0 0.32975
-10.101 -12.3513 0.32975
-10.1464 -12.6259 0.32975
-1.26305 -2.07567 0.32975
-0.965454 -1.74547 0.32975
-0.94083 -1.746 0.32975
-0.92 -1.75096 0.32975
-0.894928 -1.75014 0.32975
-0.873586 -1.7538 0.32975
-0.851093 -1.75562 0.32975
-0.835135 -1.76608 0.32975
-0.819675 -1.77721 0.32975
-0.78691 -1.76363 0.32975
-0.765809 -1.7661 0.32975
-0.754265 -1.78243 0.32975
-0.739768 -1.79452 0.32975
-0.711536 -1.78553 0.32975
-0.69806 -1.79895 0.32975
-0.672249 -1.79277 0.32975
-0.647157 -1.78713 0.32975
-0.63152 -1.79662 0.32975
-0.60971 -1.79564 0.32975
-0.5885 -1.79527 0.32975
-0.572794 -1.80425 0.32975
-0.558465 -1.81571 0.32975
-0.532561 -1.80597 0.32975
-0.5116 -1.80474 0.32975
-0.495814 -1.81305 0.32975
-0.479048 -1.81944 0.32975
-0.461351 -1.82388 0.32975
-0.442332 -1.82545 0.32975
-0.422063 -1.82412 0.32975
-0.405266 -1.82984 0.32975
-0.386777 -1.83175 0.32975
-0.367507 -1.83166 0.32975
-0.357074 -1.85154 0.32975
-0.373708 -1.93582 0.32975
-0.379744 -1.99835 0.32975
-0.397112 -2.09173 0.32975
-0.411812 -2.18276 0.32975
-0.422834 -2.2686 0.32975
-0.42927 -2.34636 0.32975
-0.43578 -2.42817 0.32975
-1.19466 -4.63874 0.32975
-1.23388 -4.88455 0.32975
-1.2775 -5.15698 0.32975
-1.3239 -5.45336 0.32975
-1.37698 -5.78811 0.32975
-1.42844 -6.13756 0.32975
-1.50006 -6.57654 0.32975
-1.56967 -7.03644 0.32975
-1.66318 -7.61268 0.32975
-1.78639 -8.33884 0.32975
-1.78013 -8.61555 0.32975
-1.70196 -8.62302 0.32975
-1.62429 -8.63173 0.32975
-1.55204 -8.66312 0.32975
-1.53286 -8.93506 0.32975
-1.45897 -8.97157 0.32975
-1.37961 -8.98297 0.32975
-1.3021 -9.00348 0.32975
-1.22128 -9.00661 0.32975
-1.14314 -9.02379 0.32975
-1.06334 -9.03142 0.32975
-0.983062 -9.03537 0.32975
-0.9049 -9.05246 0.32975
-0.827383 -9.07482 0.32975
-0.748142 -9.0856 0.32975
-0.669541 -9.10165 0.32975
-0.590187 -9.11205 0.32975
-0.510004 -9.11479 0.32975
-0.432536 -9.1447 0.32975
-0.352613 -9.15104 0.32975
-0.272882 -9.15968 0.32975
-0.194387 -9.18657 0.32975
-0.114685 -9.19981 0.32975
-0.0343804 -9.20437 0.32975
0.0452182 -9.22521 0.32975
0.125145 -9.24537 0.32975
0.20602 -9.24083 0.32975
0.286285 -9.26459 0.32975
0.367306 -9.24665 0.32975
0.448001 -9.279 0.32975
0.529209 -9.30564 0.32975
0.530515 -4.72728 0.32975
0.563649 -4.41649 0.32975
0.596253 -4.24541 0.32975
0.631812 -4.20999 0.32975
0.680738 -4.44091 0.32975
0.74903 -4.9218 0.32975
0.782831 -4.78831 0.32975
0.794868 -4.40737 0.32975
0.847609 -4.56755 0.32975
0.911031 -4.80876 0.32975
0.928204 -4.56883 0.32975
0.941792 -4.33396 0.32975
0.96692 -4.22626 0.32975
1.03406 -4.45159 0.32975
1.1376 -4.90678 0.32975
1.18483 -4.93024 0.32975
1.2333 -4.9582 0.32975
1.28067 -4.97581 0.32975
1.32788 -4.99002 0.32975
1.37376 -4.99494 0.32975
1.42132 -5.00728 0.32975
1.46797 -5.01329 0.32975
1.51646 -5.0267 0.32975
1.56158 -5.02304 0.32975
1.61257 -5.04431 0.32975
1.66028 -5.04952 0.32975
1.70745 -5.05136 0.32975
1.75598 -5.0576 0.32975
1.80732 -5.07304 0.32975
1.85581 -5.07641 0.32975
1.90612 -5.08507 0.32975
1.9547 -5.08654 0.32975
2.00663 -5.09806 0.32975
2.05527 -5.09762 0.32975
2.10989 -5.11478 0.32975
2.16176 -5.1219 0.32975
2.21323 -5.1266 0.32975
2.26558 -5.13268 0.32975
2.31885 -5.14012 0.32975
2.37554 -5.15544 0.32975
2.43408 -5.1739 0.32975
2.49344 -5.19266 0.32975
2.53718 -5.1709 0.32975
2.57342 -5.13123 0.32975
2.60679 -5.08579 0.32975
0.449196 -0.00275118 0.32975
2.59964 -4.83266 0.32975
2.6185 -4.76274 0.32975
2.63336 -4.68652 0.32975
2.64059 -4.59687 0.32975
2.65695 -4.52902 0.32975
2.6714 -4.45946 0.32975
2.68345 -4.38732 0.32975
2.69302 -4.31265 0.32975
2.70428 -4.24345 0.32975
2.71689 -4.17878 0.32975
2.72564 -4.10896 0.32975
2.73875 -4.04889 0.32975
2.746 -3.98025 0.32975
2.75425 -3.91524 0.32975
2.76825 -3.86154 0.32975
2.7773 -3.80107 0.32975
2.79183 -3.75092 0.32975
2.8003 -3.69237 0.32975
2.80465 -3.62893 0.32975
2.81139 -3.5707 0.32975
2.82457 -3.52341 0.32975
2.8303 -3.46627 0.32975
2.84383 -3.4216 0.32975
2.84863 -3.36555 0.32975
2.8538 -3.31131 0.32975
2.87309 -3.27732 0.32975
2.21072 -2.3392 0.32975
2.16714 -2.24043 0.32975
2.18109 -2.21825 0.32975
2.19602 -2.19756 0.32975
2.22268 -2.19155 0.32975
2.25573 -2.19296 0.32975
2.27095 -2.1725 0.32975
2.29568 -2.16335 0.32975
2.31974 -2.15319 0.32975
2.35303 -2.15325 0.32975
2.37844 -2.14397 0.32975
2.41059 -2.14179 0.32975
2.43125 -2.12678 0.32975
2.45249 -2.11229 0.32975
2.48752 -2.11198 0.32975
2.52059 -2.10908 0.32975
2.54316 -2.09516 0.32975
2.57848 -2.09362 0.32975
2.59667 -2.07494 0.32975
2.62485 -2.06575 0.32975
2.65888 -2.06168 0.32975
2.68859 -2.05312 0.32975
2.71756 -2.04352 0.32975
2.74954 -2.03623 0.32975
2.771 -2.01935 0.32975
2.8045 -2.01264 0.32975
2.83423 -2.00228 0.32975
2.86704 -1.99411 0.32975
2.89446 -1.9811 0.32975
2.93591 -1.97897 0.32975
2.96727 -1.96827 0.32975
3.01688 -1.97117 0.32975
3.1394 -2.02812 0.32975
3.28963 -2.1027 0.32975
3.94295 -2.53923 0.32975
4.04476 -2.56555 0.32975
4.135 -2.58167 0.32975
4.22332 -2.59471 0.32975
4.26406 -2.57397 0.32975
4.35726 -2.58748 0.32975
4.44343 -2.59466 0.32975
4.53676 -2.60483 0.32975
4.63736 -2.6178 0.32975
4.73934 -2.62974 0.32975
4.8667 -2.65502 0.32975
4.98792 -2.67422 0.32975
5.11068 -2.692 0.32975
5.24192 -2.71227 0.32975
5.38173 -2.73481 0.32975
5.51526 -2.7513 0.32975
5.67152 -2.77739 0.32975
5.82329 -2.7982 0.32975
5.99541 -2.82655 0.32975
6.17289 -2.85433 0.32975
6.35847 -2.88273 0.32975
6.55038 -2.91069 0.32975
6.7559 -2.94142 0.32975
6.98061 -2.97708 0.32975
7.2192 -3.01473 0.32975
7.46259 -3.05003 0.32975
7.72091 -3.08717 0.32975
8.0118 -3.13303 0.32975
8.31701 -3.17929 0.32975
8.64963 -3.23071 0.32975
8.99119 -3.27943 0.32975
9.3698 -3.33573 0.32975
9.71431 -3.37266 0.32975
10.5324 -3.57107 0.32975
10.8213 -3.57181 0.32975
11.2304 -3.60775 0.32975
12.2154 -3.82347 0.32975
12.5917 -3.82889 0.32975
13.317 -3.93445 0.32975
14.1908 -4.07079 0.32975
15.0996 -4.20127 0.32975
16.4231 -4.43028 0.32975
17.5787 -4.59015 0.32975
18.9948 -4.79653 0.32975
21.1027 -5.14979 0.32975
0.448 0 0.32975
0.448 0 0.32975
0.448 0 0.32975
0.448 0 0.32975
40.2761 -8.10311 0.32975
40.3325 -7.75276 0.32975
40.38 -7.40095 0.32975
40.3977 -7.04421 0.32975
40.4596 -6.69565 0.32975
40.5294 -6.34827 0.32975
40.5833 -5.99826 0.32975
40.6271 -5.64681 0.32975
0.448 0 0.32975
0.448 0 0.32975
0.450981 -0.00033961 0.32975
2.68369 -0.23498 0.32975
2.50947 -0.198496 0.32975
2.41648 -0.17222 0.32975
2.43286 -0.156212 0.32975
2.44413 -0.139583 0.32975
2.50516 -0.125821 0.32975
3.32405 -0.150727 0.32975
3.34224 -0.126365 0.32975
3.35623 -0.101558 0.32975
3.34601 -0.0758872 0.32975
3.36056 -0.0508393 0.32975
3.36489 -0.0254552 0.32975
3.38 0 0.32975
3.36889 0.0254901 0.32975
3.37655 0.0511178 0.32975
3.364 0.0763584 0.32975
3.26029 0.0982073 0.32975
3.14343 0.117685 0.32975
3.01747 0.13466 0.32975
2.93036 0.151827 0.32975
2.83118 0.166648 0.32975
2.74091 0.180456 0.32975
2.65955 0.193486 0.32975
2.56919 0.204247 0.32975
2.48379 0.21397 0.32975
2.43713 0.226633 0.32975
2.37751 0.236914 0.32975
2.31291 0.24552 0.32975
2.24732 0.252877 0.32975
2.17383 0.257927 0.32975
2.14979 0.269537 0.32975
2.06748 0.271008 0.32975
2.03453 0.279747 0.32975
1.99368 0.286474 0.32975
1.96069 0.294036 0.32975
1.91495 0.298454 0.32975
1.87903 0.304175 0.32975
1.8441 0.309509 0.32975
1.82673 0.318306 0.32975
1.79084 0.322388 0.32975
1.75887 0.326837 0.32975
1.72402 0.330001 0.32975
1.67086 0.327665 0.32975
1.6535 0.334315 0.32975
1.62939 0.338758 0.32975
1.61297 0.345079 0.32975
1.60609 0.354062 0.32975
1.55431 0.348819 0.32975
1.54076 0.35506 0.32975
1.51107 0.355699 0.32975
1.49563 0.36073 0.32975
1.47454 0.363516 0.32975
1.45065 0.364935 0.32975
1.43151 0.367718 0.32975
1.41706 0.371986 0.32975
1.38493 0.369067 0.32975
1.37426 0.374232 0.32975
1.35802 0.376943 0.32975
1.35378 0.384479 0.32975
1.3137 0.376419 0.32975
1.30947 0.383553 0.32975
1.30245 0.389397 0.32975
1.27637 0.386273 0.32975
1.26845 0.391334 0.32975
1.25512 0.393657 0.32975
1.23554 0.392654 0.32975
1.22496 0.39588 0.32975
1.21172 0.397565 0.32975
1.19851 0.399051 0.32975
1.18005 0.397473 0.32975
1.17918 0.405301 0.32975
1.16604 0.406249 0.32975
1.13995 0.3995 0.32975
1.13558 0.405016 0.32975
1.12516 0.40688 0.32975
1.1105 0.405981 0.32975
1.101 0.408038 0.32975
1.10416 0.418019 0.32975
1.08539 0.413926 0.32975
1.07008 0.411745 0.32975
1.05071 0.406533 0.32975
1.03643 0.404414 0.32975
1.04434 0.417564 0.32975
1.03091 0.415783 0.32975
1.02645 0.420266 0.32975
1.00588 0.412807 0.32975
0.996663 0.413447 0.32975
0.986687 0.413349 0.32975
0.990151 0.423575 0.32975
0.972347 0.417085 0.32975
0.965579 0.419127 0.32975
0.960359 0.422356 0.32975
0.959718 0.429382 0.32975
0.946066 0.425388 0.32975
0.940071 0.42775 0.32975
0.926583 0.423414 0.32975
0.925099 0.429582 0.32975
0.909536 0.422919 0.32975
0.909484 0.430341 0.32975
0.887577 0.417143 0.32975
0.896149 0.432772 0.32975
0.885223 0.429657 0.32975
0.884992 0.436992 0.32975
0.876956 0.436509 0.32975
0.872436 0.439517 0.32975
0.868585 0.443204 0.32975
0.858563 0.440275 0.32975
0.850652 0.439417 0.32975
0.846133 0.442171 0.32975
0.838946 0.441884 0.32975
0.831795 0.441505 0.32975
0.820134 0.435713 0.32975
0.822745 0.446604 0.32975
0.810565 0.439826 0.32975
0.808601 0.445305 0.32975
0.814039 0.460174 0.32975
0.798311 0.448378 0.32975
0.798647 0.456972 0.32975
0.789831 0.453625 0.32975
0.787644 0.459002 0.32975
0.778923 0.455477 0.32975
0.76216 0.440436 0.32975
0.766908 0.455449 0.32975
0.755559 0.4475 0.32975
0.755556 0.455971 0.32975
0.744942 0.448631 0.32975
0.74265 0.453721 0.32975
0.740828 0.459648 0.32975
0.730447 0.45201 0.32975
0.733807 0.466394 0.32975
0.726121 0.46287 0.32975
0.719025 0.46011 0.32975
0.708 0.450333 0.32975
0.707015 0.457807 0.32975
0.702525 0.459175 0.32975
0.695645 0.456106 0.32975
0.693064 0.460899 0.32975
0.69365 0.47189 0.32975
0.688615 0.472233 0.32975
0.685377 0.476105 0.32975
0.681652 0.479057 0.32975
0.671005 0.467539 0.32975
0.668184 0.472186 0.32975
0.662396 0.47045 0.32975
0.654216 0.463168 0.32975
0.655748 0.477788 0.32975
0.657041 0.49247 0.32975
0.652353 0.493352 0.32975
0.65291 0.50717 0.32975
0.645544 0.501495 0.32975
0.638652 0.496665 0.32975
0.632559 0.493626 0.32975
0.62414 0.483942 0.32975
0.614903 0.471321 0.32975
0.61404 0.482214 0.32975
0.606018 0.472265 0.32975
0.603745 0.479333 0.32975
0.598353 0.476858 0.32975
0.592724 0.473371 0.32975
0.589156 0.476533 0.32975
0.587472 0.486398 0.32975
0.582688 0.48567 0.32975
0.577151 0.481997 0.32975
0.571437 0.477297 0.32975
0.568961 0.485148 0.32975
0.563322 0.480351 0.32975
0.565424 0.508621 0.32975
0.557951 0.495958 0.32975
0.549461 0.477336 0.32975
0.544494 0.474284 0.32975
0.542641 0.486887 0.32975
0.536566 0.477862 0.32975
0.535345 0.495358 0.32975
0.529369 0.486239 0.32975
0.528095 0.505696 0.32975
0.522644 0.499453 0.32975
0.519257 0.507017 0.32975
0.514046 0.501671 0.32975
0.50991 0.504213 0.32975
0.505394 0.503741 0.32975
0.499637 0.491294 0.32975
0.49506 0.48874 0.32975
0.492362 0.507063 0.32975
0.487622 0.503443 0.32975
0.482529 0.493794 0.32975
0.478891 0.505056 0.32975
0.474901 0.513296 0.32975
0.470159 0.507517 0.32975
0.465764 0.50869 0.32975
0.461455 0.513824 0.32975
0.456866 0.507923 0.32975
0.452363 0.499981 0.32975
0.448 0.502 0.32975
0.443611 0.502981 0.32975
0.439291 0.498924 0.32975
0.434624 0.510825 0.32975
0.429992 0.515686 0.32975
0.425536 0.51451 0.32975
0.42089 0.51729 0.32975
0.41656 0.514039 0.32975
0.411936 0.515741 0.32975
0.406966 0.521388 0.32975
0.403376 0.510052 0.32975
0.397873 0.520592 0.32975
0.3949 0.505217 0.32975
0.39004 0.508709 0.32975
0.384628 0.516124 0.32975
0.380649 0.511586 0.32975
0.373821 0.527813 0.32975
0.368774 0.530113 0.32975
0.365559 0.520512 0.32975
0.359699 0.527663 0.32975
0.354056 0.532781 0.32975
0.349046 0.533907 0.32975
0.347825 0.515354 0.32975
0.339145 0.535039 0.32975
0.33552 0.529178 0.32975
0.333071 0.518413 0.32975
0.326077 0.528109 0.32975
0.318905 0.537721 0.32975
0.316637 0.526871 0.32975
0.310291 0.532481 0.32975
0.304873 0.534157 0.32975
0.301553 0.528069 0.32975
0.295848 0.530616 0.32975
0.293212 0.522557 0.32975
0.282518 0.541268 0.32975
0.280206 0.532174 0.32975
0.274642 0.533543 0.32975
0.26904 0.534855 0.32975
0.261449 0.541782 0.32975
0.254392 0.546732 0.32975
0.250654 0.542203 0.32975
0.244179 0.545143 0.32975
0.234771 0.55548 0.32975
0.230298 0.552668 0.32975
0.230728 0.537767 0.32975
0.227574 0.532155 0.32975
0.219032 0.539416 0.32975
0.209947 0.547485 0.32975
0.208839 0.537165 0.32975
0.199184 0.545977 0.32975
0.195274 0.541972 0.32975
0.185819 0.549674 0.32975
0.177087 0.555455 0.32975
0.171357 0.554859 0.32975
0.161986 0.561334 0.32975
0.158484 0.556156 0.32975
0.157867 0.545662 0.32975
0.138324 0.570352 0.32975
0.139661 0.556258 0.32975
0.129894 0.56225 0.32975
0.124 0.561184 0.32975
0.117085 0.561782 0.32975
0.10653 0.568302 0.32975
0.104718 0.560185 0.32975
0.0945439 0.565648 0.32975
0.0939197 0.555795 0.32975
0.0743778 0.575328 0.32975
0.0759943 0.562039 0.32975
0.0638344 0.569549 0.32975
0.0617109 0.562054 0.32975
0.0464965 0.573406 0.32975
0.0415079 0.569881 0.32975
0.0289092 0.576829 0.32975
0.0256759 0.570738 0.32975
0.00987874 0.581407 0.32975
-0.00370084 0.588668 0.32975
-0.0118989 0.588644 0.32975
-0.0195086 0.587739 0.32975
-0.0239904 0.582859 0.32975
-0.0354195 0.586435 0.32975
-0.039233 0.580662 0.32975
-0.0618167 0.596919 0.32975
-0.0611017 0.585655 0.32975
-0.0807707 0.597667 0.32975
-0.0859661 0.59303 0.32975
-0.0904452 0.58761 0.32975
-0.11192 0.600442 0.32975
-0.124023 0.602786 0.32975
-0.132734 0.601368 0.32975
-0.139362 0.597704 0.32975
-0.151627 0.599627 0.32975
