-0.578012 -1.02601 0.32975
-0.555001 -1.02066 0.32975
-0.540499 -1.02362 0.32975
-0.516385 -1.01625 0.32975
-0.498614 -1.01512 0.32975
-0.489719 -1.02334 0.32975
-0.481423 -1.03223 0.32975
-0.469729 -1.0373 0.32975
-0.449489 -1.03244 0.32975
-0.436548 -1.03567 0.32975
-0.41912 -1.03339 0.32975
-0.396076 -1.02395 0.32975
-0.397177 -1.04371 0.32975
-0.383679 -1.04556 0.32975
-0.364057 -1.03939 0.32975
-0.340955 -1.02819 0.32975
-0.325934 -1.02705 0.32975
-0.313373 -1.02894 0.32975
-0.316121 -1.05172 0.32975
-0.286009 -1.02904 0.32975
-0.271265 -1.02722 0.32975
-0.271902 -1.04746 0.32975
-0.253228 -1.03961 0.32975
-0.236402 -1.03402 0.32975
-0.217549 -1.02486 0.32975
-0.211267 -1.03484 0.32975
-0.20592 -1.04649 0.32975
-0.189448 -1.04022 0.32975
-0.174681 -1.03632 0.32975
-0.154448 -1.02275 0.32975
-0.1495 -1.0349 0.32975
-0.14734 -1.05226 0.32975
-0.130863 -1.0443 0.32975
-0.113139 -1.03349 0.32975
-0.10316 -1.03658 0.32975
-0.0954782 -1.04401 0.32975
-0.0790829 -1.03446 0.32975
-0.0651274 -1.02917 0.32975
-0.0556885 -1.03271 0.32975
-0.0496709 -1.04339 0.32975
-0.0405468 -1.04769 0.32975
-0.0235062 -1.03463 0.32975
-0.00835843 -1.025 0.32975
-0.00178893 -1.03444 0.32975
0.00725524 -1.03833 0.32975
0.0136543 -1.0486 0.32975
0.0273168 -1.04123 0.32975
0.0389847 -1.03835 0.32975
0.0537952 -1.02694 0.32975
0.0536664 -1.05469 0.32975
0.0721199 -1.03272 0.32975
0.0831491 -1.03031 0.32975
0.0898751 -1.04007 0.32975
0.0957918 -1.05264 0.32975
0.109935 -1.04046 0.32975
0.123839 -1.02811 0.32975
0.130777 -1.03759 0.32975
0.139275 -1.04224 0.32975
0.14728 -1.04874 0.32975
0.160184 -1.03783 0.32975
0.170028 -1.0374 0.32975
0.179092 -1.03979 0.32975
0.185757 -1.0518 0.32975
0.19868 -1.03849 0.32975
0.208427 -1.0377 0.32975
0.216193 -1.04561 0.32975
0.223871 -1.05444 0.32975
0.235873 -1.04264 0.32975
0.246696 -1.03562 0.32975
0.255377 -1.0393 0.32975
0.26428 -1.04193 0.32975
0.270244 -1.06223 0.32975
0.283118 -1.04102 0.32975
0.291174 -1.04935 0.32975
0.301451 -1.04275 0.32975
0.311078 -1.04003 0.32975
0.321865 -1.02729 0.32975
0.327212 -1.06014 0.32975
0.33835 -1.04325 0.32975
0.346978 -1.04915 0.32975
0.357532 -1.03405 0.32975
0.36656 -1.0348 0.32975
0.374825 -1.04644 0.32975
0.383044 -1.06202 0.32975
0.393309 -1.04357 0.32975
0.402461 -1.04301 0.32975
0.41139 -1.04836 0.32975
0.420697 -1.04264 0.32975
0.429396 -1.06584 0.32975
0.438732 -1.06196 0.32975
0.448 -1.047 0.32975
0.457215 -1.05596 0.32975
0.466447 -1.05684 0.32975
0.475015 -1.03165 0.32975
0.48447 -1.04436 0.32975
0.494367 -1.06199 0.32975
0.503947 -1.06753 0.32975
0.511674 -1.04105 0.32975
0.521453 -1.05043 0.32975
0.530068 -1.04278 0.32975
0.539078 -1.04102 0.32975
0.54768 -1.03521 0.32975
0.559427 -1.06016 0.32975
0.569693 -1.06809 0.32975
0.575475 -1.0382 0.32975
0.585314 -1.043 0.32975
0.593714 -1.03681 0.32975
0.605269 -1.05231 0.32975
0.617731 -1.07164 0.32975
0.623446 -1.04842 0.32975
0.632762 -1.04784 0.32975
0.640441 -1.03832 0.32975
0.650448 -1.04151 0.32975
0.657735 -1.03088 0.32975
0.670258 -1.04564 0.32975
0.678941 -1.04171 0.32975
0.693197 -1.06206 0.32975
0.698253 -1.04238 0.32975
0.710243 -1.0518 0.32975
0.712401 -1.02236 0.32975
0.724936 -1.03354 0.32975
0.731807 -1.02338 0.32975
0.747894 -1.04585 0.32975
0.759565 -1.05183 0.32975
0.764638 -1.03568 0.32975
0.779679 -1.05195 0.32975
0.793481 -1.06328 0.32975
0.810679 -1.08393 0.32975
0.813939 -1.06276 0.32975
0.824868 -1.06424 0.32975
0.835851 -1.06561 0.32975
0.848287 -1.07062 0.32975
0.864065 -1.08389 0.32975
0.874241 -1.08208 0.32975
0.886664 -1.08573 0.32975
0.892295 -1.07262 0.32975
0.909453 -1.08712 0.32975
0.911745 -1.06654 0.32975
0.928356 -1.0789 0.32975
0.9419 -1.08376 0.32975
0.951761 -1.08032 0.32975
0.965905 -1.08581 0.32975
0.975361 -1.08125 0.32975
0.991023 -1.08914 0.32975
1.00096 -1.08525 0.32975
1.01364 -1.08659 0.32975
1.02592 -1.08691 0.32975
1.03061 -1.07304 0.32975
1.04189 -1.07141 0.32975
1.0591 -1.08011 0.32975
1.0735 -1.0834 0.32975
1.09308 -1.09513 0.32975
1.10261 -1.08946 0.32975
1.11366 -1.08626 0.32975
1.12577 -1.08465 0.32975
1.14327 -1.09135 0.32975
1.16148 -1.09866 0.32975
1.17104 -1.09239 0.32975
1.17551 -1.07858 0.32975
1.19622 -1.08867 0.32975
1.19996 -1.07391 0.32975
1.22788 -1.09336 0.32975
1.2374 -1.08651 0.32975
1.24328 -1.07476 0.32975
1.27128 -1.09253 0.32975
1.28139 -1.0861 0.32975
1.30315 -1.09455 0.32975
1.31392 -1.08861 0.32975
1.32716 -1.08567 0.32975
1.34869 -1.09262 0.32975
1.3704 -1.09927 0.32975
1.37346 -1.08358 0.32975
1.39666 -1.09131 0.32975
1.40549 -1.08224 0.32975
1.42359 -1.08351 0.32975
1.45058 -1.09412 0.32975
1.47168 -1.09776 0.32975
1.49568 -1.10402 0.32975
1.51013 -1.09987 0.32975
1.51198 -1.08271 0.32975
1.53624 -1.08824 0.32975
1.56281 -1.09552 0.32975
1.59031 -1.10312 0.32975
1.59989 -1.09311 0.32975
1.62182 -1.09461 0.32975
1.62175 -1.07554 0.32975
1.62886 -1.06325 0.32975
1.64633 -1.06019 0.32975
1.66535 -1.05822 0.32975
1.68442 -1.056 0.32975
1.72883 -1.07474 0.32975
1.74587 -1.06988 0.32975
1.7707 -1.0711 0.32975
1.78235 -1.06139 0.32975
1.80811 -1.06263 0.32975
1.84748 -1.07386 0.32975
1.86718 -1.06943 0.32975
1.89092 -1.06771 0.32975
1.92446 -1.07271 0.32975
1.94272 -1.06617 0.32975
1.9921 -1.08119 0.32975
2.00148 -1.06768 0.32975
2.03892 -1.07309 0.32975
2.0649 -1.07021 0.32975
2.11192 -1.08056 0.32975
2.13563 -1.07514 0.32975
2.16445 -1.07256 0.32975
2.19847 -1.07269 0.32975
2.24034 -1.07694 0.32975
2.27724 -1.0775 0.32975
2.33507 -1.0895 0.32975
2.37062 -1.08776 0.32975
2.39928 -1.08161 0.32975
2.4227 -1.07218 0.32975
2.52381 -1.10373 0.32975
2.60432 -1.12251 0.32975
2.65146 -1.12272 0.32975
2.70144 -1.12353 0.32975
2.74532 -1.12048 0.32975
2.80555 -1.12449 0.32975
2.86512 -1.12712 0.32975
2.91036 -1.12216 0.32975
2.97578 -1.12544 0.32975
3.03594 -1.12527 0.32975
3.09905 -1.12531 0.32975
3.17437 -1.1293 0.32975
3.24624 -1.13056 0.32975
3.33881 -1.13872 0.32975
3.34677 -1.11273 0.32975
3.38634 -1.0986 0.32975
3.47475 -1.10165 0.32975
3.54363 -1.09622 0.32975
3.62211 -1.09293 0.32975
3.74058 -1.10168 0.32975
3.83186 -1.09948 0.32975
3.94147 -1.10149 0.32975
4.05518 -1.10283 0.32975
4.2152 -1.1159 0.32975
4.34111 -1.11633 0.32975
4.47212 -1.11599 0.32975
4.60051 -1.11266 0.32975
4.78821 -1.12245 0.32975
4.95793 -1.12445 0.32975
5.15816 -1.13081 0.32975
5.35103 -1.13195 0.32975
5.55793 -1.13284 0.32975
5.78771 -1.13499 0.32975
6.04141 -1.13799 0.32975
6.25432 -1.12864 0.32975
0.45095 -0.000546706 0.32975
7.19984 -1.19053 0.32975
7.40822 -1.16474 0.32975
7.77368 -1.16027 0.32975
8.26123 -1.1677 0.32975
8.81576 -1.17601 0.32975
9.41859 -1.181 0.32975
10.1085 -1.18615 0.32975
11.2193 -1.22724 0.32975
12.0332 -1.21765 0.32975
13.2956 -1.23708 0.32975
14.7494 -1.25121 0.32975
16.7745 -1.28493 0.32975
19.1164 -1.30542 0.32975
0.448 0 0.32975
31.5913 -1.63215 0.32975
31.6543 -1.36249 0.32975
31.668 -1.09023 0.32975
31.6513 -0.81709 0.32975
31.6872 -0.545287 0.32975
31.6718 -0.272485 0.32975
31.666 0 0.32975
31.6768 0.272528 0.32975
31.6752 0.54507 0.32975
31.6853 0.81798 0.32975
31.611 1.08824 0.32975
0.448 0 0.32975
20.7591 1.06446 0.32975
19.4225 1.16053 0.32975
17.1702 1.16933 0.32975
15.637 1.1954 0.32975
14.3828 1.21913 0.32975
13.2587 1.23353 0.32975
12.2699 1.24253 0.32975
11.4588 1.25452 0.32975
10.7338 1.26293 0.32975
10.1215 1.27354 0.32975
9.84366 1.32047 0.32975
8.95354 1.27116 0.32975
8.63199 1.29622 0.32975
8.21894 1.30041 0.32975
7.84883 1.30497 0.32975
7.55988 1.31811 0.32975
7.2438 1.32097 0.32975
6.99978 1.33297 0.32975
6.67489 1.32357 0.32975
6.43758 1.32786 0.32975
6.2153 1.33148 0.32975
6.03038 1.34021 0.32975
5.86128 1.34968 0.32975
5.80282 1.38485 0.32975
5.55292 1.36786 0.32975
5.38082 1.36799 0.32975
5.22739 1.37047 0.32975
4.96308 1.33743 0.32975
4.86135 1.3493 0.32975
4.73877 1.35288 0.32975
4.61648 1.35442 0.32975
4.4907 1.35267 0.32975
4.38514 1.35567 0.32975
4.28644 1.35926 0.32975
4.19643 1.36432 0.32975
4.0954 1.36371 0.32975
3.99 1.35965 0.32975
3.90264 1.36082 0.32975
3.82388 1.36394 0.32975
3.74717 1.36656 0.32975
3.65596 1.3617 0.32975
3.58985 1.36611 0.32975
3.51569 1.36582 0.32975
3.44632 1.36641 0.32975
3.37991 1.36717 0.32975
3.31551 1.36773 0.32975
3.25224 1.36772 0.32975
3.19724 1.37072 0.32975
3.13884 1.37105 0.32975
3.07976 1.37001 0.32975
3.02003 1.36757 0.32975
2.96405 1.36611 0.32975
2.92142 1.37104 0.32975
2.88326 1.3778 0.32975
2.83736 1.3795 0.32975
2.77268 1.36934 0.32975
2.72549 1.36846 0.32975
2.68959 1.37365 0.32975
2.65123 1.37673 0.32975
2.60371 1.37334 0.32975
2.56061 1.37195 0.32975
2.5152 1.36825 0.32975
2.49821 1.38288 0.32975
2.45227 1.3775 0.32975
2.40905 1.37314 0.32975
2.36931 1.37046 0.32975
2.34272 1.37659 0.32975
2.30411 1.37345 0.32975
2.27448 1.37635 0.32975
2.24177 1.37641 0.32975
2.20684 1.37416 0.32975
2.18148 1.37887 0.32975
2.14684 1.37569 0.32975
2.10699 1.36757 0.32975
2.07891 1.36849 0.32975
2.05246 1.37034 0.32975
2.03515 1.37969 0.32975
2.00882 1.3809 0.32975
1.97368 1.37372 0.32975
1.9491 1.3755 0.32975
1.90559 1.35922 0.32975
1.89585 1.37396 0.32975
1.87733 1.38029 0.32975
1.85096 1.37869 0.32975
1.83746 1.38946 0.32975
1.8386 1.41509 0.32975
1.80884 1.40919 0.32975
1.78547 1.4094 0.32975
1.76085 1.40786 0.32975
1.73365 1.40304 0.32975
1.716 1.40826 0.32975
1.68776 1.4013 0.32975
1.67155 1.40753 0.32975
1.63649 1.39154 0.32975
1.63651 1.41642 0.32975
1.60312 1.40127 0.32975
1.57889 1.39653 0.32975
1.56666 1.40635 0.32975
1.53464 1.39084 0.32975
1.5316 1.41217 0.32975
1.50419 1.40161 0.32975
1.47823 1.39228 0.32975
1.46546 1.40041 0.32975
1.44623 1.39946 0.32975
1.43168 1.40485 0.32975
1.41486 1.40678 0.32975
1.39639 1.40605 0.32975
1.3747 1.40009 0.32975
1.36245 1.40813 0.32975
1.34314 1.40509 0.32975
1.32396 1.40182 0.32975
1.30751 1.40259 0.32975
1.29112 1.40318 0.32975
1.26869 1.39325 0.32975
1.249 1.38737 0.32975
1.24129 1.40214 0.32975
1.2203 1.39327 0.32975
1.2105 1.40435 0.32975
1.19962 1.4136 0.32975
1.17341 1.39349 0.32975
1.16667 1.41046 0.32975
1.15032 1.40863 0.32975
1.13887 1.4165 0.32975
1.12003 1.40894 0.32975
1.10348 1.40568 0.32975
1.0858 1.39952 0.32975
1.07071 1.39864 0.32975
1.05769 1.40218 0.32975
1.0423 1.40009 0.32975
1.02547 1.39413 0.32975
1.01478 1.40283 0.32975
0.991888 1.38074 0.32975
0.973726 1.36956 0.32975
0.965256 1.38346 0.32975
0.949402 1.37759 0.32975
0.930017 1.36117 0.32975
0.915842 1.35871 0.32975
0.908409 1.37602 0.32975
0.903182 1.40091 0.32975
0.887632 1.39433 0.32975
0.873693 1.39238 0.32975
0.856414 1.37878 0.32975
0.847398 1.39287 0.32975
0.834159 1.39245 0.32975
0.820699 1.39093 0.32975
0.81055 1.40188 0.32975
0.797819 1.40305 0.32975
0.786029 1.40799 0.32975
0.775079 1.41673 0.32975
0.758158 1.39903 0.32975
0.744898 1.39679 0.32975
0.730903 1.39051 0.32975
0.720094 1.3998 0.32975
0.704952 1.38639 0.32975
0.69267 1.38759 0.32975
0.681377 1.39461 0.32975
0.671389 1.41042 0.32975
0.657298 1.40045 0.32975
0.645765 1.40717 0.32975
0.632564 1.4019 0.32975
0.62008 1.40148 0.32975
0.607617 1.40094 0.32975
0.59549 1.40327 0.32975
0.582088 1.39256 0.32975
0.570367 1.39866 0.32975
0.559412 1.41562 0.32975
0.544892 1.38562 0.32975
0.533407 1.39639 0.32975
0.522212 1.41606 0.32975
0.509503 1.40866 0.32975
0.496859 1.39915 0.32975
0.484831 1.40652 0.32975
0.472311 1.39279 0.32975
0.460304 1.40995 0.32975
0.448 1.41 0.32975
0.4358 1.39795 0.32975
0.423671 1.39379 0.32975
0.411352 1.39952 0.32975
0.399176 1.39815 0.32975
0.38654 1.40766 0.32975
0.374102 1.41006 0.32975
0.361555 1.41336 0.32975
0.349016 1.41554 0.32975
0.338314 1.39369 0.32975
0.32572 1.39766 0.32975
0.311036 1.42242 0.32975
0.300406 1.40426 0.32975
0.28827 1.40193 0.32975
0.276896 1.39353 0.32975
0.263828 1.39893 0.32975
0.250792 1.40321 0.32975
0.238407 1.40242 0.32975
0.223986 1.41437 0.32975
0.211652 1.41236 0.32975
0.201072 1.4004 0.32975
0.187403 1.40605 0.32975
0.171327 1.42336 0.32975
0.159714 1.41697 0.32975
0.150894 1.39777 0.32975
0.13676 1.40391 0.32975
0.124071 1.40309 0.32975
0.111606 1.40119 0.32975
0.0957621 1.41275 0.32975
0.0859503 1.39994 0.32975
0.0714181 1.40542 0.32975
0.0551595 1.41654 0.32975
0.0441913 1.40825 0.32975
0.0324856 1.40275 0.32975
0.0155824 1.41437 0.32975
-5.14526e-05 1.42104 0.32975
-0.0155252 1.42658 0.32975
-0.0225625 1.40636 0.32975
-0.0370968 1.40882 0.32975
-0.0520429 1.41208 0.32975
-0.0718708 1.42833 0.32975
-0.0836148 1.42187 0.32975
-0.090627 1.40317 0.32975
-0.109448 1.41517 0.32975
-0.128894 1.42786 0.32975
-0.140567 1.42093 0.32975
-0.154116 1.4185 0.32975
-0.170459 1.42236 0.32975
-0.189763 1.43244 0.32975
-0.198922 1.41954 0.32975
-0.210439 1.41203 0.32975
-0.224458 1.40984 0.32975
-0.235859 1.40212 0.32975
-0.255654 1.41131 0.32975
-0.274299 1.41759 0.32975
-0.293106 1.42365 0.32975
-0.312544 1.43038 0.32975
-0.322611 1.41929 0.32975
-0.32818 1.40027 0.32975
-0.357605 1.4239 0.32975
-0.369 1.41509 0.32975
-0.381825 1.40876 0.32975
-0.400783 1.41261 0.32975
-0.417257 1.41197 0.32975
-0.435905 1.41454 0.32975
-0.451439 1.41184 0.32975
-0.472984 1.41819 0.32975
-0.492501 1.42094 0.32975
-0.513253 1.42512 0.32975
-0.523387 1.41338 0.32975
-0.539125 1.40976 0.32975
-0.558939 1.41168 0.32975
-0.588853 1.42711 0.32975
-0.604241 1.42202 0.32975
-0.619018 1.41598 0.32975
-0.633769 1.40979 0.32975
-0.657728 1.41527 0.32975
-0.677507 1.41496 0.32975
-0.692329 1.40819 0.32975
-0.725564 1.42365 0.32975
-0.748228 1.42561 0.32975
-0.768416 1.42424 0.32975
-0.794576 1.42942 0.32975
-0.802364 1.41328 0.32975
-0.839407 1.42981 0.32975
-0.864671 1.43253 0.32975
-0.87644 1.42029 0.32975
-0.901864 1.42246 0.32975
-0.921866 1.41854 0.32975
-0.944707 1.41723 0.32975
-0.971163 1.41916 0.32975
