-13.639 -14.087 0.32975
-13.5134 -14.2072 0.32975
-13.4049 -14.3451 0.32975
-13.273 -14.4589 0.32975
-13.1401 -14.5715 0.32975
-13.0287 -14.7072 0.32975
-9.19283 -10.7072 0.32975
-9.20704 -10.913 0.32975
-9.55099 -11.5025 0.32975
-9.44374 -11.5817 0.32975
-7.5907 -9.58015 0.32975
-7.07299 -9.12369 0.32975
-6.63563 -8.74755 0.32975
-6.55218 -8.80043 0.32975
-6.47511 -8.86118 0.32975
-6.40118 -8.92602 0.32975
-6.3152 -8.97507 0.32975
0.448 0 0.32975
-5.24646 -7.83776 0.32975
-4.82653 -7.39461 0.32975
-4.58571 -7.18888 0.32975
-4.34493 -6.97376 0.32975
-3.94055 -6.50629 0.32975
-3.83889 -6.47679 0.32975
-3.68527 -6.36467 0.32975
-3.49417 -6.18796 0.32975
-3.09027 -5.66242 0.32975
-3.01146 -5.64533 0.32975
-2.93734 -5.63416 0.32975
-1.68315 -3.61798 0.32975
-1.6 -3.54724 0.32975
-1.49757 -3.43878 0.32975
-1.39137 -3.31831 0.32975
-1.30604 -3.23053 0.32975
-1.25994 -3.21216 0.32975
-1.23277 -3.22872 0.32975
-1.2077 -3.2495 0.32975
-1.18196 -3.2692 0.32975
-1.15819 -3.29318 0.32975
-1.13499 -3.31881 0.32975
-1.10935 -3.33974 0.32975
-1.08636 -3.36686 0.32975
-1.0614 -3.39017 0.32975
-1.03216 -3.40413 0.32975
-1.01138 -3.43809 0.32975
-0.985149 -3.45993 0.32975
-0.959397 -3.48343 0.32975
-0.935542 -3.51233 0.32975
-0.903764 -3.52147 0.32975
-0.877185 -3.54437 0.32975
-0.860569 -3.59526 0.32975
-0.833485 -3.6188 0.32975
-0.910921 -3.94659 0.32975
-0.91292 -4.06736 0.32975
-0.885408 -4.10381 0.32975
-0.858567 -4.1439 0.32975
-0.825864 -4.16662 0.32975
-0.790591 -4.18141 0.32975
-0.764804 -4.22955 0.32975
-0.733996 -4.26214 0.32975
-0.702451 -4.29354 0.32975
-0.667192 -4.31213 0.32975
-0.634117 -4.34013 0.32975
-0.603438 -4.37955 0.32975
-0.568329 -4.4022 0.32975
-0.537017 -4.44312 0.32975
-0.501948 -4.46916 0.32975
-0.470089 -4.51255 0.32975
-0.43182 -4.52628 0.32975
-0.398667 -4.5682 0.32975
-0.363111 -4.60004 0.32975
-0.327228 -4.63258 0.32975
-0.291622 -4.66979 0.32975
-0.255721 -4.7087 0.32975
-0.218361 -4.7414 0.32975
-0.180484 -4.77381 0.32975
-0.144163 -4.82278 0.32975
-0.106583 -4.86751 0.32975
-0.0653395 -4.8841 0.32975
-0.0259577 -4.92223 0.32975
0.0139643 -4.96105 0.32975
0.0536648 -5.01051 0.32975
0.0952415 -5.04468 0.32975
0.136835 -5.08749 0.32975
0.179412 -5.12497 0.32975
0.222967 -5.15409 0.32975
0.26593 -5.21382 0.32975
0.310519 -5.2502 0.32975
0.355764 -5.28419 0.32975
0.4014 -5.3398 0.32975
0.448 -5.376 0.32975
0.495237 -5.41279 0.32975
0.543552 -5.47417 0.32975
0.482841 -1.33054 0.32975
0.49473 -1.33818 0.32975
0.504225 -1.28777 0.32975
0.513943 -1.25827 0.32975
0.522113 -1.21174 0.32975
0.531847 -1.19907 0.32975
0.540346 -1.17337 0.32975
0.548142 -1.14463 0.32975
0.55621 -1.1238 0.32975
0.561831 -1.08303 0.32975
0.570259 -1.07306 0.32975
0.576572 -1.04714 0.32975
0.5844 -1.03606 0.32975
0.589122 -1.00413 0.32975
0.598174 -1.00484 0.32975
0.603183 -0.979787 0.32975
0.605785 -0.942889 0.32975
0.61505 -0.947385 0.32975
0.618572 -0.920327 0.32975
0.62488 -0.909968 0.32975
0.628827 -0.888792 0.32975
0.633665 -0.873486 0.32975
0.638467 -0.85914 0.32975
0.640108 -0.832112 0.32975
0.645728 -0.823597 0.32975
0.648795 -0.805345 0.32975
0.657067 -0.808403 0.32975
0.659973 -0.791093 0.32975
0.663394 -0.776686 0.32975
0.665478 -0.758435 0.32975
0.668112 -0.743085 0.32975
0.672541 -0.734442 0.32975
0.675334 -0.72101 0.32975
0.68069 -0.716146 0.32975
0.684709 -0.707449 0.32975
0.685665 -0.690229 0.32975
0.690344 -0.684358 0.32975
0.692544 -0.67188 0.32975
0.692095 -0.652861 0.32975
0.69384 -0.640436 0.32975
0.701619 -0.643849 0.32975
0.703856 -0.633267 0.32975
0.705929 -0.622695 0.32975
0.706664 -0.609374 0.32975
0.709579 -0.601591 0.32975
0.712379 -0.593805 0.32975
0.715892 -0.587835 0.32975
0.71594 -0.574599 0.32975
0.718791 -0.567726 0.32975
0.724174 -0.56624 0.32975
0.72732 -0.560229 0.32975
0.721756 -0.537277 0.32975
0.735208 -0.551721 0.32975
0.736256 -0.54213 0.32975
0.742407 -0.54223 0.32975
0.740825 -0.52827 0.32975
0.748378 -0.530917 0.32975
0.745 -0.514419 0.32975
0.74897 -0.510946 0.32975
0.751357 -0.504872 0.32975
0.751049 -0.494531 0.32975
0.755883 -0.492716 0.32975
0.758022 -0.486637 0.32975
0.776962 -0.506557 0.32975
0.785785 -0.510338 0.32975
0.792463 -0.510687 0.32975
0.847883 -0.581833 0.32975
0.961351 -0.733141 0.32975
1.03393 -0.821443 0.32975
1.03226 -0.804163 0.32975
0.989883 -0.732314 0.32975
0.8789 -0.571823 0.32975
0.827867 -0.495053 0.32975
0.83402 -0.494083 0.32975
0.835827 -0.487565 0.32975
0.843213 -0.488048 0.32975
0.847457 -0.48458 0.32975
0.853599 -0.483374 0.32975
0.856503 -0.478295 0.32975
0.863941 -0.478486 0.32975
0.861475 -0.467348 0.32975
0.860854 -0.45852 0.32975
0.855381 -0.444578 0.32975
0.863337 -0.445394 0.32975
0.856194 -0.430147 0.32975
0.873131 -0.440236 0.32975
0.871349 -0.430803 0.32975
0.880042 -0.432042 0.32975
0.916606 -0.460497 0.32975
0.933554 -0.468894 0.32975
0.940529 -0.467393 0.32975
0.933619 -0.452847 0.32975
0.931654 -0.443187 0.32975
0.94665 -0.448987 0.32975
0.953545 -0.447269 0.32975
0.958184 -0.443496 0.32975
0.95367 -0.431883 0.32975
0.958952 -0.428739 0.32975
0.968075 -0.428717 0.32975
0.968688 -0.421645 0.32975
0.979391 -0.422687 0.32975
0.975967 -0.412493 0.32975
0.97796 -0.406653 0.32975
0.984683 -0.40442 0.32975
0.984976 -0.397342 0.32975
0.998941 -0.400282 0.32975
0.999156 -0.393136 0.32975
1.00257 -0.388311 0.32975
1.0117 -0.387422 0.32975
1.0134 -0.38137 0.32975
1.02505 -0.38194 0.32975
1.02333 -0.373622 0.32975
1.03331 -0.372886 0.32975
1.03485 -0.366704 0.32975
1.03803 -0.361569 0.32975
1.11402 -0.400185 0.32975
1.28292 -0.491805 0.32975
1.30883 -0.497 0.32975
1.31923 -0.492916 0.32975
1.33486 -0.491597 0.32975
1.33736 -0.482885 0.32975
1.34243 -0.475575 0.32975
1.35364 -0.471445 0.32975
1.36306 -0.466248 0.32975
1.40558 -0.477432 0.32975
1.40881 -0.468619 0.32975
1.40655 -0.457203 0.32975
1.40687 -0.44713 0.32975
1.42257 -0.444136 0.32975
1.43372 -0.438869 0.32975
1.44301 -0.432643 0.32975
1.43478 -0.418864 0.32975
1.4541 -0.416742 0.32975
1.46048 -0.40907 0.32975
1.46495 -0.400586 0.32975
1.46467 -0.390263 0.32975
1.48302 -0.386979 0.32975
1.48918 -0.378958 0.32975
1.48019 -0.365519 0.32975
1.4824 -0.356172 0.32975
1.51297 -0.356333 0.32975
1.50272 -0.3427 0.32975
1.5257 -0.339797 0.32975
1.52384 -0.328918 0.32975
1.5516 -0.326902 0.32975
1.53999 -0.313124 0.32975
1.55714 -0.307592 0.32975
1.56268 -0.298677 0.32975
1.56621 -0.289189 0.32975
1.57936 -0.282081 0.32975
1.59053 -0.274298 0.32975
1.59678 -0.265217 0.32975
1.60784 -0.25713 0.32975
1.61297 -0.247623 0.32975
1.62293 -0.239042 0.32975
1.62595 -0.228971 0.32975
1.64462 -0.221781 0.32975
1.63371 -0.209072 0.32975
1.64634 -0.200533 0.32975
1.66483 -0.192727 0.32975
1.67735 -0.183727 0.32975
1.69178 -0.174801 0.32975
1.67838 -0.161983 0.32975
1.70456 -0.154287 0.32975
1.7148 -0.144334 0.32975
1.71204 -0.132856 0.32975
1.73803 -0.124216 0.32975
1.74903 -0.113825 0.32975
1.74997 -0.102468 0.32975
1.76778 -0.0922879 0.32975
1.77552 -0.0811947 0.32975
1.79415 -0.0705488 0.32975
1.79672 -0.0588862 0.32975
1.79718 -0.0471144 0.32975
1.81153 -0.0357055 0.32975
1.84979 -0.0244685 0.32975
1.84695 -0.0122084 0.32975
1.859 0 0.32975
1.86395 0.0123567 0.32975
1.89178 0.0252011 0.32975
1.88551 0.0376426 0.32975
1.88812 0.0502902 0.32975
1.90861 0.0637715 0.32975
1.94195 0.0782945 0.32975
1.94221 0.0913895 0.32975
1.9643 0.10603 0.32975
1.97727 0.120356 0.32975
1.95923 0.132215 0.32975
1.96697 0.146261 0.32975
1.97161 0.160137 0.32975
1.99102 0.175805 0.32975
1.98843 0.189141 0.32975
2.02142 0.207145 0.32975
2.04035 0.22379 0.32975
2.02845 0.236199 0.32975
2.05793 0.254988 0.32975
2.06649 0.270843 0.32975
2.08278 0.288256 0.32975
2.09889 0.305973 0.32975
2.13149 0.327237 0.32975
2.14621 0.345505 0.32975
2.17541 0.367172 0.32975
2.18093 0.38418 0.32975
2.19699 0.403787 0.32975
2.21285 0.423703 0.32975
2.24305 0.447556 0.32975
2.25069 0.466208 0.32975
2.29292 0.494344 0.32975
2.29335 0.511761 0.32975
2.32631 0.538596 0.32975
2.35413 0.564623 0.32975
2.39121 0.594099 0.32975
2.4098 0.618552 0.32975
2.42525 0.642446 0.32975
2.44612 0.668561 0.32975
2.48181 0.700297 0.32975
2.49636 0.725362 0.32975
2.53412 0.759285 0.32975
2.57144 0.79392 0.32975
2.59617 0.824605 0.32975
2.6382 0.862744 0.32975
2.67231 0.898681 0.32975
2.71982 0.941018 0.32975
2.7511 0.977609 0.32975
2.77733 1.01282 0.32975
2.82596 1.05874 0.32975
2.85212 1.09562 0.32975
2.89322 1.14022 0.32975
2.93914 1.18821 0.32975
2.99428 1.24191 0.32975
3.03883 1.29174 0.32975
3.09874 1.35062 0.32975
3.13742 1.40002 0.32975
3.19132 1.45865 0.32975
3.25406 1.52357 0.32975
3.33862 1.6023 0.32975
3.39328 1.66636 0.32975
3.4635 1.741 0.32975
3.54039 1.82156 0.32975
3.6178 1.90461 0.32975
3.70082 1.99333 0.32975
3.79101 2.08894 0.32975
3.87554 2.18359 0.32975
3.98216 2.29511 0.32975
4.09708 2.41528 0.32975
4.22924 2.55048 0.32975
4.35518 2.68533 0.32975
4.49215 2.83175 0.32975
4.64802 2.99585 0.32975
4.82235 3.17815 0.32975
5.00587 3.37265 0.32975
5.19509 3.57719 0.32975
5.40646 3.80476 0.32975
5.63863 4.05536 0.32975
5.98495 4.40429 0.32975
6.39161 4.81304 0.32975
6.621 5.08863 0.32975
6.95248 5.45791 0.32975
7.58821 6.09832 0.32975
8.02981 6.59077 0.32975
8.66854 7.27292 0.32975
9.49505 8.14599 0.32975
10.5458 9.25288 0.32975
11.7269 10.5178 0.32975
13.2472 12.146 0.32975
0.448 0 0.32975
11.0547 10.4232 0.32975
10.9415 10.4935 0.32975
10.8383 10.5732 0.32975
10.8054 10.7254 0.32975
10.7251 10.8298 0.32975
26.1552 27.5676 0.32975
25.9029 27.7791 0.32975
25.6528 27.9928 0.32975
25.3831 28.184 0.32975
25.1152 28.3763 0.32975
0.448 0 0.32975
0.448 0 0.32975
14.0652 16.5189 0.32975
12.7367 15.1753 0.32975
11.2754 13.6119 0.32975
10.0634 12.3072 0.32975
9.24399 11.4632 0.32975
8.62245 10.8479 0.32975
7.77979 9.90834 0.32975
7.40679 9.57795 0.32975
6.68359 8.74197 0.32975
6.25317 8.29064 0.32975
5.84075 7.84651 0.32975
5.5031 7.4945 0.32975
5.17534 7.14223 0.32975
4.90696 6.8662 0.32975
4.6975 6.67038 0.32975
4.53103 6.53421 0.32975
4.12639 6.00259 0.32975
3.98065 5.87931 0.32975
3.79978 5.6902 0.32975
3.6305 5.51225 0.32975
3.47542 5.35095 0.32975
3.32631 5.19262 0.32975
3.18975 5.04968 0.32975
3.06108 4.91449 0.32975
2.94329 4.79341 0.32975
2.826 4.66709 0.32975
2.71915 4.55522 0.32975
2.61531 4.44364 0.32975
2.51876 4.34144 0.32975
2.42289 4.23518 0.32975
2.33071 4.13122 0.32975
2.25554 4.0598 0.32975
2.17817 3.97912 0.32975
2.09571 3.88177 0.32975
2.02963 3.81839 0.32975
1.95991 3.74211 0.32975
1.92683 3.75423 0.32975
1.90835 3.80434 0.32975
1.8772 3.82256 0.32975
1.83694 3.81609 0.32975
1.81327 3.8554 0.32975
1.78413 3.88041 0.32975
1.75466 3.9052 0.32975
1.72826 3.94023 0.32975
1.69803 3.9646 0.32975
1.66894 3.99353 0.32975
1.45228 3.39039 0.32975
1.31929 3.03855 0.32975
1.28339 3.01231 0.32975
1.24465 2.97312 0.32975
1.20665 2.93349 0.32975
1.17231 2.90507 0.32975
1.13643 2.86752 0.32975
1.10036 2.82567 0.32975
1.0681 2.79709 0.32975
1.03306 2.75251 0.32975
1.00165 2.72125 0.32975
0.969481 2.68279 0.32975
0.939489 2.65184 0.32975
0.913377 2.63928 0.32975
0.884221 2.60675 0.32975
0.856607 2.57984 0.32975
0.826096 2.5299 0.32975
0.799134 2.49845 0.32975
0.773271 2.47068 0.32975
0.75048 2.4635 0.32975
0.723537 2.41835 0.32975
0.698346 2.38188 0.32975
0.674867 2.3561 0.32975
0.653513 2.34903 0.32975
0.630104 2.31385 0.32975
0.60844 2.2944 0.32975
0.587313 2.27774 0.32975
0.565651 2.24492 0.32975
0.54501 2.22188 0.32975
0.52464 2.19466 0.32975
0.505327 2.18925 0.32975
0.485819 2.16667 0.32975
0.466858 2.16092 0.32975
0.448 2.126 0.32975
0.429509 2.11892 0.32975
0.411681 2.08068 0.32975
0.394337 2.0493 0.32975
0.376631 2.04375 0.32975
0.359104 2.03606 0.32975
0.342805 2.00725 0.32975
0.325781 1.99827 0.32975
0.309533 1.98016 0.32975
0.293278 1.96592 0.32975
0.278656 1.93561 0.32975
0.261867 1.93306 0.32975
0.245946 1.92241 0.32975
0.232687 1.88977 0.32975
0.217667 1.87591 0.32975
0.203003 1.86094 0.32975
0.189138 1.8419 0.32975
0.174701 1.82869 0.32975
0.159066 1.82426 0.32975
0.143487 1.8197 0.32975
0.132481 1.7894 0.32975
0.117971 1.78067 0.32975
0.105879 1.76006 0.32975
0.090334 1.75798 0.32975
0.0777094 1.74208 0.32975
0.0603568 1.74855 0.32975
0.0516365 1.71684 0.32975
0.0418054 1.69192 0.32975
0.0275402 1.68637 0.32975
0.0148423 1.6749 0.32975
0.00231339 1.66332 0.32975
-0.0124518 1.66034 0.32975
-0.0247181 1.64856 0.32975
-0.0299977 1.61369 0.32975
-0.0466928 1.61807 0.32975
-0.0592905 1.60892 0.32975
-0.0692942 1.59207 0.32975
-0.075235 1.56379 0.32975
-0.0937457 1.57334 0.32975
-0.100779 1.5497 0.32975
-0.110861 1.53546 0.32975
-0.121787 1.52397 0.32975
-0.134706 1.518 0.32975
-0.147931 1.51286 0.32975
-0.158113 1.50018 0.32975
-0.170799 1.49391 0.32975
-0.172871 1.46268 0.32975
-0.187207 1.46088 0.32975
-0.197085 1.44888 0.32975
-0.211777 1.44775 0.32975
-0.21382 1.41928 0.32975
-0.230055 1.42157 0.32975
-0.238928 1.40841 0.32975
-0.245837 1.39162 0.32975
-0.254777 1.37928 0.32975
-0.264478 1.36866 0.32975
-0.275925 1.36151 0.32975
-0.292073 1.36305 0.32975
-0.295213 1.34079 0.32975
-0.310825 1.34122 0.32975
-0.3265 1.34147 0.32975
-0.327519 1.31657 0.32975
-0.336918 1.30632 0.32975
-0.347765 1.29857 0.32975
-0.350588 1.27801 0.32975
-0.36171 1.27099 0.32975
-0.370047 1.25968 0.32975
-0.379906 1.25083 0.32975
-0.396941 1.25268 0.32975
-0.397078 1.2296 0.32975
-0.406629 1.22054 0.32975
-0.420732 1.21792 0.32975
-0.436617 1.21757 0.32975
-0.453751 1.21865 0.32975
-0.448102 1.18917 0.32975
-0.454793 1.17654 0.32975
-0.458869 1.16074 0.32975
-0.469587 1.15356 0.32975
-0.490317 1.15872 0.32975
-0.485127 1.13197 0.32975
-0.367698 0.97211 0.32975
-0.315751 0.894237 0.32975
-0.327462 0.892067 0.32975
-0.336542 0.886764 0.32975
-0.335552 0.870223 0.32975
-0.340414 0.860403 0.32975
-0.34039 0.845445 0.32975
-0.34705 0.837807 0.32975
-0.362666 0.839469 0.32975
-0.370662 0.833076 0.32975
-0.363051 0.811051 0.32975
