-3.0741 -3.5221 0.32975
-3.06636 -3.57624 0.32975
-3.06072 -3.63338 0.32975
-3.04471 -3.68055 0.32975
-3.0411 -3.74161 0.32975
-3.04413 -3.81099 0.32975
-3.03817 -3.87178 0.32975
-3.03738 -3.93951 0.32975
-3.03305 -4.00449 0.32975
-3.03109 -4.07349 0.32975
-3.01791 -4.13051 0.32975
-3.0199 -4.2069 0.32975
-3.01893 -4.2813 0.32975
-3.01007 -4.34739 0.32975
-2.99293 -4.40419 0.32975
-0.284949 -0.955197 0.32975
-0.272974 -0.956765 0.32975
-0.246753 -0.938905 0.32975
-0.223251 -0.923897 0.32975
-0.209356 -0.921579 0.32975
-0.185228 -0.904344 0.32975
-0.168816 -0.897473 0.32975
-0.150336 -0.88707 0.32975
-0.133742 -0.878916 0.32975
-0.109166 -0.85796 0.32975
-0.0957472 -0.853512 0.32975
-0.0792697 -0.843808 0.32975
-0.0640485 -0.835587 0.32975
-0.0484966 -0.826309 0.32975
-0.0275634 -0.807346 0.32975
-0.0190001 -0.808868 0.32975
0.00580357 -0.781579 0.32975
0.00779294 -0.794155 0.32975
0.0328719 -0.764571 0.32975
0.0353345 -0.776111 0.32975
0.0532049 -0.758394 0.32975
0.0625622 -0.756465 0.32975
0.0731939 -0.751745 0.32975
0.0894124 -0.735214 0.32975
0.0958419 -0.738315 0.32975
0.106102 -0.733203 0.32975
0.119978 -0.719779 0.32975
0.128305 -0.718047 0.32975
0.139767 -0.708887 0.32975
0.146746 -0.709709 0.32975
0.158309 -0.699377 0.32975
0.17154 -0.684262 0.32975
0.178988 -0.682927 0.32975
0.191767 -0.66751 0.32975
0.199703 -0.664101 0.32975
0.201061 -0.678458 0.32975
0.213668 -0.661734 0.32975
0.218149 -0.667536 0.32975
0.226521 -0.66193 0.32975
0.235396 -0.654327 0.32975
0.243821 -0.647574 0.32975
0.249187 -0.650287 0.32975
0.25629 -0.647203 0.32975
0.26415 -0.641162 0.32975
0.270554 -0.639851 0.32975
0.277438 -0.636545 0.32975
0.287006 -0.622519 0.32975
0.293896 -0.618078 0.32975
0.299762 -0.617455 0.32975
0.306056 -0.614828 0.32975
0.31121 -0.617019 0.32975
0.317224 -0.615255 0.32975
0.326186 -0.598734 0.32975
0.331225 -0.600756 0.32975
0.337565 -0.595852 0.32975
0.342422 -0.598763 0.32975
0.349632 -0.587826 0.32975
0.356173 -0.579773 0.32975
0.360497 -0.585497 0.32975
0.366444 -0.580297 0.32975
0.374122 -0.561158 0.32975
0.377194 -0.576669 0.32975
0.384153 -0.560375 0.32975
0.38821 -0.568867 0.32975
0.39471 -0.55344 0.32975
0.398408 -0.566835 0.32975
0.404298 -0.555283 0.32975
0.409494 -0.550655 0.32975
0.414118 -0.553965 0.32975
0.418483 -0.563227 0.32975
0.423922 -0.551475 0.32975
0.42884 -0.548666 0.32975
0.433734 -0.544813 0.32975
0.438855 -0.52392 0.32975
0.44334 -0.53398 0.32975
0.448 -0.541 0.32975
0.452643 -0.53198 0.32975
0.45732 -0.533919 0.32975
0.461874 -0.529818 0.32975
0.466183 -0.520683 0.32975
0.470638 -0.518506 0.32975
0.474848 -0.512297 0.32975
0.479562 -0.516036 0.32975
0.484343 -0.519731 0.32975
0.491466 -0.552292 0.32975
0.496894 -0.558865 0.32975
0.508575 -0.62909 0.32975
0.529428 -0.774733 0.32975
0.538223 -0.791877 0.32975
0.531237 -0.677909 0.32975
0.525663 -0.58991 0.32975
0.529555 -0.580297 0.32975
0.532695 -0.566706 0.32975
0.538888 -0.573847 0.32975
0.543232 -0.569087 0.32975
0.546806 -0.560356 0.32975
0.554061 -0.572254 0.32975
0.557715 -0.564436 0.32975
0.563833 -0.569336 0.32975
0.567549 -0.562435 0.32975
0.575267 -0.574062 0.32975
0.578247 -0.56416 0.32975
0.581764 -0.557168 0.32975
0.586137 -0.554039 0.32975
0.587712 -0.540226 0.32975
0.597597 -0.558305 0.32975
0.599791 -0.547342 0.32975
0.605665 -0.549842 0.32975
0.606481 -0.535021 0.32975
0.625762 -0.581433 0.32975
0.638647 -0.604657 0.32975
0.647625 -0.614383 0.32975
0.650758 -0.605979 0.32975
0.656689 -0.606077 0.32975
0.663305 -0.608004 0.32975
0.673049 -0.618318 0.32975
0.673533 -0.603217 0.32975
0.677714 -0.598425 0.32975
0.687325 -0.607563 0.32975
0.696364 -0.614723 0.32975
0.697127 -0.601446 0.32975
0.703147 -0.60109 0.32975
0.713567 -0.610762 0.32975
0.715226 -0.600199 0.32975
0.721283 -0.599664 0.32975
0.734113 -0.61357 0.32975
0.739025 -0.610148 0.32975
0.739955 -0.598597 0.32975
0.746506 -0.598711 0.32975
0.758076 -0.608557 0.32975
0.762451 -0.604054 0.32975
0.774752 -0.614532 0.32975
0.77724 -0.606384 0.32975
0.914387 -0.841384 0.32975
0.968984 -0.920836 0.32975
0.9905 -0.939638 0.32975
0.993604 -0.926251 0.32975
1.00888 -0.933455 0.32975
1.01909 -0.931936 0.32975
1.02932 -0.930309 0.32975
1.0401 -0.929417 0.32975
1.05255 -0.930924 0.32975
1.06396 -0.930617 0.32975
1.06759 -0.918574 0.32975
1.07841 -0.917252 0.32975
1.09671 -0.926461 0.32975
1.11174 -0.930534 0.32975
1.12395 -0.93037 0.32975
1.13502 -0.928455 0.32975
1.14731 -0.928014 0.32975
1.15782 -0.92505 0.32975
1.17386 -0.929065 0.32975
1.18319 -0.92426 0.32975
1.19123 -0.917809 0.32975
1.20939 -0.923635 0.32975
1.22256 -0.923084 0.32975
1.23253 -0.91857 0.32975
1.25102 -0.923765 0.32975
1.26236 -0.920467 0.32975
1.27638 -0.920013 0.32975
1.29114 -0.920122 0.32975
1.30527 -0.919312 0.32975
1.32152 -0.9205 0.32975
1.33299 -0.916439 0.32975
1.34727 -0.9151 0.32975
1.36017 -0.912168 0.32975
1.37737 -0.913285 0.32975
1.38962 -0.909308 0.32975
1.40767 -0.910693 0.32975
1.42582 -0.911832 0.32975
1.43964 -0.908669 0.32975
1.46759 -0.918047 0.32975
1.47557 -0.909115 0.32975
1.49101 -0.906674 0.32975
1.51105 -0.907928 0.32975
1.52889 -0.906973 0.32975
1.55219 -0.910228 0.32975
1.55466 -0.896152 0.32975
1.57104 -0.893309 0.32975
1.59456 -0.895788 0.32975
1.62058 -0.899749 0.32975
1.63797 -0.896704 0.32975
1.65941 -0.896398 0.32975
1.69227 -0.904014 0.32975
1.71069 -0.90067 0.32975
1.72506 -0.894206 0.32975
1.746 -0.89209 0.32975
1.78275 -0.900301 0.32975
1.78972 -0.888067 0.32975
1.79994 -0.877958 0.32975
1.79405 -0.85753 0.32975
1.8176 -0.85582 0.32975
1.84974 -0.858988 0.32975
1.88718 -0.864749 0.32975
1.90501 -0.858247 0.32975
1.92284 -0.8515 0.32975
1.95284 -0.8514 0.32975
1.97684 -0.847447 0.32975
2.00614 -0.846003 0.32975
2.04084 -0.846927 0.32975
2.08099 -0.850079 0.32975
2.11418 -0.848962 0.32975
2.13048 -0.838852 0.32975
2.1656 -0.837727 0.32975
2.20533 -0.838205 0.32975
2.23524 -0.833403 0.32975
2.26155 -0.826484 0.32975
2.31255 -0.830149 0.32975
2.36374 -0.832987 0.32975
2.39579 -0.826787 0.32975
2.43249 -0.822004 0.32975
2.48317 -0.822261 0.32975
2.53307 -0.821329 0.32975
2.57283 -0.815646 0.32975
2.62202 -0.812831 0.32975
2.67507 -0.810588 0.32975
2.7405 -0.811818 0.32975
2.78532 -0.804805 0.32975
2.83114 -0.797387 0.32975
2.89031 -0.793556 0.32975
2.97153 -0.795667 0.32975
3.02429 -0.787649 0.32975
3.09338 -0.783598 0.32975
3.1453 -0.773439 0.32975
3.21844 -0.768311 0.32975
3.30811 -0.766363 0.32975
3.38923 -0.760655 0.32975
3.47726 -0.75528 0.32975
3.57222 -0.75006 0.32975
3.67219 -0.744363 0.32975
3.76741 -0.735895 0.32975
3.87543 -0.728523 0.32975
3.99141 -0.720915 0.32975
4.10751 -0.711336 0.32975
4.23943 -0.7027 0.32975
4.39216 -0.695461 0.32975
4.53221 -0.683462 0.32975
4.69605 -0.672825 0.32975
4.87681 -0.661891 0.32975
5.07156 -0.649799 0.32975
5.2694 -0.634749 0.32975
5.50403 -0.620803 0.32975
5.7338 -0.602242 0.32975
6.01633 -0.585256 0.32975
6.32681 -0.566065 0.32975
6.64234 -0.541934 0.32975
6.98279 -0.5143 0.32975
7.29727 -0.478949 0.32975
8.19752 -0.473982 0.32975
8.46799 -0.42031 0.32975
8.99086 -0.372989 0.32975
9.94021 -0.331476 0.32975
10.6415 -0.266927 0.32975
11.6283 -0.195154 0.32975
12.9265 -0.108898 0.32975
14.422 0 0.32975
16.5154 0.140217 0.32975
0.448 0 0.32975
0.448 0 0.32975
0.448 0 0.32975
38.1581 1.64646 0.32975
38.1193 1.97427 0.32975
38.1096 2.30348 0.32975
38.0711 2.63087 0.32975
38.0527 2.95956 0.32975
38.0454 3.28934 0.32975
38.0272 3.61846 0.32975
37.9862 3.94542 0.32975
0.448 0 0.32975
0.448 0 0.32975
0.448 0 0.32975
20.5138 2.82006 0.32975
18.9169 2.76019 0.32975
17.1182 2.6403 0.32975
15.621 2.53909 0.32975
14.4539 2.46962 0.32975
13.2736 2.37708 0.32975
12.4572 2.33436 0.32975
11.5809 2.26502 0.32975
10.8878 2.21904 0.32975
10.2432 2.17154 0.32975
9.70159 2.13636 0.32975
9.21003 2.10357 0.32975
8.76343 2.07327 0.32975
8.36938 2.04861 0.32975
8.21018 2.07987 0.32975
0.450891 0.000801715 0.32975
7.28257 1.95978 0.32975
7.0629 1.95942 0.32975
6.80073 1.94223 0.32975
6.54607 1.92271 0.32975
6.34265 1.91529 0.32975
6.12372 1.89907 0.32975
5.92161 1.88471 0.32975
5.74753 1.87666 0.32975
5.55805 1.85991 0.32975
5.39644 1.85014 0.32975
5.23633 1.83807 0.32975
5.09264 1.82957 0.32975
4.93835 1.81422 0.32975
4.81425 1.80856 0.32975
4.68692 1.79932 0.32975
4.57018 1.79238 0.32975
4.46395 1.78801 0.32975
4.36356 1.78442 0.32975
4.24362 1.76992 0.32975
4.23886 1.80815 0.32975
4.2499 1.85431 0.32975
4.22731 1.88429 0.32975
4.20805 1.91584 0.32975
4.2107 1.95874 0.32975
4.19435 1.99197 0.32975
4.20055 2.03747 0.32975
4.20012 2.07983 0.32975
4.19401 2.11939 0.32975
4.1364 2.1295 0.32975
3.36892 1.72056 0.32975
3.27665 1.69963 0.32975
3.21823 1.6976 0.32975
3.14734 1.68673 0.32975
3.08866 1.68228 0.32975
3.05123 1.69056 0.32975
2.98385 1.67844 0.32975
2.93345 1.67646 0.32975
2.88824 1.67713 0.32975
2.82928 1.66739 0.32975
2.78207 1.66488 0.32975
2.73266 1.65991 0.32975
2.69478 1.66253 0.32975
2.65862 1.66582 0.32975
2.60195 1.65279 0.32975
2.55435 1.64566 0.32975
2.52113 1.64904 0.32975
2.4678 1.6356 0.32975
2.43108 1.63472 0.32975
2.39299 1.63204 0.32975
2.3551 1.62882 0.32975
2.31968 1.62703 0.32975
2.29418 1.63336 0.32975
2.25533 1.62733 0.32975
2.21157 1.61601 0.32975
2.17985 1.61497 0.32975
2.15263 1.61763 0.32975
2.1255 1.61994 0.32975
2.08491 1.60859 0.32975
2.0602 1.6122 0.32975
2.01593 1.59554 0.32975
1.98945 1.59622 0.32975
1.95756 1.59075 0.32975
1.94021 1.6002 0.32975
1.91335 1.59915 0.32975
1.89198 1.60371 0.32975
1.85872 1.59453 0.32975
1.829 1.58866 0.32975
1.80405 1.58773 0.32975
1.78564 1.59414 0.32975
1.75069 1.58029 0.32975
1.72552 1.57761 0.32975
1.7005 1.57461 0.32975
1.67809 1.57445 0.32975
1.65639 1.57481 0.32975
1.63177 1.57092 0.32975
1.61266 1.57395 0.32975
1.58654 1.56707 0.32975
1.56585 1.56717 0.32975
1.55041 1.57441 0.32975
1.52927 1.57326 0.32975
1.50767 1.57103 0.32975
1.48509 1.56687 0.32975
1.46266 1.56244 0.32975
1.43932 1.55606 0.32975
1.42305 1.56041 0.32975
1.40156 1.55607 0.32975
1.37919 1.54976 0.32975
1.36258 1.55266 0.32975
1.3445 1.55278 0.32975
1.32304 1.54662 0.32975
1.30417 1.54458 0.32975
1.28828 1.5476 0.32975
1.27333 1.55222 0.32975
1.26022 1.56025 0.32975
1.24112 1.55659 0.32975
1.22394 1.55629 0.32975
1.20419 1.55042 0.32975
1.18331 1.54162 0.32975
1.16518 1.538 0.32975
1.14925 1.53874 0.32975
1.13213 1.53658 0.32975
1.12189 1.54983 0.32975
1.09974 1.5354 0.32975
1.08861 1.54657 0.32975
1.06685 1.53171 0.32975
1.05493 1.54077 0.32975
1.04146 1.54601 0.32975
1.02269 1.53708 0.32975
1.00754 1.53734 0.32975
0.987432 1.52331 0.32975
0.975421 1.53174 0.32975
0.96013 1.53059 0.32975
0.944899 1.5293 0.32975
0.929129 1.52595 0.32975
0.915502 1.52913 0.32975
0.899869 1.52548 0.32975
0.890673 1.54379 0.32975
0.870771 1.52446 0.32975
0.856158 1.52327 0.32975
0.846355 1.54032 0.32975
0.829753 1.53113 0.32975
0.812642 1.51884 0.32975
0.798474 1.51807 0.32975
0.784131 1.51619 0.32975
0.769016 1.51026 0.32975
0.756422 1.51594 0.32975
0.741655 1.51072 0.32975
0.729007 1.51618 0.32975
0.714376 1.5107 0.32975
0.696562 1.48535 0.32975
0.64323 1.23264 0.32975
0.630545 1.22143 0.32975
0.61626 1.19723 0.32975
0.606198 1.20163 0.32975
0.59595 1.20495 0.32975
0.58724 1.22209 0.32975
0.574898 1.20735 0.32975
0.565028 1.21538 0.32975
0.553894 1.21038 0.32975
0.5427 1.20328 0.32975
0.532056 1.20206 0.32975
0.519366 1.16682 0.32975
0.507297 1.13145 0.32975
0.496897 1.11993 0.32975
0.487716 1.13731 0.32975
0.47758 1.12961 0.32975
0.467983 1.14483 0.32975
0.457992 1.14496 0.32975
0.448 1.134 0.32975
0.438008 1.14496 0.32975
0.428139 1.13783 0.32975
0.417713 1.1566 0.32975
0.409436 1.10433 0.32975
0.401327 1.06898 0.32975
0.391268 1.08251 0.32975
0.381091 1.09396 0.32975
0.372733 1.07637 0.32975
0.361852 1.09462 0.32975
0.354743 1.06593 0.32975
0.343528 1.08498 0.32975
0.332914 1.09497 0.32975
0.325401 1.07604 0.32975
0.316259 1.07294 0.32975
0.306249 1.07671 0.32975
0.296858 1.07543 0.32975
0.287627 1.07308 0.32975
0.277174 1.07856 0.32975
0.271069 1.0573 0.32975
0.257508 1.08033 0.32975
0.248088 1.07863 0.32975
0.242117 1.05918 0.32975
0.229692 1.07302 0.32975
0.218881 1.07792 0.32975
0.212514 1.06221 0.32975
0.203028 1.06109 0.32975
0.190977 1.07058 0.32975
0.186241 1.04986 0.32975
0.177089 1.04754 0.32975
0.166664 1.04996 0.32975
0.157779 1.0465 0.32975
0.145901 1.05354 0.32975
0.140411 1.0384 0.32975
0.130192 1.0395 0.32975
0.116021 1.0529 0.32975
0.109318 1.04236 0.32975
0.0948402 1.05548 0.32975
0.0892237 1.04196 0.32975
0.0794771 1.04068 0.32975
0.0693836 1.04024 0.32975
0.0627718 1.03034 0.32975
0.0473446 1.04374 0.32975
0.0404507 1.03462 0.32975
0.032936 1.02732 0.32975
0.0228389 1.02643 0.32975
0.00881843 1.03465 0.32975
-0.00178872 1.03444 0.32975
-0.0120193 1.03322 0.32975
-0.0235063 1.03463 0.32975
-0.0346301 1.035 0.32975
-0.0462268 1.03617 0.32975
-0.0517431 1.02463 0.32975
-0.0736052 1.04618 0.32975
-0.072273 1.02109 0.32975
-0.0816255 1.0174 0.32975
-0.0989341 1.02863 0.32975
-0.112184 1.03173 0.32975
-0.122621 1.02943 0.32975
-0.137492 1.03485 0.32975
-0.1455 1.02797 0.32975
-0.163076 1.0374 0.32975
-0.170046 1.0286 0.32975
-0.185791 1.03425 0.32975
-0.190553 1.0219 0.32975
-0.204282 1.02388 0.32975
-0.224629 1.03576 0.32975
-0.228123 1.02151 0.32975
-0.245959 1.02884 0.32975
-0.263406 1.0351 0.32975
-0.265529 1.01903 0.32975
-0.287751 1.03148 0.32975
-0.307304 1.03959 0.32975
-0.319916 1.03778 0.32975
-0.333758 1.03743 0.32975
-0.342781 1.03057 0.32975
-0.364673 1.04017 0.32975
-0.3787 1.0393 0.32975
-0.38585 1.02972 0.32975
-0.404981 1.03475 0.32975
-0.413335 1.0265 0.32975
-0.441744 1.04176 0.32975
-0.455393 1.03924 0.32975
-0.463102 1.02981 0.32975
-0.49882 1.05155 0.32975
-0.820758 1.38461 0.32975
-0.853934 1.39615 0.32975
-0.888096 1.40795 0.32975
-0.91492 1.41134 0.32975
-0.916671 1.3887 0.32975
-0.945707 1.39371 0.32975
