-0.957728 -1.40573 0.32975
-0.920876 -1.39298 0.32975
-0.905195 -1.40127 0.32975
-0.860562 -1.37894 0.32975
-0.839613 -1.3808 0.32975
-0.812651 -1.37576 0.32975
-0.781862 -1.3659 0.32975
-0.759294 -1.3646 0.32975
-0.747339 -1.37508 0.32975
-0.714512 -1.36113 0.32975
-0.694234 -1.36126 0.32975
-0.672134 -1.35883 0.32975
-0.641354 -1.34524 0.32975
-0.632685 -1.35861 0.32975
-0.614632 -1.36011 0.32975
-0.585068 -1.34632 0.32975
-0.56666 -1.3465 0.32975
-0.547138 -1.34485 0.32975
-0.53125 -1.34782 0.32975
-0.510741 -1.3441 0.32975
-0.490945 -1.34095 0.32975
-0.465047 -1.32849 0.32975
-0.450064 -1.33143 0.32975
-0.434547 -1.33338 0.32975
-0.414164 -1.32762 0.32975
-0.402545 -1.33509 0.32975
-0.376554 -1.31956 0.32975
-0.35926 -1.31733 0.32975
-0.355459 -1.33718 0.32975
-0.331071 -1.3226 0.32975
-0.315 -1.32155 0.32975
-0.301961 -1.32555 0.32975
-0.282608 -1.31805 0.32975
-0.268692 -1.31998 0.32975
-0.256207 -1.32442 0.32975
-0.23862 -1.31899 0.32975
-0.216642 -1.30443 0.32975
-0.205233 -1.31018 0.32975
-0.200351 -1.32932 0.32975
-0.171075 -1.29792 0.32975
-0.158457 -1.30055 0.32975
-0.150402 -1.31307 0.32975
-0.139328 -1.31916 0.32975
-0.115432 -1.29581 0.32975
-0.104885 -1.30251 0.32975
-0.0869914 -1.29158 0.32975
-0.0798207 -1.3064 0.32975
-0.0684002 -1.31096 0.32975
-0.0504898 -1.29861 0.32975
-0.034936 -1.29167 0.32975
-0.0215936 -1.2902 0.32975
-0.00864781 -1.28953 0.32975
1.8255e-05 -1.30103 0.32975
0.015831 -1.29162 0.32975
0.030518 -1.28488 0.32975
0.0399422 -1.29419 0.32975
0.0573914 -1.27762 0.32975
0.0682715 -1.28194 0.32975
0.0825049 -1.27463 0.32975
0.096047 -1.2691 0.32975
0.107394 -1.27116 0.32975
0.120253 -1.26731 0.32975
0.131566 -1.26915 0.32975
0.142653 -1.27186 0.32975
0.155114 -1.26863 0.32975
0.166196 -1.27114 0.32975
0.178754 -1.2667 0.32975
0.192809 -1.2543 0.32975
0.201856 -1.2663 0.32975
0.211276 -1.27725 0.32975
0.22382 -1.27139 0.32975
0.236904 -1.26146 0.32975
0.25011 -1.24943 0.32975
0.261612 -1.24715 0.32975
0.269441 -1.27051 0.32975
0.282232 -1.25914 0.32975
0.293835 -1.25557 0.32975
0.305817 -1.24793 0.32975
0.316921 -1.24713 0.32975
0.328001 -1.24624 0.32975
0.339927 -1.23528 0.32975
0.349769 -1.24814 0.32975
0.359967 -1.25893 0.32975
0.37059 -1.26563 0.32975
0.382789 -1.24429 0.32975
0.393999 -1.23682 0.32975
0.40476 -1.23825 0.32975
0.415593 -1.23758 0.32975
0.426499 -1.23181 0.32975
0.437214 -1.23595 0.32975
0.448 -1.232 0.32975
0.458777 -1.23495 0.32975
0.469466 -1.22981 0.32975
0.480224 -1.23058 0.32975
0.490891 -1.22825 0.32975
0.502263 -1.24282 0.32975
0.512373 -1.22831 0.32975
0.523456 -1.23369 0.32975
0.533382 -1.22102 0.32975
0.544191 -1.22222 0.32975
0.556422 -1.23927 0.32975
0.56589 -1.22434 0.32975
0.576256 -1.22028 0.32975
0.586787 -1.21812 0.32975
0.597046 -1.21388 0.32975
0.608025 -1.21551 0.32975
0.61793 -1.20912 0.32975
0.629806 -1.21649 0.32975
0.64104 -1.21881 0.32975
0.654144 -1.23187 0.32975
0.661935 -1.21328 0.32975
0.67215 -1.2094 0.32975
0.680978 -1.19857 0.32975
0.693621 -1.20727 0.32975
0.705187 -1.20997 0.32975
0.715303 -1.20573 0.32975
0.728514 -1.21504 0.32975
0.736071 -1.1999 0.32975
0.745806 -1.19443 0.32975
0.758722 -1.20147 0.32975
0.769712 -1.20065 0.32975
0.782582 -1.20647 0.32975
0.790617 -1.19485 0.32975
0.803303 -1.19948 0.32975
0.814049 -1.19729 0.32975
0.825987 -1.19882 0.32975
0.836743 -1.19643 0.32975
0.846852 -1.19204 0.32975
0.865053 -1.21121 0.32975
0.871601 -1.19621 0.32975
0.88818 -1.20938 0.32975
0.891362 -1.18583 0.32975
0.907786 -1.19778 0.32975
0.914556 -1.18442 0.32975
0.928995 -1.1905 0.32975
0.944723 -1.1992 0.32975
0.95048 -1.18377 0.32975
0.956006 -1.16833 0.32975
0.971877 -1.17665 0.32975
0.985442 -1.17931 0.32975
0.994445 -1.17186 0.32975
1.00379 -1.16524 0.32975
1.01701 -1.16663 0.32975
1.03163 -1.17057 0.32975
1.04182 -1.16544 0.32975
1.05474 -1.16553 0.32975
1.07287 -1.1752 0.32975
1.07356 -1.15213 0.32975
1.10443 -1.18424 0.32975
1.1044 -1.16018 0.32975
1.1145 -1.15441 0.32975
1.13571 -1.16751 0.32975
1.14588 -1.16146 0.32975
1.15912 -1.16044 0.32975
1.16975 -1.15504 0.32975
1.1927 -1.16894 0.32975
1.19797 -1.15485 0.32975
1.21078 -1.15243 0.32975
1.22304 -1.14905 0.32975
1.24267 -1.15625 0.32975
1.24986 -1.14517 0.32975
1.27086 -1.1536 0.32975
1.28559 -1.15285 0.32975
1.29384 -1.14308 0.32975
1.31221 -1.14684 0.32975
1.32949 -1.14878 0.32975
1.33394 -1.13395 0.32975
1.34878 -1.13243 0.32975
1.3687 -1.13696 0.32975
1.37922 -1.12966 0.32975
1.39483 -1.12838 0.32975
1.40983 -1.12616 0.32975
1.4229 -1.1215 0.32975
1.44193 -1.12343 0.32975
1.46775 -1.13255 0.32975
1.48165 -1.12803 0.32975
1.49623 -1.12409 0.32975
1.50325 -1.112 0.32975
1.52055 -1.11066 0.32975
1.53371 -1.10483 0.32975
1.55462 -1.10662 0.32975
1.58135 -1.11374 0.32975
1.58312 -1.09617 0.32975
1.60642 -1.0993 0.32975
1.62329 -1.09597 0.32975
1.64165 -1.09378 0.32975
1.66081 -1.09202 0.32975
1.68303 -1.09266 0.32975
1.7061 -1.09365 0.32975
1.7232 -1.08912 0.32975
1.75104 -1.09338 0.32975
1.75513 -1.07752 0.32975
1.78081 -1.07928 0.32975
1.81209 -1.08504 0.32975
1.82071 -1.07248 0.32975
1.84351 -1.07081 0.32975
1.85999 -1.06401 0.32975
1.88449 -1.06295 0.32975
1.92041 -1.06977 0.32975
1.94353 -1.06675 0.32975
1.97244 -1.06743 0.32975
1.97511 -1.04955 0.32975
2.00991 -1.05352 0.32975
2.02988 -1.04702 0.32975
2.05489 -1.04353 0.32975
2.08249 -1.04129 0.32975
2.11187 -1.0397 0.32975
2.15158 -1.04395 0.32975
2.16062 -1.02905 0.32975
2.20917 -1.03741 0.32975
2.23548 -1.032 0.32975
2.26965 -1.03064 0.32975
2.2952 -1.02392 0.32975
2.32603 -1.01969 0.32975
2.364 -1.01875 0.32975
2.38878 -1.01031 0.32975
2.41802 -1.00377 0.32975
2.45086 -0.998591 0.32975
2.49905 -1.00036 0.32975
2.53117 -0.99362 0.32975
2.57601 -0.992308 0.32975
2.61098 -0.985726 0.32975
2.65239 -0.981456 0.32975
2.68563 -0.972948 0.32975
2.73269 -0.969795 0.32975
2.78634 -0.968572 0.32975
2.82437 -0.960117 0.32975
2.86336 -0.951437 0.32975
2.93599 -0.955051 0.32975
2.96484 -0.941007 0.32975
3.01242 -0.933373 0.32975
3.07326 -0.929652 0.32975
3.12476 -0.921683 0.32975
3.17728 -0.913203 0.32975
3.25362 -0.911601 0.32975
3.31297 -0.90332 0.32975
3.38194 -0.896996 0.32975
3.44048 -0.886412 0.32975
3.50866 -0.87763 0.32975
3.56245 -0.863715 0.32975
3.74857 -0.884384 0.32975
3.83168 -0.875078 0.32975
3.91681 -0.864871 0.32975
4.00396 -0.85371 0.32975
4.0902 -0.840867 0.32975
4.18819 -0.82918 0.32975
4.3019 -0.819172 0.32975
4.42551 -0.809235 0.32975
4.48249 -0.784225 0.32975
4.55211 -0.760651 0.32975
4.66495 -0.743561 0.32975
4.77681 -0.724394 0.32975
4.91235 -0.707084 0.32975
5.04989 -0.687758 0.32975
5.20525 -0.668587 0.32975
5.42803 -0.655633 0.32975
5.68467 -0.642983 0.32975
5.87091 -0.617864 0.32975
6.15556 -0.59989 0.32975
6.22528 -0.556288 0.32975
6.4172 -0.522237 0.32975
6.66079 -0.488957 0.32975
6.98603 -0.457184 0.32975
7.28622 -0.418244 0.32975
7.64013 -0.376923 0.32975
8.03577 -0.331289 0.32975
8.42414 -0.278533 0.32975
8.87811 -0.220751 0.32975
9.49962 -0.157998 0.32975
10.1236 -0.0844375 0.32975
10.712 0 0.32975
11.5056 0.0964975 0.32975
12.3852 0.208363 0.32975
13.4555 0.340616 0.32975
14.7143 0.498191 0.32975
16.4388 0.698172 0.32975
18.5272 0.947489 0.32975
20.8978 1.25076 0.32975
0.448 0 0.32975
0.448 0 0.32975
34.2419 2.95658 0.32975
34.2308 3.25291 0.32975
34.221 3.54968 0.32975
34.2086 3.84653 0.32975
34.1678 4.14027 0.32975
34.1145 4.43228 0.32975
34.0963 4.72896 0.32975
34.0251 5.01813 0.32975
33.9603 5.30782 0.32975
0.448 0 0.32975
0.448 0 0.32975
0.448 0 0.32975
17.2535 3.26665 0.32975
15.581 3.07884 0.32975
14.0022 2.88103 0.32975
12.7161 2.71978 0.32975
11.663 2.58919 0.32975
10.8932 2.50767 0.32975
10.1839 2.42744 0.32975
9.37239 2.308 0.32975
8.8815 2.25975 0.32975
8.4259 2.21247 0.32975
8.28517 2.24727 0.32975
7.40999 2.06224 0.32975
7.15743 2.05128 0.32975
6.83123 2.01262 0.32975
6.53096 1.97647 0.32975
6.24415 1.93937 0.32975
5.98685 1.90718 0.32975
5.74659 1.87633 0.32975
5.54113 1.85375 0.32975
5.35429 1.83439 0.32975
5.15511 1.80689 0.32975
4.97169 1.78193 0.32975
4.80762 1.7614 0.32975
4.65258 1.74159 0.32975
4.52676 1.73133 0.32975
4.37944 1.70944 0.32975
4.34975 1.73717 0.32975
4.22798 1.72264 0.32975
4.11402 1.70949 0.32975
4.00328 1.69578 0.32975
3.90386 1.68554 0.32975
3.79326 1.66789 0.32975
3.7073 1.6607 0.32975
3.57028 1.62535 0.32975
3.43148 1.58634 0.32975
3.36655 1.58464 0.32975
3.30101 1.58145 0.32975
3.22792 1.5728 0.32975
3.15 1.56 0.32975
3.08631 1.55408 0.32975
3.02293 1.54717 0.32975
2.96158 1.54033 0.32975
2.89801 1.53094 0.32975
2.84323 1.52593 0.32975
2.78118 1.51519 0.32975
2.72451 1.50679 0.32975
2.67894 1.50479 0.32975
2.62369 1.49531 0.32975
2.5909 1.50048 0.32975
2.52562 1.48195 0.32975
2.47135 1.47005 0.32975
2.43594 1.471 0.32975
2.39028 1.46361 0.32975
2.3576 1.46529 0.32975
2.31795 1.46096 0.32975
2.26522 1.44548 0.32975
2.23388 1.44618 0.32975
2.21193 1.45407 0.32975
2.16777 1.44306 0.32975
2.12698 1.43398 0.32975
2.09327 1.43021 0.32975
2.05975 1.42596 0.32975
2.0257 1.42056 0.32975
1.99112 1.41401 0.32975
1.95459 1.40492 0.32975
1.92776 1.40424 0.32975
1.90538 1.40738 0.32975
1.87307 1.40042 0.32975
1.84171 1.39371 0.32975
1.81477 1.39084 0.32975
1.79216 1.39192 0.32975
1.76895 1.39199 0.32975
1.74039 1.38592 0.32975
1.71406 1.38166 0.32975
1.68723 1.3763 0.32975
1.67318 1.38482 0.32975
1.64793 1.38036 0.32975
1.6209 1.37329 0.32975
1.58831 1.35896 0.32975
1.56559 1.35574 0.32975
1.54302 1.35223 0.32975
1.51873 1.34609 0.32975
1.50324 1.35065 0.32975
1.48959 1.35743 0.32975
1.46687 1.35209 0.32975
1.4479 1.35128 0.32975
1.42784 1.34863 0.32975
1.40616 1.34329 0.32975
1.38809 1.34259 0.32975
1.36671 1.33673 0.32975
1.34606 1.33143 0.32975
1.32503 1.32504 0.32975
1.31016 1.32762 0.32975
1.29156 1.32412 0.32975
1.27414 1.32211 0.32975
1.24847 1.30624 0.32975
1.24322 1.32347 0.32975
1.22758 1.32346 0.32975
1.2155 1.32935 0.32975
1.19205 1.31511 0.32975
1.1757 1.3128 0.32975
1.1561 1.30416 0.32975
1.14517 1.31118 0.32975
1.13277 1.31544 0.32975
1.11219 1.30354 0.32975
1.10123 1.31018 0.32975
1.08101 1.29786 0.32975
1.06578 1.29521 0.32975
1.04854 1.28786 0.32975
1.03977 1.29851 0.32975
1.0276 1.3018 0.32975
1.01622 1.30681 0.32975
0.994633 1.28779 0.32975
0.980695 1.28604 0.32975
0.966456 1.28322 0.32975
0.955604 1.28863 0.32975
0.941831 1.28647 0.32975
0.929885 1.28886 0.32975
0.913147 1.27798 0.32975
0.900308 1.27728 0.32975
0.888819 1.28023 0.32975
0.873188 1.27075 0.32975
0.860538 1.26966 0.32975
0.849743 1.27417 0.32975
0.84241 1.29006 0.32975
0.824604 1.27139 0.32975
0.813771 1.27559 0.32975
0.79541 1.25272 0.32975
0.788606 1.27116 0.32975
0.779503 1.28183 0.32975
0.762741 1.26235 0.32975
0.748444 1.25144 0.32975
0.739087 1.26083 0.32975
0.727856 1.26235 0.32975
0.713711 1.25007 0.32975
0.700599 1.24156 0.32975
0.690327 1.24667 0.32975
0.680533 1.25463 0.32975
0.669575 1.25661 0.32975
0.656125 1.24371 0.32975
0.644795 1.24251 0.32975
0.63291 1.23726 0.32975
0.625028 1.25962 0.32975
0.612985 1.25319 0.32975
0.600093 1.2387 0.32975
0.589051 1.23799 0.32975
0.57772 1.2342 0.32975
0.56637 1.22931 0.32975
0.555725 1.2313 0.32975
0.544897 1.23119 0.32975
0.534498 1.23698 0.32975
0.522907 1.22471 0.32975
0.512164 1.22432 0.32975
0.501259 1.21984 0.32975
0.491206 1.23725 0.32975
0.479753 1.21258 0.32975
0.469117 1.20982 0.32975
0.458524 1.20595 0.32975
0.448 1.211 0.32975
0.437511 1.20195 0.32975
0.426865 1.21082 0.32975
0.416797 1.19159 0.32975
0.406156 1.19827 0.32975
0.395221 1.20885 0.32975
0.384412 1.21333 0.32975
0.369186 1.28859 0.32975
0.355154 1.32776 0.32975
0.313992 1.70273 0.32975
0.214771 2.66582 0.32975
0.18682 2.71245 0.32975
0.160651 2.73394 0.32975
0.127748 2.81081 0.32975
0.0966509 2.86151 0.32975
0.0761312 2.82463 0.32975
0.0381357 2.91634 0.32975
-0.124317 3.82947 0.32975
-0.203079 4.11076 0.32975
-0.241075 4.11774 0.32975
-0.278197 4.11847 0.32975
-0.305909 4.06773 0.32975
-0.248071 3.58098 0.32975
-0.19855 3.1779 0.32975
-0.222307 3.15355 0.32975
-0.246771 3.13391 0.32975
-0.313009 3.29629 0.32975
-1.07967 6.36319 0.32975
-1.12643 6.31468 0.32975
-1.17171 6.26295 0.32975
-1.2188 6.22056 0.32975
-1.28584 6.25203 0.32975
-1.33593 6.22129 0.32975
-1.3998 6.23808 0.32975
-1.4875 6.33074 0.32975
-1.54267 6.31361 0.32975
-1.60325 6.31311 0.32975
-1.6643 6.31299 0.32975
-1.72745 6.31795 0.32975
-1.77916 6.2893 0.32975
-1.82951 6.25741 0.32975
-1.87913 6.22419 0.32975
-1.88999 6.09068 0.32975
-1.92363 6.02073 0.32975
-1.97608 5.99981 0.32975
-2.03829 6.00245 0.32975
-2.09878 5.99985 0.32975
-2.15543 5.98749 0.32975
-2.2088 5.96728 0.32975
-2.26949 5.96298 0.32975
-2.351 6.00248 0.32975
-2.45924 6.09516 0.32975
-2.49917 6.04259 0.32975
-2.56339 6.03991 0.32975
-2.62915 6.03924 0.32975
-2.69558 6.03877 0.32975
-2.76506 6.04289 0.32975
-2.78761 5.95926 0.32975
-2.153 4.69233 0.32975
-2.02692 4.37441 0.32975
-2.0205 4.27557 0.32975
-2.0227 4.19441 0.32975
-1.40459 3.08323 0.32975
-1.40635 3.02602 0.32975
-1.41414 2.98004 0.32975
-1.42341 2.93753 0.32975
-1.46804 2.95044 0.32975
-1.48212 2.9161 0.32975
-1.50358 2.89334 0.32975
-1.54235 2.89598 0.32975
-1.5882 2.90799 0.32975
-1.63847 2.92512 0.32975
-1.63158 2.8623 0.32975
-0.531078 1.32315 0.32975
-0.532356 1.30098 0.32975
-0.504103 1.2408 0.32975
-0.453944 1.15444 0.32975
-0.440329 1.11678 0.32975
-0.456963 1.11754 0.32975
-0.459048 1.10034 0.32975
-0.477614 1.1031 0.32975
-0.478113 1.08434 0.32975
-0.500661 1.09131 0.32975
-0.5181 1.09198 0.32975
-0.541644 1.09911 0.32975
-0.562683 1.10297 0.32975
-0.566131 1.08752 0.32975
-0.593481 1.09749 0.32975
-0.605102 1.09052 0.32975
-0.627195 1.09413 0.32975
-0.630338 1.07834 0.32975
