-0.715191 -1.16319 0.32975
-0.690978 -1.15903 0.32975
-0.687767 -1.17612 0.32975
-0.672641 -1.18091 0.32975
-0.662975 -1.19138 0.32975
-0.65659 -1.20545 0.32975
-0.633984 -1.20167 0.32975
-0.628758 -1.21705 0.32975
-0.610223 -1.21735 0.32975
-0.600209 -1.2273 0.32975
-0.587531 -1.2341 0.32975
-0.576086 -1.24232 0.32975
-0.565206 -1.2512 0.32975
-0.559229 -1.26626 0.32975
-0.540137 -1.26476 0.32975
-0.527236 -1.27095 0.32975
-0.527542 -1.29459 0.32975
-0.518587 -1.30627 0.32975
-0.502449 -1.30818 0.32975
-0.479963 -1.30096 0.32975
-0.466281 -1.30573 0.32975
-0.462215 -1.32437 0.32975
-0.447268 -1.32729 0.32975
-0.432339 -1.33005 0.32975
-0.428324 -1.34942 0.32975
-0.415978 -1.35617 0.32975
-0.397751 -1.35348 0.32975
-0.384863 -1.35911 0.32975
-0.383271 -1.38347 0.32975
-0.379288 -1.40446 0.32975
-0.353 -1.38737 0.32975
-0.345294 -1.40214 0.32975
-0.331089 -1.40551 0.32975
-0.317363 -1.40962 0.32975
-0.305971 -1.41801 0.32975
-0.292645 -1.42277 0.32975
-0.281109 -1.43096 0.32975
-0.276625 -1.45337 0.32975
-0.263038 -1.45784 0.32975
-0.245123 -1.45316 0.32975
-0.234529 -1.46369 0.32975
-0.22173 -1.46959 0.32975
-0.211727 -1.48177 0.32975
-0.19598 -1.48105 0.32975
-0.191236 -1.50595 0.32975
-0.173861 -1.5013 0.32975
-0.162983 -1.51224 0.32975
-0.148664 -1.51472 0.32975
-0.140082 -1.53201 0.32975
-0.12634 -1.53614 0.32975
-0.110177 -1.53358 0.32975
-0.10445 -1.56007 0.32975
-0.0911408 -1.56578 0.32975
-0.0736489 -1.55904 0.32975
-0.0612601 -1.56734 0.32975
-0.0487659 -1.57554 0.32975
-0.0387989 -1.59225 0.32975
-0.0251695 -1.59739 0.32975
-0.0112119 -1.60146 0.32975
0.00144456 -1.61023 0.32975
0.0137017 -1.62082 0.32975
0.0228549 -1.64391 0.32975
0.0408455 -1.63301 0.32975
0.0518432 -1.65011 0.32975
0.0637835 -1.66422 0.32975
0.0746417 -1.68411 0.32975
0.0860258 -1.70296 0.32975
0.105685 -1.68253 0.32975
0.119236 -1.69134 0.32975
0.132368 -1.703 0.32975
0.147068 -1.70667 0.32975
0.160157 -1.72008 0.32975
0.172832 -1.73734 0.32975
0.188594 -1.73572 0.32975
0.201107 -1.75674 0.32975
0.217099 -1.75387 0.32975
0.229001 -1.78361 0.32975
0.246045 -1.77253 0.32975
0.259117 -1.7971 0.32975
0.273752 -1.80963 0.32975
0.290771 -1.79714 0.32975
0.304891 -1.81838 0.32975
0.321392 -1.81058 0.32975
0.33506 -1.84655 0.32975
0.350603 -1.85845 0.32975
0.367173 -1.85124 0.32975
0.382878 -1.86486 0.32975
0.398683 -1.88335 0.32975
0.414875 -1.89771 0.32975
0.431359 -1.90693 0.32975
0.448 -1.9 0.32975
0.46472 -1.91593 0.32975
0.481578 -1.92371 0.32975
0.498521 -1.92934 0.32975
0.515635 -1.93682 0.32975
0.533625 -1.96113 0.32975
0.552201 -1.98827 0.32975
0.569731 -1.99028 0.32975
0.587583 -1.99613 0.32975
0.606409 -2.01278 0.32975
0.625536 -2.02925 0.32975
0.646017 -2.05649 0.32975
0.663956 -2.05468 0.32975
0.681538 -2.04974 0.32975
0.70161 -2.06549 0.32975
0.723802 -2.09492 0.32975
0.743743 -2.10432 0.32975
0.76239 -2.10364 0.32975
0.78668 -2.13835 0.32975
0.807639 -2.14912 0.32975
0.828811 -2.15968 0.32975
0.848918 -2.16316 0.32975
0.871787 -2.18019 0.32975
0.894784 -2.19601 0.32975
0.916009 -2.20181 0.32975
0.9404 -2.22107 0.32975
0.963813 -2.23423 0.32975
0.988426 -2.25104 0.32975
1.01337 -2.26758 0.32975
1.04115 -2.29354 0.32975
1.06062 -2.28635 0.32975
1.07735 -2.26935 0.32975
1.09106 -2.24262 0.32975
1.10663 -2.2235 0.32975
1.12338 -2.20906 0.32975
1.13241 -2.17066 0.32975
1.15132 -2.1646 0.32975
1.1594 -2.12614 0.32975
1.16978 -2.09621 0.32975
1.18338 -2.07664 0.32975
1.20113 -2.0692 0.32975
1.21741 -2.05787 0.32975
1.24214 -2.06881 0.32975
1.27153 -2.09065 0.32975
1.29723 -2.10193 0.32975
1.32243 -2.11106 0.32975
1.33379 -2.08678 0.32975
1.35117 -2.07714 0.32975
1.38797 -2.1112 0.32975
1.44948 -2.19756 0.32975
1.46905 -2.18964 0.32975
1.45669 -2.11476 0.32975
1.47116 -2.09779 0.32975
1.50192 -2.11383 0.32975
1.53485 -2.13307 0.32975
1.56682 -2.14923 0.32975
1.60713 -2.18 0.32975
1.64233 -2.19968 0.32975
1.67311 -2.21016 0.32975
1.71254 -2.23507 0.32975
1.7515 -2.25773 0.32975
1.79196 -2.28159 0.32975
1.83139 -2.30235 0.32975
1.87703 -2.33197 0.32975
1.927 -2.3669 0.32975
1.98199 -2.40788 0.32975
2.04107 -2.45311 0.32975
2.11043 -2.51166 0.32975
2.17647 -2.56256 0.32975
2.26333 -2.64132 0.32975
2.88799 -3.48467 0.32975
2.96419 -3.52756 0.32975
3.06658 -3.60417 0.32975
3.16158 -3.6672 0.32975
3.26389 -3.73682 0.32975
3.37127 -3.80968 0.32975
3.47521 -3.87465 0.32975
3.6029 -3.96626 0.32975
3.70096 -4.01707 0.32975
3.81413 -4.08344 0.32975
3.95119 -4.17494 0.32975
4.0914 -4.26588 0.32975
4.23084 -4.35166 0.32975
4.37469 -4.43831 0.32975
4.53037 -4.53393 0.32975
4.62788 -4.56153 0.32975
6.08267 -6.04244 0.32975
6.33274 -6.20123 0.32975
6.62073 -6.39205 0.32975
6.923 -6.58901 0.32975
7.20228 -6.75428 0.32975
7.54627 -6.97545 0.32975
7.90324 -7.19944 0.32975
8.298 -7.44937 0.32975
8.7613 -7.75228 0.32975
9.25109 -8.06655 0.32975
9.76035 -8.38488 0.32975
10.3185 -8.73267 0.32975
10.4343 -8.68097 0.32975
10.4952 -8.58116 0.32975
10.5583 -8.48351 0.32975
10.7291 -8.47511 0.32975
11.7205 -9.12829 0.32975
12.8093 -9.83262 0.32975
13.8954 -10.5063 0.32975
13.6486 -10.1292 0.32975
13.5816 -9.89685 0.32975
18.0131 -12.9975 0.32975
18.1064 -12.8296 0.32975
18.2201 -12.6767 0.32975
18.3219 -12.5154 0.32975
18.423 -12.3539 0.32975
18.531 -12.1971 0.32975
18.6309 -12.035 0.32975
18.7277 -11.871 0.32975
18.8424 -11.7185 0.32975
18.9456 -11.5586 0.32975
19.05 -11.3994 0.32975
14.4001 -8.38328 0.32975
14.7028 -8.39671 0.32975
15.2969 -8.573 0.32975
11.9062 -6.48276 0.32975
11.9982 -6.4024 0.32975
11.9614 -6.25126 0.32975
12.0173 -6.15149 0.32975
12.0936 -6.0623 0.32975
11.8734 -5.82152 0.32975
10.8758 -5.1991 0.32975
10.2053 -4.75896 0.32975
9.57223 -4.35204 0.32975
9.05249 -4.01234 0.32975
5.91596 -2.49189 0.32975
5.71185 -2.34362 0.32975
5.46157 -2.17996 0.32975
5.47212 -2.13261 0.32975
5.50254 -2.09366 0.32975
5.51042 -2.04535 0.32975
5.53738 -2.00476 0.32975
5.56776 -1.96529 0.32975
2.42532 -0.739288 0.32975
2.40256 -0.711402 0.32975
2.40492 -0.692983 0.32975
2.41468 -0.677182 0.32975
2.38543 -0.648254 0.32975
2.30351 -0.602892 0.32975
2.30489 -0.585474 0.32975
2.31471 -0.57071 0.32975
2.3177 -0.55383 0.32975
2.29458 -0.5295 0.32975
2.23264 -0.494926 0.32975
2.20888 -0.471827 0.32975
2.19551 -0.451936 0.32975
2.21297 -0.440056 0.32975
2.22063 -0.425571 0.32975
2.24474 -0.41481 0.32975
2.24341 -0.398032 0.32975
2.25855 -0.384845 0.32975
2.254 -0.367435 0.32975
2.28266 -0.356622 0.32975
2.29357 -0.342056 0.32975
2.29845 -0.326285 0.32975
2.2894 -0.308144 0.32975
2.31078 -0.295036 0.32975
2.33208 -0.281577 0.32975
2.32555 -0.263872 0.32975
2.33075 -0.247869 0.32975
2.3388 -0.232161 0.32975
2.33976 -0.215539 0.32975
2.31273 -0.195991 0.32975
2.27654 -0.176069 0.32975
2.27203 -0.159582 0.32975
2.22152 -0.139579 0.32975
2.21568 -0.123609 0.32975
2.24265 -0.109766 0.32975
2.20759 -0.0922159 0.32975
2.20133 -0.076552 0.32975
2.16295 -0.0598876 0.32975
2.13642 -0.044213 0.32975
2.10675 -0.0289538 0.32975
2.09894 -0.0144074 0.32975
2.073 0 0.32975
2.05594 0.0140322 0.32975
2.02176 0.0274699 0.32975
1.99547 0.0405221 0.32975
1.97807 0.0534312 0.32975
1.94657 0.0654291 0.32975
1.96492 0.0794982 0.32975
1.92923 0.0905959 0.32975
1.90345 0.101775 0.32975
1.87957 0.112667 0.32975
1.86658 0.12411 0.32975
1.85151 0.135142 0.32975
1.84928 0.14728 0.32975
1.81217 0.155428 0.32975
1.79985 0.165986 0.32975
1.79835 0.177777 0.32975
1.77595 0.186631 0.32975
1.77526 0.19836 0.32975
1.75076 0.206337 0.32975
1.73412 0.215222 0.32975
1.72923 0.225916 0.32975
1.6987 0.231803 0.32975
1.69368 0.242136 0.32975
1.68271 0.251204 0.32975
1.67362 0.260513 0.32975
1.65665 0.267952 0.32975
1.64745 0.276915 0.32975
1.63332 0.28457 0.32975
1.62206 0.292726 0.32975
1.60784 0.299955 0.32975
1.59552 0.307477 0.32975
1.5899 0.316677 0.32975
1.57268 0.322496 0.32975
1.5564 0.328322 0.32975
1.51045 0.324825 0.32975
1.4866 0.327469 0.32975
1.48655 0.337446 0.32975
1.4646 0.340151 0.32975
1.45498 0.34673 0.32975
1.45003 0.354837 0.32975
1.44313 0.362199 0.32975
1.44087 0.37122 0.32975
1.44133 0.381304 0.32975
1.41377 0.380428 0.32975
1.40022 0.384721 0.32975
1.39498 0.39225 0.32975
1.38784 0.398936 0.32975
1.39807 0.413104 0.32975
1.36703 0.409177 0.32975
1.35887 0.415108 0.32975
1.35159 0.42135 0.32975
1.34968 0.43008 0.32975
1.33601 0.433111 0.32975
1.32683 0.438166 0.32975
1.32297 0.445819 0.32975
1.30485 0.446049 0.32975
1.2921 0.448815 0.32975
1.28551 0.454732 0.32975
1.29113 0.467356 0.32975
1.28354 0.472727 0.32975
1.27765 0.479 0.32975
1.26052 0.478609 0.32975
1.26659 0.491861 0.32975
1.24096 0.485924 0.32975
1.23329 0.490705 0.32975
1.22982 0.498077 0.32975
1.22377 0.503791 0.32975
1.20934 0.503918 0.32975
1.20325 0.509425 0.32975
1.19466 0.513164 0.32975
1.19343 0.521954 0.32975
1.19861 0.535408 0.32975
1.18825 0.537823 0.32975
1.16343 0.529392 0.32975
1.15479 0.532606 0.32975
1.14615 0.53571 0.32975
1.14697 0.546092 0.32975
1.13983 0.550303 0.32975
1.13811 0.558837 0.32975
1.13475 0.56611 0.32975
1.12059 0.564367 0.32975
1.11031 0.565669 0.32975
1.10535 0.571427 0.32975
1.10858 0.584431 0.32975
1.08933 0.57746 0.32975
1.08501 0.58371 0.32975
1.07623 0.585837 0.32975
1.06239 0.583036 0.32975
1.06663 0.597406 0.32975
1.05997 0.60138 0.32975
1.05187 0.603869 0.32975
1.04097 0.60341 0.32975
1.04193 0.615036 0.32975
1.02759 0.610765 0.32975
1.02497 0.618725 0.32975
1.01887 0.622999 0.32975
1.01342 0.627957 0.32975
1.00063 0.624629 0.32975
0.99909 0.633956 0.32975
0.987042 0.631137 0.32975
0.987299 0.642711 0.32975
0.981034 0.646621 0.32975
0.983552 0.661351 0.32975
0.962197 0.646434 0.32975
0.962077 0.657989 0.32975
0.949619 0.653723 0.32975
0.946905 0.662069 0.32975
0.936944 0.66077 0.32975
0.934686 0.669866 0.32975
0.931726 0.678158 0.32975
0.921201 0.6758 0.32975
0.913586 0.677432 0.32975
0.911571 0.687272 0.32975
0.9039 0.68879 0.32975
0.898416 0.693581 0.32975
0.895033 0.701702 0.32975
0.887303 0.703032 0.32975
0.878539 0.702576 0.32975
0.874967 0.710592 0.32975
0.869764 0.716014 0.32975
0.86 0.713605 0.32975
0.851787 0.713692 0.32975
0.846029 0.718063 0.32975
0.838316 0.718872 0.32975
0.844234 0.745208 0.32975
0.827096 0.728236 0.32975
0.826628 0.743099 0.32975
0.819237 0.744585 0.32975
0.810533 0.743303 0.32975
0.809199 0.757269 0.32975
0.807648 0.771268 0.32975
0.791366 0.753448 0.32975
0.789252 0.766465 0.32975
0.780956 0.765745 0.32975
0.776605 0.774145 0.32975
0.773664 0.786221 0.32975
0.765666 0.786252 0.32975
0.760626 0.793646 0.32975
0.752254 0.79261 0.32975
0.743575 0.790551 0.32975
0.738717 0.798739 0.32975
0.733739 0.806901 0.32975
0.727989 0.813146 0.32975
0.717709 0.806075 0.32975
0.7153 0.822664 0.32975
0.705103 0.815428 0.32975
0.704995 0.840592 0.32975
0.692537 0.825544 0.32975
0.690285 0.844949 0.32975
0.682368 0.845104 0.32975
0.676537 0.852912 0.32975
0.666081 0.843257 0.32975
0.663794 0.865504 0.32975
0.657634 0.873188 0.32975
0.647082 0.862318 0.32975
0.638683 0.860117 0.32975
0.634081 0.875442 0.32975
0.625438 0.872133 0.32975
0.619537 0.882483 0.32975
0.610919 0.87903 0.32975
0.603762 0.883373 0.32975
0.597698 0.894561 0.32975
0.589104 0.890895 0.32975
0.582654 0.900993 0.32975
0.576596 0.915008 0.32975
0.568084 0.912129 0.32975
0.560973 0.92009 0.32975
0.55294 0.921041 0.32975
0.544689 0.919933 0.32975
0.536945 0.923728 0.32975
0.530014 0.937419 0.32975
0.523478 0.959034 0.32975
0.515803 0.969632 0.32975
0.506546 0.957211 0.32975
0.498033 0.95469 0.32975
0.490224 0.967079 0.32975
0.482586 0.990396 0.32975
0.473522 0.974666 0.32975
0.465173 0.98385 0.32975
0.456552 0.979963 0.32975
0.448 0.991 0.32975
0.43923 1.00496 0.32975
0.430408 1.00785 0.32975
0.421195 1.02365 0.32975
0.412507 1.01638 0.32975
0.403857 1.01104 0.32975
0.3931 1.04756 0.32975
0.38512 1.02808 0.32975
0.375942 1.03048 0.32975
0.366167 1.03978 0.32975
0.355528 1.05696 0.32975
0.346403 1.05512 0.32975
0.3372 1.05419 0.32975
0.326646 1.06511 0.32975
0.31565 1.07791 0.32975
0.30651 1.07473 0.32975
0.293379 1.10019 0.32975
0.285853 1.08495 0.32975
0.272012 1.11115 0.32975
0.25968 1.12535 0.32975
0.250909 1.11776 0.32975
0.238065 1.13271 0.32975
0.229524 1.12396 0.32975
0.216534 1.13769 0.32975
0.204743 1.14443 0.32975
0.188705 1.1696 0.32975
0.176034 1.17801 0.32975
0.164364 1.18143 0.32975
0.154549 1.17697 0.32975
0.140784 1.18792 0.32975
0.125511 1.20354 0.32975
0.11128 1.21417 0.32975
0.100973 1.21023 0.32975
0.0853125 1.22441 0.32975
0.0717177 1.23076 0.32975
0.0570826 1.23983 0.32975
0.0422609 1.24874 0.32975
0.0247159 1.26506 0.32975
0.0117384 1.26699 0.32975
-0.00764654 1.28671 0.32975
-0.0219358 1.29114 0.32975
-0.0377377 1.29916 0.32975
-0.0587323 1.32008 0.32975
-0.0786622 1.33701 0.32975
-0.0899349 1.33144 0.32975
-0.109187 1.34517 0.32975
-0.126765 1.35406 0.32975
-0.147731 1.37009 0.32975
-0.172274 1.39316 0.32975
-0.192287 1.40498 0.32975
-0.207481 1.40568 0.32975
-0.235221 1.4324 0.32975
-0.255147 1.44167 0.32975
-0.277071 1.45427 0.32975
-0.298814 1.46571 0.32975
-0.318502 1.47244 0.32975
-0.346346 1.49395 0.32975
-0.378439 1.52211 0.32975
-0.403326 1.53583 0.32975
-0.428022 1.54836 0.32975
-0.457 1.56751 0.32975
-0.491961 1.59574 0.32975
-0.517181 1.60633 0.32975
-0.559377 1.64389 0.32975
-0.586402 1.65539 0.32975
-0.612629 1.66485 0.32975
-0.646179 1.68489 0.32975
-0.685127 1.71197 0.32975
-0.726305 1.74098 0.32975
-0.76411 1.76363 0.32975
-0.805265 1.78985 0.32975
-0.858582 1.83176 0.32975
-0.900967 1.85669 0.32975
-0.945075 1.88263 0.32975
-0.992745 1.91193 0.32975
-1.0459 1.94689 0.32975
-1.09669 1.97712 0.32975
-1.15747 2.01835 0.32975
-1.21466 2.05322 0.32975
-1.28022 2.0965 0.32975
-1.34602 2.13803 0.32975
-1.42501 2.19301 0.32975
-1.48934 2.22866 0.32975
-1.55974 2.26934 0.32975
-1.65173 2.33199 0.32975
-1.74159 2.38952 0.32975
-1.83192 2.44492 0.32975
-1.94472 2.5214 0.32975
-2.04443 2.58099 0.32975
-2.16008 2.654 0.32975
-2.28921 2.73721 0.32975
