-3.49766 -3.94566 0.32975
-3.4841 -4.00133 0.32975
-3.48446 -4.07218 0.32975
-3.46805 -4.12666 0.32975
0.445954 -0.00219406 0.32975
-3.46705 -4.27252 0.32975
0.445993 -0.00222943 0.32975
0.446012 -0.00224687 0.32975
0.446032 -0.00226413 0.32975
0.448 0 0.32975
-3.14647 -4.28372 0.32975
-3.0746 -4.27326 0.32975
-3.012 -4.27275 0.32975
-2.95031 -4.27226 0.32975
-2.88827 -4.27023 0.32975
-2.82714 -4.26824 0.32975
-2.7681 -4.26791 0.32975
-2.69623 -4.24919 0.32975
-2.64963 -4.26352 0.32975
-2.59082 -4.26027 0.32975
-2.53288 -4.25713 0.32975
-2.47239 -4.24919 0.32975
-2.42122 -4.25379 0.32975
-2.36688 -4.25282 0.32975
-2.30678 -4.242 0.32975
-2.25301 -4.23973 0.32975
-2.20319 -4.24278 0.32975
-2.14986 -4.23933 0.32975
-2.09371 -4.23012 0.32975
-2.04452 -4.23146 0.32975
-1.99 -4.22274 0.32975
-1.93927 -4.21948 0.32975
-1.80103 -4.05736 0.32975
-1.68681 -3.93183 0.32975
-1.64303 -3.93265 0.32975
-1.59431 -3.92325 0.32975
-1.29305 -3.41701 0.32975
-1.21721 -3.3399 0.32975
-1.18055 -3.33902 0.32975
-1.16685 -3.3856 0.32975
-1.15034 -3.42766 0.32975
-1.12576 -3.4533 0.32975
-1.10411 -3.48609 0.32975
-1.08041 -3.51509 0.32975
-1.05905 -3.55039 0.32975
-1.03911 -3.5902 0.32975
-1.02196 -3.63827 0.32975
-0.99858 -3.67236 0.32975
-0.980455 -3.72125 0.32975
-0.955281 -3.75325 0.32975
-0.933761 -3.79636 0.32975
-0.913598 -3.84503 0.32975
-0.89269 -3.89365 0.32975
-0.869766 -3.93839 0.32975
-0.84709 -3.98588 0.32975
-0.814964 -4.00561 0.32975
-0.795749 -4.06812 0.32975
-0.81814 -4.27442 0.32975
-1.12341 -5.48015 0.32975
-1.1108 -5.62086 0.32975
-1.10284 -5.78783 0.32975
-1.09659 -5.9725 0.32975
-1.08554 -6.1507 0.32975
-1.07897 -6.36027 0.32975
-1.06165 -6.539 0.32975
-1.05193 -6.76573 0.32975
-1.03628 -6.983 0.32975
-1.02373 -7.2338 0.32975
-1.01302 -7.51632 0.32975
-0.995124 -7.7864 0.32975
-0.979735 -8.09709 0.32975
-0.962331 -8.42781 0.32975
-0.945987 -8.80129 0.32975
-0.92781 -9.20576 0.32975
-0.907408 -9.64422 0.32975
-0.881671 -10.0998 0.32975
-0.851614 -10.5845 0.32975
-0.817272 -11.1052 0.32975
-0.806238 -11.9333 0.32975
-0.749306 -12.4345 0.32975
-0.740979 -13.5901 0.32975
-0.671689 -14.227 0.32975
-0.617112 -15.2318 0.32975
-0.559546 -16.4732 0.32975
-0.487662 -17.8535 0.32975
-0.40934 -19.6363 0.32975
-0.302827 -21.5009 0.32975
0.448 0 0.32975
0.448 0 0.32975
0.448 0 0.32975
0.448003 -41.75 0.32975
0.81209 -41.7204 0.32975
1.17788 -41.8146 0.32975
0.448 0 0.32975
0.448 0 0.32975
0.448 0 0.32975
0.448 0 0.32975
2.9958 -41.6562 0.32975
3.35726 -41.6044 0.32975
0.448 0 0.32975
1.88964 -16.4781 0.32975
1.76128 -13.6389 0.32975
0.866009 -3.97709 0.32975
0.846249 -3.49539 0.32975
0.837251 -3.17019 0.32975
0.864379 -3.16271 0.32975
0.897251 -3.19659 0.32975
0.994599 -3.65738 0.32975
1.09204 -4.06631 0.32975
1.13031 -4.0773 0.32975
1.16499 -4.06627 0.32975
1.20264 -4.07166 0.32975
1.23852 -4.06688 0.32975
1.27259 -4.05297 0.32975
1.29025 -3.96248 0.32975
1.2748 -3.72945 0.32975
1.26502 -3.53891 0.32975
1.25876 -3.37704 0.32975
1.24658 -3.20295 0.32975
1.2372 -3.0516 0.32975
1.22886 -2.9142 0.32975
1.22326 -2.79549 0.32975
1.21978 -2.69153 0.32975
1.21314 -2.58306 0.32975
1.20524 -2.47683 0.32975
1.20097 -2.38811 0.32975
1.19675 -2.30441 0.32975
1.19557 -2.23425 0.32975
1.1955 -2.17091 0.32975
1.18738 -2.08795 0.32975
1.18711 -2.03068 0.32975
1.18238 -1.9642 0.32975
1.17764 -1.90077 0.32975
1.1821 -1.86363 0.32975
1.1856 -1.82563 0.32975
1.17012 -1.74336 0.32975
1.16304 -1.68452 0.32975
1.16176 -1.64154 0.32975
1.16264 -1.6051 0.32975
1.1592 -1.56058 0.32975
1.14997 -1.50538 0.32975
1.1493 -1.47031 0.32975
1.15246 -1.44436 0.32975
1.14451 -1.39699 0.32975
1.15305 -1.38373 0.32975
1.15078 -1.35003 0.32975
1.13765 -1.29705 0.32975
1.14704 -1.28747 0.32975
1.15049 -1.26732 0.32975
1.13641 -1.21676 0.32975
1.1375 -1.19425 0.32975
1.13571 -1.16751 0.32975
1.13712 -1.14689 0.32975
1.1377 -1.12549 0.32975
1.13372 -1.09737 0.32975
1.12876 -1.06858 0.32975
1.12989 -1.05002 0.32975
1.13075 -1.03152 0.32975
1.13077 -1.01225 0.32975
1.13505 -0.999665 0.32975
1.13228 -0.977248 0.32975
1.128 -0.953329 0.32975
1.12101 -0.926324 0.32975
1.12074 -0.909162 0.32975
1.12504 -0.898465 0.32975
1.1219 -0.878242 0.32975
1.13015 -0.873116 0.32975
1.12654 -0.853043 0.32975
1.11886 -0.828438 0.32975
1.12033 -0.815607 0.32975
1.1165 -0.796686 0.32975
1.11303 -0.778656 0.32975
1.12308 -0.776596 0.32975
1.1146 -0.753449 0.32975
1.1178 -0.743888 0.32975
1.10602 -0.718108 0.32975
1.10817 -0.70795 0.32975
1.11089 -0.698536 0.32975
1.11418 -0.689847 0.32975
1.10265 -0.666176 0.32975
1.10137 -0.653367 0.32975
1.10562 -0.646238 0.32975
1.099 -0.628666 0.32975
1.09503 -0.614012 0.32975
1.10183 -0.609707 0.32975
1.0968 -0.594519 0.32975
1.10122 -0.588166 0.32975
1.0906 -0.568528 0.32975
1.08724 -0.555682 0.32975
1.09206 -0.550083 0.32975
1.09378 -0.54187 0.32975
1.08768 -0.527309 0.32975
1.09148 -0.521077 0.32975
1.08504 -0.506727 0.32975
1.0918 -0.502995 0.32975
1.08268 -0.487009 0.32975
1.08691 -0.481452 0.32975
1.08787 -0.473479 0.32975
1.09036 -0.466702 0.32975
1.08545 -0.45469 0.32975
1.07957 -0.442227 0.32975
1.07269 -0.429336 0.32975
1.0789 -0.425546 0.32975
1.09176 -0.426095 0.32975
1.08874 -0.416104 0.32975
1.07042 -0.396527 0.32975
1.07895 -0.39426 0.32975
1.07299 -0.382991 0.32975
1.07287 -0.375463 0.32975
1.07527 -0.369488 0.32975
1.07673 -0.363 0.32975
1.07466 -0.354545 0.32975
1.07073 -0.345184 0.32975
1.07284 -0.33926 0.32975
1.07224 -0.331916 0.32975
1.06625 -0.321839 0.32975
1.0717 -0.317793 0.32975
1.06014 -0.305199 0.32975
1.07716 -0.30686 0.32975
1.06808 -0.295761 0.32975
1.0652 -0.287803 0.32975
1.06404 -0.280747 0.32975
1.07195 -0.277801 0.32975
1.07435 -0.272346 0.32975
1.07394 -0.265697 0.32975
1.05406 -0.25104 0.32975
1.06736 -0.250237 0.32975
1.05835 -0.240425 0.32975
1.06603 -0.23724 0.32975
1.05684 -0.227635 0.32975
1.07008 -0.226417 0.32975
1.05883 -0.216307 0.32975
1.0588 -0.210317 0.32975
1.05967 -0.204662 0.32975
1.06238 -0.199625 0.32975
1.06219 -0.193654 0.32975
1.05621 -0.185948 0.32975
1.05685 -0.18035 0.32975
1.05263 -0.173376 0.32975
1.05605 -0.168627 0.32975
1.06909 -0.166421 0.32975
1.06858 -0.160494 0.32975
1.05152 -0.150475 0.32975
1.05184 -0.14497 0.32975
1.05698 -0.140594 0.32975
1.06307 -0.136357 0.32975
1.05347 -0.128697 0.32975
1.06927 -0.126399 0.32975
1.06741 -0.120401 0.32975
1.04582 -0.110799 0.32975
1.04184 -0.10471 0.32975
1.04963 -0.100679 0.32975
1.05543 -0.0962072 0.32975
1.0424 -0.0888335 0.32975
1.04018 -0.0832255 0.32975
1.04782 -0.0789683 0.32975
1.05445 -0.0744622 0.32975
1.04911 -0.068488 0.32975
1.05466 -0.0637624 0.32975
1.0542 -0.05837 0.32975
1.05269 -0.0529035 0.32975
1.08702 -0.0502923 0.32975
1.15128 -0.0491784 0.32975
1.20159 -0.0460917 0.32975
1.26787 -0.0429678 0.32975
1.35613 -0.03965 0.32975
1.45439 -0.0351438 0.32975
1.54163 -0.0286377 0.32975
1.56083 -0.0194247 0.32975
1.55996 -0.00970385 0.32975
1.557 0 0.32975
1.56696 0.00976494 0.32975
1.56683 0.0195291 0.32975
1.58061 0.0296586 0.32975
1.62928 0.0412513 0.32975
0.450997 0.000130858 0.32975
0.450996 0.000157008 0.32975
0.450994 0.000183145 0.32975
0.450993 0.00020927 0.32975
1.46486 0.0800283 0.32975
1.4701 0.0894218 0.32975
0.450986 0.000287537 0.32975
0.450984 0.000313585 0.32975
0.450981 0.00033961 0.32975
0.450978 0.000365608 0.32975
0.450974 0.000391579 0.32975
0.450971 0.000417519 0.32975
0.450967 0.000443428 0.32975
0.448 0 0.32975
0.448 0 0.32975
0.448 0 0.32975
0.448 0 0.32975
0.448 0 0.32975
1.49848 0.213722 0.32975
1.48092 0.219555 0.32975
1.48678 0.230292 0.32975
0.448 0 0.32975
0.448 0 0.32975
0.448 0 0.32975
0.448 0 0.32975
0.448 0 0.32975
0.448 0 0.32975
0.448 0 0.32975
0.448 0 0.32975
0.448 0 0.32975
0.450861 0.000902117 0.32975
1.45802 0.328176 0.32975
1.44564 0.333805 0.32975
0.450837 0.000976705 0.32975
25.248 8.78212 0.32975
25.2155 9.01462 0.32975
0.448 0 0.32975
0.448 0 0.32975
0.448 0 0.32975
0.448 0 0.32975
21.2214 8.60464 0.32975
21.1815 8.80083 0.32975
0.448 0 0.32975
1.45564 0.448631 0.32975
1.45078 0.456992 0.32975
0.450719 0.00126785 0.32975
0.448 0 0.32975
17.2563 8.19798 0.32975
17.2218 8.36309 0.32975
17.2408 8.55636 0.32975
17.1832 8.71181 0.32975
15.979 8.258 0.32975
15.9169 8.39895 0.32975
15.8798 8.55398 0.32975
1.46893 0.577613 0.32975
1.4448 0.5755 0.32975
1.43887 0.583669 0.32975
0.448 0 0.32975
13.3664 7.91638 0.32975
13.2086 7.97369 0.32975
1.56128 0.709235 0.32975
1.56175 0.723281 0.32975
1.53205 0.717518 0.32975
1.53155 0.730865 0.32975
1.52184 0.738027 0.32975
1.44327 0.696895 0.32975
1.43959 0.707296 0.32975
1.52561 0.78293 0.32975
11.8596 8.4441 0.32975
10.7863 7.79049 0.32975
10.6299 7.81284 0.32975
10.559 7.89955 0.32975
10.5327 8.02172 0.32975
10.5027 8.14215 0.32975
1.45266 0.828174 0.32975
1.44386 0.835624 0.32975
0.450281 0.00194834 0.32975
9.28489 7.6818 0.32975
9.20179 7.7447 0.32975
9.18292 7.86496 0.32975
9.16926 7.99156 0.32975
9.17012 8.13351 0.32975
1.43886 0.940292 0.32975
1.43709 0.955155 0.32975
1.42587 0.960947 0.32975
8.68367 8.23567 0.32975
8.53229 8.22663 0.32975
8.3803 8.21414 0.32975
8.2326 8.20326 0.32975
8.1048 8.21091 0.32975
1.42963 1.07126 0.32975
1.42828 1.08871 0.32975
7.64273 8.13216 0.32975
7.5236 8.13954 0.32975
7.40359 8.14395 0.32975
7.2834 8.14612 0.32975
7.15226 8.13292 0.32975
1.41338 1.19214 0.32975
1.40356 1.2013 0.32975
0.449847 0.00236403 0.32975
6.64702 8.07872 0.32975
6.53536 8.0782 0.32975
6.42002 8.07072 0.32975
1.41491 1.33083 0.32975
1.40616 1.34329 0.32975
1.49535 1.49577 0.32975
1.47999 1.50156 0.32975
1.47915 1.52875 0.32975
1.41665 1.46347 0.32975
1.39458 1.45761 0.32975
5.54858 8.00632 0.32975
5.48329 8.05815 0.32975
5.37934 8.04722 0.32975
1.39773 1.58062 0.32975
1.38796 1.59574 0.32975
5.066 7.99861 0.32975
4.97288 7.9977 0.32975
1.40647 1.72912 0.32975
1.38896 1.73303 0.32975
4.677 7.95359 0.32975
4.58989 7.95649 0.32975
1.39639 1.86131 0.32975
1.38502 1.87936 0.32975
4.32583 7.95073 0.32975
1.3835 1.96132 0.32975
1.36593 1.9685 0.32975
1.48639 2.27854 0.32975
1.38553 2.10572 0.32975
1.36114 2.10007 0.32975
1.42131 2.29298 0.32975
1.36988 2.22563 0.32975
1.3523 2.23822 0.32975
1.37781 2.36047 0.32975
1.34607 2.33955 0.32975
1.3806 2.49436 0.32975
1.3547 2.49113 0.32975
1.35028 2.54796 0.32975
1.35015 2.62003 0.32975
1.33233 2.64298 0.32975
1.33241 2.72192 0.32975
1.3441 2.84208 0.32975
1.32628 2.87274 0.32975
1.32873 2.9733 0.32975
1.30385 2.98472 0.32975
1.30931 3.10578 0.32975
1.31013 3.2175 0.32975
1.29003 3.25588 0.32975
1.28795 3.36887 0.32975
1.28724 3.49567 0.32975
1.28302 3.61686 0.32975
1.26852 3.70114 0.32975
1.26073 3.82358 0.32975
1.25185 3.95106 0.32975
1.24215 4.08553 0.32975
1.2338 4.2398 0.32975
1.22733 4.41982 0.32975
1.21069 4.55763 0.32975
1.19091 4.69053 0.32975
1.18793 4.95101 0.32975
1.1692 5.13157 0.32975
1.15232 5.34984 0.32975
1.13595 5.60292 0.32975
1.11567 5.86009 0.32975
1.09733 6.17797 0.32975
1.07445 6.50591 0.32975
1.04789 6.85681 0.32975
1.00137 7.03126 0.32975
0.940271 7.03981 0.32975
0.87711 7.01589 0.32975
0.816393 7.02935 0.32975
0.754427 7.01831 0.32975
0.693274 7.02372 0.32975
0.631631 7.0126 0.32975
0.574914 7.27089 0.32975
0.520631 8.32268 0.32975
0.448001 9.447 0.32975
0.353667 10.8096 0.32975
0.255901 11.0053 0.32975
0.171781 10.5484 0.32975
0.0905248 10.2368 0.32975
-0.0151062 10.6069 0.32975
-0.373515 15.6755 0.32975
-0.511012 15.6797 0.32975
-0.647316 15.6638 0.32975
-0.784046 15.6546 0.32975
-0.920522 15.6422 0.32975
-1.05755 15.6357 0.32975
-1.19362 15.619 0.32975
-1.33178 15.6209 0.32975
-1.46864 15.6098 0.32975
-1.60753 15.6133 0.32975
-1.7437 15.5947 0.32975
-1.88073 15.5819 0.32975
-2.02053 15.5857 0.32975
-2.15728 15.5685 0.32975
-2.29651 15.5649 0.32975
-2.43242 15.5413 0.32975
-2.5727 15.5401 0.32975
-1.68663 10.4921 0.32975
-1.69682 10.0906 0.32975
-1.83132 10.2814 0.32975
-2.06763 10.8964 0.32975
-2.08301 10.5424 0.32975
-2.03605 9.963 0.32975
-2.00648 9.49075 0.32975
-1.97817 9.05459 0.32975
-1.95287 8.65726 0.32975
-1.92744 8.28415 0.32975
-1.90677 7.94957 0.32975
-1.90091 7.68295 0.32975
-1.86262 7.32836 0.32975
-1.85109 7.07586 0.32975
-1.84326 6.84785 0.32975
-1.90553 6.83515 0.32975
-1.9691 6.82567 0.32975
-2.03746 6.82875 0.32975
-2.09941 6.81335 0.32975
-2.17167 6.82447 0.32975
-2.22746 6.79205 0.32975
-2.23343 6.63678 0.32975
-2.19902 6.39047 0.32975
-2.2121 6.2668 0.32975
-2.1961 6.08103 0.32975
-2.1844 5.91247 0.32975
-2.17328 5.75186 0.32975
-2.15364 5.57923 0.32975
-2.17984 5.50938 0.32975
-2.16688 5.36131 0.32975
-2.14619 5.20315 0.32975
-2.1343 5.06805 0.32975
-2.11932 4.93178 0.32975
-2.11391 4.81825 0.32975
-2.09955 4.69201 0.32975
-2.08707 4.57339 0.32975
-2.08306 4.47363 0.32975
-2.104 4.42019 0.32975
-2.09071 4.30987 0.32975
-2.07311 4.19583 0.32975
-2.07515 4.1174 0.32975
-2.09137 4.06385 0.32975
-2.05474 3.92852 0.32975
-2.04917 3.8453 0.32975
-2.06607 3.79835 0.32975
-2.04265 3.69253 0.32975
-2.08044 3.6789 0.32975
-2.03788 3.5502 0.32975
-2.03509 3.48116 0.32975
-2.03657 3.41972 0.32975
-1.99613 3.30305 0.32975
-2.02245 3.2784 0.32975
-2.01018 3.20356 0.32975
-2.02696 3.1678 0.32975
-2.02152 3.10461 0.32975
-2.01201 3.03786 0.32975
-5.15394 6.7957 0.32975
-1.99781 2.9148 0.32975
0.446052 0.00228122 0.32975
-2.00435 2.8211 0.32975
-2.03881 2.81083 0.32975
-2.0599 2.78531 0.32975
-1.9902 2.66083 0.32975
0.445954 0.00219406 0.32975
-1.97845 2.55694 0.32975
0.445916 0.00215802 0.32975
0.448 0 0.32975
0.448 0 0.32975
