-0.783073 -1.23107 0.32975
-0.765975 -1.23535 0.32975
-0.759316 -1.25021 0.32975
-0.747672 -1.25998 0.32975
-0.752999 -1.28791 0.32975
-0.743066 -1.29982 0.32975
-0.748406 -1.32874 0.32975
-0.736102 -1.33838 0.32975
-0.733562 -1.35923 0.32975
-0.736593 -1.38698 0.32975
-0.726373 -1.39956 0.32975
-0.716023 -1.41207 0.32975
-0.70995 -1.42995 0.32975
-0.706142 -1.45096 0.32975
-0.696515 -1.46491 0.32975
-0.699515 -1.49547 0.32975
-0.697254 -1.5198 0.32975
-0.69168 -1.54019 0.32975
-0.680548 -1.55331 0.32975
-0.680887 -1.58264 0.32975
-0.6699 -1.59653 0.32975
-0.662156 -1.61529 0.32975
-0.66032 -1.64315 0.32975
-0.647595 -1.65526 0.32975
-0.645635 -1.68405 0.32975
-0.63842 -1.70534 0.32975
-0.633035 -1.73002 0.32975
-0.633572 -1.76497 0.32975
-0.627399 -1.78977 0.32975
-0.61377 -1.80253 0.32975
-0.6095 -1.83164 0.32975
-0.60234 -1.85647 0.32975
-0.597249 -1.88568 0.32975
-0.589343 -1.91055 0.32975
-0.586246 -1.94513 0.32975
-0.569694 -1.95497 0.32975
-0.568938 -1.99585 0.32975
-0.557284 -2.01629 0.32975
-0.546664 -2.03936 0.32975
-0.538301 -2.06782 0.32975
-0.540082 -2.11895 0.32975
-0.526114 -2.1375 0.32975
-0.518406 -2.17058 0.32975
-0.507801 -2.19819 0.32975
-0.50343 -2.24143 0.32975
-0.490722 -2.26628 0.32975
-0.481399 -2.30034 0.32975
-0.46752 -2.32418 0.32975
-0.461179 -2.36849 0.32975
-0.449231 -2.39975 0.32975
-0.438516 -2.43568 0.32975
-0.430246 -2.48009 0.32975
-0.423871 -2.5321 0.32975
-0.405867 -2.55194 0.32975
-0.395925 -2.59734 0.32975
-0.372325 -2.60174 0.32975
-0.347251 -2.60115 0.32975
-0.320261 -2.59361 0.32975
-0.28933 -2.57137 0.32975
-0.264725 -2.57 0.32975
-0.239165 -2.56453 0.32975
-0.209498 -2.54236 0.32975
-0.18511 -2.53926 0.32975
-0.161292 -2.53789 0.32975
-0.136198 -2.53044 0.32975
-0.112579 -2.52861 0.32975
-0.0996393 -2.57644 0.32975
-0.086306 -2.6262 0.32975
-0.066612 -2.64745 0.32975
-0.0434894 -2.65184 0.32975
-0.0210238 -2.65997 0.32975
-0.0232107 -2.81585 0.32975
0.00904493 -2.77145 0.32975
0.0379766 -2.74353 0.32975
0.0617944 -2.74799 0.32975
0.0790024 -2.80281 0.32975
0.0968946 -2.85953 0.32975
0.114164 -2.93004 0.32975
0.135878 -2.96964 0.32975
0.154712 -3.04591 0.32975
0.175377 -3.1161 0.32975
0.196617 -3.19412 0.32975
0.21885 -3.277 0.32975
0.240984 -3.38468 0.32975
0.262835 -3.53315 0.32975
0.286041 -3.70947 0.32975
0.271653 -5.04992 0.32975
0.312194 -5.18622 0.32975
0.354786 -5.34019 0.32975
0.399926 -5.50879 0.32975
0.448 -5.67 0.32975
0.499216 -5.86878 0.32975
0.553779 -6.06008 0.32975
0.612129 -6.26785 0.32975
0.673625 -6.46106 0.32975
0.737459 -6.62968 0.32975
0.917872 -8.9657 0.32975
1.016 -9.28665 0.32975
1.12694 -9.70929 0.32975
1.24271 -10.0978 0.32975
1.37072 -10.5467 0.32975
1.51534 -11.0847 0.32975
1.65886 -11.5205 0.32975
1.82149 -12.055 0.32975
2.01719 -12.78 0.32975
2.21506 -13.4222 0.32975
2.36052 -13.6083 0.32975
2.47535 -13.5653 0.32975
2.59146 -13.5333 0.32975
2.75652 -13.7952 0.32975
3.14736 -15.3088 0.32975
3.57133 -16.852 0.32975
3.81864 -17.3404 0.32975
3.85241 -16.7332 0.32975
5.0994 -21.8831 0.32975
5.28651 -21.8251 0.32975
5.47611 -21.7791 0.32975
5.66153 -21.7159 0.32975
5.85036 -21.6677 0.32975
6.03923 -21.6197 0.32975
6.22821 -21.572 0.32975
6.41062 -21.5005 0.32975
6.60105 -21.4582 0.32975
6.79489 -21.4267 0.32975
6.97754 -21.3572 0.32975
5.51399 -16.0673 0.32975
5.71396 -16.207 0.32975
6.05414 -16.755 0.32975
4.89689 -12.9205 0.32975
5.02716 -12.9312 0.32975
5.10973 -12.808 0.32975
5.22938 -12.7884 0.32975
5.34151 -12.748 0.32975
5.26712 -12.2341 0.32975
4.92754 -11.0873 0.32975
4.70229 -10.2708 0.32975
4.51864 -9.58982 0.32975
4.37249 -9.02571 0.32975
3.09342 -5.9417 0.32975
3.00085 -5.60172 0.32975
2.98033 -5.4306 0.32975
3.03925 -5.43266 0.32975
3.08217 -5.40085 0.32975
3.13366 -5.38661 0.32975
3.18556 -5.37277 0.32975
1.66563 -2.33905 0.32975
1.68412 -2.3248 0.32975
1.69195 -2.29108 0.32975
1.68329 -2.22853 0.32975
1.68103 -2.17937 0.32975
1.7005 -2.16939 0.32975
1.72294 -2.16441 0.32975
1.69954 -2.08292 0.32975
1.68005 -2.01053 0.32975
1.69596 -1.99715 0.32975
1.71925 -1.99546 0.32975
1.73662 -1.98429 0.32975
1.75499 -1.97464 0.32975
1.77944 -1.97394 0.32975
1.79605 -1.96142 0.32975
1.82573 -1.9676 0.32975
1.84343 -1.95632 0.32975
1.86456 -1.94973 0.32975
1.89342 -1.95337 0.32975
1.908 -1.93749 0.32975
1.93094 -1.93261 0.32975
1.94714 -1.91881 0.32975
1.96569 -1.908 0.32975
1.9483 -1.85272 0.32975
1.92688 -1.79403 0.32975
1.93927 -1.77722 0.32975
1.95472 -1.76414 0.32975
1.95169 -1.72979 0.32975
1.94552 -1.69264 0.32975
1.93079 -1.64681 0.32975
1.91876 -1.60505 0.32975
1.9102 -1.56802 0.32975
1.89354 -1.52329 0.32975
1.88733 -1.49047 0.32975
1.87225 -1.44932 0.32975
1.85939 -1.41139 0.32975
1.85881 -1.3864 0.32975
1.8428 -1.34694 0.32975
1.84072 -1.32164 0.32975
1.8288 -1.28761 0.32975
1.81639 -1.2539 0.32975
1.81316 -1.22919 0.32975
1.79312 -1.19007 0.32975
1.79138 -1.16779 0.32975
1.77415 -1.13264 0.32975
1.77172 -1.11074 0.32975
1.77365 -1.09278 0.32975
1.75982 -1.06229 0.32975
1.74322 -1.03026 0.32975
1.74979 -1.01707 0.32975
1.73244 -0.985585 0.32975
1.69627 -0.940637 0.32975
1.68674 -0.916622 0.32975
1.67285 -0.889907 0.32975
1.67487 -0.875119 0.32975
1.66936 -0.855202 0.32975
1.65617 -0.830352 0.32975
1.66005 -0.81754 0.32975
1.64212 -0.790374 0.32975
1.64562 -0.777745 0.32975
1.65658 -0.76995 0.32975
1.63188 -0.739767 0.32975
1.63061 -0.724705 0.32975
1.64118 -0.716933 0.32975
1.62326 -0.692282 0.32975
1.62493 -0.6795 0.32975
1.62124 -0.663787 0.32975
1.61037 -0.644312 0.32975
1.61067 -0.631281 0.32975
1.60025 -0.61266 0.32975
1.59845 -0.598888 0.32975
1.59116 -0.58247 0.32975
1.60068 -0.574703 0.32975
1.58138 -0.552786 0.32975
1.58977 -0.544596 0.32975
1.57817 -0.527005 0.32975
1.56816 -0.510487 0.32975
1.57806 -0.503133 0.32975
1.58332 -0.493651 0.32975
1.58114 -0.48099 0.32975
1.5585 -0.459986 0.32975
1.57453 -0.455147 0.32975
1.55241 -0.435037 0.32975
1.55616 -0.425383 0.32975
1.53454 -0.406241 0.32975
1.55872 -0.404268 0.32975
1.54995 -0.39022 0.32975
1.52211 -0.369845 0.32975
1.53099 -0.362362 0.32975
1.53601 -0.353516 0.32975
1.52665 -0.340098 0.32975
1.53723 -0.333011 0.32975
1.52571 -0.319233 0.32975
1.51596 -0.306233 0.32975
1.50703 -0.293695 0.32975
1.51245 -0.285219 0.32975
1.50328 -0.272914 0.32975
1.5163 -0.266356 0.32975
1.50497 -0.253755 0.32975
1.4896 -0.240473 0.32975
1.49459 -0.232023 0.32975
1.51222 -0.226208 0.32975
1.49064 -0.212128 0.32975
1.49049 -0.202639 0.32975
1.49517 -0.194081 0.32975
1.485 -0.182851 0.32975
1.47472 -0.171815 0.32975
1.47717 -0.163005 0.32975
1.46174 -0.151505 0.32975
1.47788 -0.14474 0.32975
1.46027 -0.133267 0.32975
1.4733 -0.125891 0.32975
1.4684 -0.11626 0.32975
1.47932 -0.108396 0.32975
1.45136 -0.0966125 0.32975
1.44718 -0.0874172 0.32975
1.44791 -0.0786945 0.32975
1.44856 -0.0699658 0.32975
1.43715 -0.0604992 0.32975
1.45062 -0.0525452 0.32975
1.43506 -0.0430959 0.32975
1.4394 -0.0346203 0.32975
1.42167 -0.0254964 0.32975
1.43485 -0.0172257 0.32975
1.43796 -0.00863922 0.32975
1.424 0 0.32975
1.42696 0.00854323 0.32975
1.41785 0.0169287 0.32975
1.40467 0.0250514 0.32975
1.41441 0.0337479 0.32975
1.41208 0.0420927 0.32975
1.41268 0.0505565 0.32975
1.40721 0.0586675 0.32975
1.40367 0.0668268 0.32975
1.40105 0.0750069 0.32975
1.40833 0.0840181 0.32975
1.39562 0.0912451 0.32975
1.39677 0.09972 0.32975
1.39686 0.108109 0.32975
1.38496 0.115045 0.32975
1.37698 0.122303 0.32975
1.37885 0.130823 0.32975
1.3846 0.139975 0.32975
1.39421 0.149864 0.32975
1.38201 0.1563 0.32975
1.37076 0.162708 0.32975
1.36734 0.17039 0.32975
1.37564 0.180314 0.32975
1.36521 0.186608 0.32975
1.36257 0.194397 0.32975
1.354 0.200856 0.32975
1.36683 0.212129 0.32975
1.34841 0.21617 0.32975
1.35426 0.225955 0.32975
1.34354 0.231602 0.32975
1.34728 0.24096 0.32975
1.35863 0.25254 0.32975
1.33621 0.254689 0.32975
1.33203 0.261862 0.32975
1.35458 0.277168 0.32975
1.32828 0.277551 0.32975
1.34104 0.290167 0.32975
1.34796 0.301122 0.32975
1.34435 0.308639 0.32975
1.32089 0.309105 0.32975
1.32849 0.320473 0.32975
1.33222 0.330596 0.32975
1.3153 0.332924 0.32975
1.32631 0.345977 0.32975
1.31677 0.351006 0.32975
1.31183 0.357809 0.32975
1.31972 0.370022 0.32975
1.30637 0.373229 0.32975
1.30308 0.380706 0.32975
1.30791 0.391885 0.32975
1.2954 0.395148 0.32975
1.29824 0.405541 0.32975
1.30006 0.415576 0.32975
1.30445 0.427011 0.32975
1.30782 0.438101 0.32975
1.28356 0.434967 0.32975
1.28768 0.446467 0.32975
1.27672 0.449961 0.32975
1.28239 0.462508 0.32975
1.27745 0.46928 0.32975
1.27938 0.48 0.32975
1.27086 0.484699 0.32975
1.27602 0.497527 0.32975
1.28273 0.511526 0.32975
1.27994 0.519851 0.32975
1.25766 0.515808 0.32975
1.26487 0.530478 0.32975
1.25687 0.535379 0.32975
1.26294 0.549687 0.32975
1.26059 0.558477 0.32975
1.26388 0.571282 0.32975
1.26619 0.583607 0.32975
1.25054 0.583083 0.32975
1.24543 0.590064 0.32975
1.23785 0.595195 0.32975
1.25087 0.616066 0.32975
1.25256 0.62859 0.32975
1.22904 0.62127 0.32975
1.24069 0.641907 0.32975
1.25203 0.662794 0.32975
1.22937 0.655643 0.32975
1.24262 0.678673 0.32975
1.22535 0.675741 0.32975
1.22317 0.685812 0.32975
1.2179 0.693219 0.32975
1.22435 0.711396 0.32975
1.21738 0.717462 0.32975
1.20964 0.722772 0.32975
1.20906 0.734949 0.32975
1.2069 0.745767 0.32975
1.21168 0.763675 0.32975
1.20568 0.771024 0.32975
1.19823 0.776887 0.32975
1.19486 0.787031 0.32975
1.20024 0.806683 0.32975
1.20196 0.822802 0.32975
1.18739 0.821175 0.32975
1.18748 0.835835 0.32975
1.18935 0.852822 0.32975
1.17149 0.847092 0.32975
1.17049 0.861034 0.32975
1.17504 0.881967 0.32975
1.16605 0.886724 0.32975
1.17323 0.911738 0.32975
1.15601 0.906212 0.32975
1.15599 0.92267 0.32975
1.14972 0.931209 0.32975
1.15049 0.949355 0.32975
1.14511 0.959494 0.32975
1.14078 0.97124 0.32975
1.13514 0.981344 0.32975
1.13788 1.00379 0.32975
1.13804 1.02303 0.32975
1.11916 1.01401 0.32975
1.12008 1.03492 0.32975
1.11909 1.0534 0.32975
1.11623 1.06939 0.32975
1.10739 1.07603 0.32975
1.1057 1.0946 0.32975
1.10577 1.11667 0.32975
1.1015 1.1319 0.32975
1.09455 1.14278 0.32975
1.0928 1.16324 0.32975
1.08835 1.17937 0.32975
1.08179 1.19198 0.32975
1.07228 1.19924 0.32975
1.0677 1.21622 0.32975
1.06286 1.23322 0.32975
1.05208 1.23854 0.32975
1.05115 1.26452 0.32975
1.04896 1.28877 0.32975
1.04972 1.32035 0.32975
1.04306 1.33652 0.32975
1.03536 1.35083 0.32975
1.02706 1.36419 0.32975
1.02623 1.39598 0.32975
1.01703 1.40839 0.32975
1.01095 1.42912 0.32975
1.00992 1.46385 0.32975
0.994674 1.46215 0.32975
0.993864 1.49975 0.32975
0.985095 1.51671 0.32975
0.975421 1.53174 0.32975
0.975678 1.57706 0.32975
0.961895 1.58161 0.32975
0.957396 1.6156 0.32975
0.949125 1.63911 0.32975
0.938779 1.65684 0.32975
0.936981 1.70528 0.32975
0.928227 1.73164 0.32975
0.91698 1.75026 0.32975
0.905695 1.76977 0.32975
0.900878 1.81639 0.32975
0.890145 1.84167 0.32975
0.878331 1.86397 0.32975
0.871356 1.90963 0.32975
0.861952 1.94749 0.32975
0.853315 1.99219 0.32975
0.840494 2.01921 0.32975
0.828326 2.05205 0.32975
0.818739 2.10256 0.32975
0.805658 2.13728 0.32975
0.79419 2.18575 0.32975
0.783084 2.2421 0.32975
0.770464 2.29445 0.32975
0.756956 2.34675 0.32975
0.741218 2.38807 0.32975
0.725461 2.43524 0.32975
0.70953 2.48829 0.32975
0.692982 2.54423 0.32975
0.675477 2.60007 0.32975
0.657486 2.66177 0.32975
0.640179 2.74829 0.32975
0.618875 2.79378 0.32975
0.598571 2.87306 0.32975
0.576372 2.9402 0.32975
0.553571 3.02316 0.32975
0.529358 3.10694 0.32975
0.503813 3.19751 0.32975
0.476754 3.29487 0.32975
0.448 3.374 0.32975
0.417519 3.49287 0.32975
0.385293 3.59245 0.32975
0.350962 3.70573 0.32975
0.314579 3.82067 0.32975
0.275442 3.95223 0.32975
0.233057 4.10137 0.32975
0.187689 4.25605 0.32975
0.143652 4.35237 0.32975
0.0730431 4.76427 0.32975
0.00908299 5.01684 0.32975
-0.0521236 5.19398 0.32975
-0.107987 5.28986 0.32975
-0.181297 5.52327 0.32975
-0.262985 5.79051 0.32975
-0.3409 5.99229 0.32975
-0.511319 6.82592 0.32975
-0.582674 6.89641 0.32975
-0.700227 7.24963 0.32975
-0.860664 7.82026 0.32975
-1.03826 8.42897 0.32975
-1.24333 9.12559 0.32975
-1.48299 9.93407 0.32975
-1.77954 10.9487 0.32975
-2.14299 12.1897 0.32975
-2.57588 13.6398 0.32975
-3.19373 15.7741 0.32975
-4.01454 18.5878 0.32975
0.448 0 0.32975
0.448 0 0.32975
-8.64509 33.9359 0.32975
-8.96494 33.942 0.32975
0.448 0 0.32975
0.448 0 0.32975
0.448 0 0.32975
0.448 0 0.32975
-10.4461 33.5285 0.32975
-10.704 33.3298 0.32975
-10.9762 33.1782 0.32975
0.448 0 0.32975
-7.37948 21.5058 0.32975
-6.74246 19.2318 0.32975
-6.08576 17.021 0.32975
-5.66377 15.5156 0.32975
-5.23778 14.0728 0.32975
-4.86441 12.8253 0.32975
-4.55375 11.7834 0.32975
-4.35014 11.035 0.32975
-4.15667 10.3422 0.32975
-3.92992 9.60646 0.32975
-3.7672 9.03951 0.32975
-3.63755 8.56553 0.32975
-3.64463 8.39114 0.32975
-3.32594 7.56936 0.32975
-3.23613 7.23052 0.32975
-3.13194 6.877 0.32975
-3.04205 6.56383 0.32975
-2.95653 6.27036 0.32975
-2.87343 5.99202 0.32975
-2.80003 5.74087 0.32975
-2.735 5.51312 0.32975
-2.66727 5.28868 0.32975
-2.60772 5.08557 0.32975
-2.54383 4.88222 0.32975
-2.49676 4.7126 0.32975
-2.52058 4.65974 0.32975
-2.46636 4.48773 0.32975
-2.40993 4.31786 0.32975
-2.37257 4.18167 0.32975
-2.32966 4.04151 0.32975
-2.23003 3.82462 0.32975
-2.20523 3.71969 0.32975
-2.17176 3.60579 0.32975
-2.149 3.50964 0.32975
-2.11754 3.40458 0.32975
-2.08993 3.30749 0.32975
-2.0639 3.21508 0.32975
-2.03646 3.12339 0.32975
-2.00446 3.02854 0.32975
-1.98436 2.95069 0.32975
-1.9721 2.88416 0.32975
-1.94976 2.80742 0.32975
-1.92103 2.72526 0.32975
-1.90629 2.66104 0.32975
-1.88258 2.58837 0.32975
-1.86657 2.52591 0.32975
-1.85102 2.46539 0.32975
-1.82839 2.39881 0.32975
-1.82075 2.34936 0.32975
-1.80402 2.29167 0.32975
-1.78221 2.23021 0.32975
