-3.61999 -4.06799 0.32975
-3.61097 -4.13043 0.32975
-3.61367 -4.20598 0.32975
-3.61191 -4.27826 0.32975
-3.60853 -4.35009 0.32975
-3.60554 -4.42366 0.32975
-3.61362 -4.51089 0.32975
-3.61916 -4.59709 0.32975
-3.61432 -4.67316 0.32975
-3.60715 -4.74797 0.32975
-3.60606 -4.83144 0.32975
-3.61845 -4.933 0.32975
-0.621216 -1.32037 0.32975
-0.593467 -1.3093 0.32975
-0.568457 -1.30101 0.32975
-0.54002 -1.28761 0.32975
-0.511293 -1.27302 0.32975
-0.487061 -1.26366 0.32975
-0.465418 -1.25721 0.32975
-0.433507 -1.23583 0.32975
-0.412938 -1.22955 0.32975
-0.390281 -1.21971 0.32975
-0.365626 -1.20625 0.32975
-0.330783 -1.17661 0.32975
-0.312861 -1.17162 0.32975
-0.299384 -1.17316 0.32975
-0.283819 -1.17115 0.32975
-0.25685 -1.15021 0.32975
-0.246271 -1.15546 0.32975
-0.226011 -1.14424 0.32975
-0.2025 -1.1267 0.32975
-0.188704 -1.12537 0.32975
-0.171587 -1.11776 0.32975
-0.156083 -1.11258 0.32975
-0.142595 -1.11075 0.32975
-0.119951 -1.09102 0.32975
-0.105868 -1.08703 0.32975
-0.0847601 -1.06855 0.32975
-0.0749768 -1.07226 0.32975
-0.0600031 -1.06505 0.32975
-0.0435051 -1.05404 0.32975
-0.0355323 -1.06101 0.32975
-0.0221875 -1.05606 0.32975
-0.00577642 -1.04361 0.32975
0.00803669 -1.03649 0.32975
0.0216907 -1.0292 0.32975
0.0393042 -1.01156 0.32975
0.0448487 -1.02346 0.32975
0.0580956 -1.01574 0.32975
0.0760797 -0.994746 0.32975
0.0881948 -0.988557 0.32975
0.0968352 -0.991659 0.32975
0.107456 -0.989012 0.32975
0.119907 -0.980567 0.32975
0.126622 -0.989099 0.32975
0.14128 -0.972791 0.32975
0.14598 -0.987863 0.32975
0.163985 -0.95882 0.32975
0.172914 -0.959339 0.32975
0.178089 -0.973267 0.32975
0.183228 -0.988142 0.32975
0.192362 -0.988479 0.32975
0.180676 -1.07218 0.32975
0.126779 -1.33798 0.32975
0.142516 -1.32319 0.32975
0.212947 -1.06026 0.32975
0.233435 -1.00945 0.32975
0.239661 -1.02402 0.32975
0.249177 -1.02286 0.32975
0.258839 -1.02062 0.32975
0.267232 -1.02518 0.32975
0.279982 -1.00404 0.32975
0.288593 -1.00645 0.32975
0.300338 -0.988027 0.32975
0.305347 -1.01502 0.32975
0.31408 -1.01722 0.32975
0.313944 -1.0918 0.32975
0.327099 -1.06113 0.32975
0.334482 -1.08005 0.32975
0.34324 -1.08797 0.32975
0.353697 -1.07788 0.32975
0.363578 -1.07268 0.32975
0.37343 -1.0664 0.32975
0.381823 -1.08198 0.32975
0.392367 -1.06154 0.32975
0.399888 -1.10195 0.32975
0.410169 -1.08334 0.32975
0.419964 -1.07063 0.32975
0.429186 -1.07784 0.32975
0.438671 -1.06896 0.32975
0.448 -1.076 0.32975
0.457442 -1.08196 0.32975
0.466901 -1.08283 0.32975
0.476768 -1.09862 0.32975
0.495742 -1.36717 0.32975
0.508326 -1.38168 0.32975
0.520328 -1.38011 0.32975
0.53127 -1.36146 0.32975
0.54259 -1.3527 0.32975
0.554783 -1.3568 0.32975
0.567055 -1.3608 0.32975
0.581226 -1.3836 0.32975
0.591936 -1.36946 0.32975
0.602862 -1.35921 0.32975
0.618495 -1.38857 0.32975
0.630737 -1.38802 0.32975
0.642703 -1.38539 0.32975
0.655377 -1.38759 0.32975
0.669198 -1.39659 0.32975
0.682037 -1.39855 0.32975
0.695622 -1.40434 0.32975
0.709144 -1.409 0.32975
0.721429 -1.40667 0.32975
0.734492 -1.40815 0.32975
0.747185 -1.40755 0.32975
0.758374 -1.40001 0.32975
0.772829 -1.40699 0.32975
0.787196 -1.41285 0.32975
0.799996 -1.41178 0.32975
0.809549 -1.39801 0.32975
0.82277 -1.39866 0.32975
0.836565 -1.40112 0.32975
0.847674 -1.39383 0.32975
0.864082 -1.40467 0.32975
0.878371 -1.40768 0.32975
0.892744 -1.41055 0.32975
0.899783 -1.39044 0.32975
0.916659 -1.40067 0.32975
0.93505 -1.4145 0.32975
0.94871 -1.41396 0.32975
0.961372 -1.41048 0.32975
0.979264 -1.42093 0.32975
0.99487 -1.42464 0.32975
0.999584 -1.40028 0.32975
1.01478 -1.40283 0.32975
1.03121 -1.40799 0.32975
1.05051 -1.41942 0.32975
1.05689 -1.40035 0.32975
1.07722 -1.41325 0.32975
1.0916 -1.41226 0.32975
1.1094 -1.41837 0.32975
1.12562 -1.42067 0.32975
1.13098 -1.40032 0.32975
1.15165 -1.41131 0.32975
1.16394 -1.40512 0.32975
1.17756 -1.40148 0.32975
1.20056 -1.41537 0.32975
1.21098 -1.40523 0.32975
1.23533 -1.42038 0.32975
1.25065 -1.41868 0.32975
1.2695 -1.42288 0.32975
1.2829 -1.41738 0.32975
1.30193 -1.42118 0.32975
1.32214 -1.42647 0.32975
1.33191 -1.41454 0.32975
1.35228 -1.41943 0.32975
1.37715 -1.43077 0.32975
1.38519 -1.41594 0.32975
1.40422 -1.41765 0.32975
1.42675 -1.42409 0.32975
1.44774 -1.42778 0.32975
1.44332 -1.39539 0.32975
1.46957 -1.40607 0.32975
1.47764 -1.39148 0.32975
1.49215 -1.38563 0.32975
1.50298 -1.37488 0.32975
1.52972 -1.38453 0.32975
1.55359 -1.38991 0.32975
1.57008 -1.38565 0.32975
1.60121 -1.39896 0.32975
1.61916 -1.39573 0.32975
1.64298 -1.39915 0.32975
1.65974 -1.39395 0.32975
1.68246 -1.3953 0.32975
1.70931 -1.40083 0.32975
1.73297 -1.4023 0.32975
1.7588 -1.40566 0.32975
1.7662 -1.38909 0.32975
1.78591 -1.38545 0.32975
1.81267 -1.3887 0.32975
1.83888 -1.39088 0.32975
1.87165 -1.39901 0.32975
1.90179 -1.4039 0.32975
1.91471 -1.39185 0.32975
1.93777 -1.38923 0.32975
1.97932 -1.4032 0.32975
2.0034 -1.40049 0.32975
2.0223 -1.39283 0.32975
2.06459 -1.40528 0.32975
2.09048 -1.40281 0.32975
2.11644 -1.39999 0.32975
2.14712 -1.40064 0.32975
2.18414 -1.4059 0.32975
2.212 -1.40315 0.32975
2.24151 -1.40125 0.32975
2.27113 -1.39893 0.32975
2.31281 -1.40524 0.32975
2.34349 -1.40259 0.32975
2.3856 -1.40775 0.32975
2.41816 -1.4053 0.32975
2.45492 -1.40526 0.32975
2.49595 -1.40752 0.32975
2.53717 -1.40917 0.32975
2.57274 -1.40634 0.32975
2.61764 -1.40898 0.32975
2.64841 -1.40181 0.32975
2.69618 -1.40482 0.32975
2.75865 -1.41597 0.32975
2.7915 -1.40811 0.32975
2.85108 -1.41552 0.32975
2.88326 -1.406 0.32975
2.93896 -1.40932 0.32975
2.9879 -1.40789 0.32975
3.05106 -1.41334 0.32975
3.11009 -1.41546 0.32975
3.17645 -1.42034 0.32975
3.21903 -1.41191 0.32975
3.28315 -1.41355 0.32975
3.3574 -1.41901 0.32975
3.42292 -1.41896 0.32975
3.49138 -1.41915 0.32975
3.55643 -1.41659 0.32975
3.64175 -1.42195 0.32975
3.7109 -1.41875 0.32975
3.79496 -1.4207 0.32975
3.89222 -1.42664 0.32975
3.95925 -1.41864 0.32975
4.05988 -1.42276 0.32975
4.16085 -1.42523 0.32975
4.25276 -1.42254 0.32975
4.37498 -1.4293 0.32975
4.47308 -1.42536 0.32975
4.60072 -1.4299 0.32975
4.71546 -1.42787 0.32975
4.84569 -1.4289 0.32975
4.99055 -1.43226 0.32975
5.14059 -1.43467 0.32975
5.29771 -1.43655 0.32975
5.46579 -1.43883 0.32975
5.6439 -1.44095 0.32975
5.82048 -1.43955 0.32975
6.02743 -1.44294 0.32975
6.24552 -1.44548 0.32975
6.46891 -1.44549 0.32975
6.7171 -1.44733 0.32975
6.93744 -1.43867 0.32975
0.450934 -0.000623735 0.32975
7.85721 -1.50742 0.32975
8.01242 -1.47037 0.32975
8.31404 -1.45788 0.32975
8.6741 -1.45048 0.32975
9.51591 -1.51745 0.32975
9.7619 -1.47518 0.32975
10.2877 -1.47056 0.32975
10.9745 -1.47941 0.32975
11.7336 -1.48578 0.32975
12.6027 -1.49241 0.32975
13.738 -1.51421 0.32975
14.8119 -1.50971 0.32975
16.2031 -1.51705 0.32975
18.1603 -1.54963 0.32975
20.3893 -1.56942 0.32975
0.448 0 0.32975
0.448 0 0.32975
0.448 0 0.32975
37.9263 -1.63634 0.32975
37.9421 -1.30933 0.32975
37.9402 -0.98177 0.32975
37.9113 -0.653929 0.32975
37.9196 -0.327008 0.32975
37.915 0 0.32975
37.9266 0.327069 0.32975
37.9303 0.654252 0.32975
0.448 0 0.32975
0.448 0 0.32975
0.448 0 0.32975
18.0818 0.924147 0.32975
15.6376 0.929035 0.32975
14.36 0.972825 0.32975
12.6941 0.963792 0.32975
11.5655 0.972658 0.32975
10.6966 0.986827 0.32975
9.889 0.992288 0.32975
9.19938 0.997095 0.32975
8.60772 1.00189 0.32975
8.15946 1.01523 0.32975
8.06316 1.07024 0.32975
7.15551 1.00244 0.32975
6.90551 1.02277 0.32975
6.57481 1.02528 0.32975
6.28003 1.02834 0.32975
6.01716 1.03218 0.32975
5.77824 1.03609 0.32975
5.54263 1.03651 0.32975
5.34754 1.04143 0.32975
5.15082 1.04259 0.32975
4.95933 1.04152 0.32975
4.78866 1.0421 0.32975
4.62997 1.04268 0.32975
4.49583 1.04684 0.32975
4.35227 1.04615 0.32975
4.23603 1.05051 0.32975
4.10272 1.04797 0.32975
4.09439 1.08011 0.32975
4.11065 1.11978 0.32975
4.116 1.15651 0.32975
4.06867 1.17643 0.32975
4.08482 1.21686 0.32975
4.08257 1.25148 0.32975
4.0734 1.28382 0.32975
4.07897 1.32157 0.32975
3.7863 1.24814 0.32975
3.16659 1.04357 0.32975
3.1183 1.05186 0.32975
3.05617 1.05377 0.32975
2.98959 1.05276 0.32975
2.94257 1.05888 0.32975
2.87179 1.05389 0.32975
2.81682 1.05467 0.32975
2.7684 1.05747 0.32975
2.70471 1.05232 0.32975
2.67378 1.06164 0.32975
2.61589 1.05735 0.32975
2.5851 1.06552 0.32975
2.5383 1.06506 0.32975
2.49699 1.06664 0.32975
2.43375 1.05584 0.32975
2.38491 1.05166 0.32975
2.3468 1.05252 0.32975
2.30795 1.05231 0.32975
2.28224 1.059 0.32975
2.24622 1.05923 0.32975
2.20262 1.05428 0.32975
2.1746 1.05806 0.32975
2.13307 1.05295 0.32975
2.10864 1.05794 0.32975
2.0767 1.05769 0.32975
2.04322 1.05586 0.32975
2.01737 1.05855 0.32975
1.97923 1.05238 0.32975
1.95688 1.05653 0.32975
1.91748 1.04817 0.32975
1.90585 1.05919 0.32975
1.866 1.04927 0.32975
1.84801 1.05498 0.32975
1.82129 1.05377 0.32975
1.80732 1.06202 0.32975
1.78078 1.06014 0.32975
1.7505 1.05474 0.32975
1.73044 1.05716 0.32975
1.70048 1.05096 0.32975
1.69202 1.0625 0.32975
1.65855 1.05232 0.32975
1.63809 1.0529 0.32975
1.62068 1.05589 0.32975
1.59447 1.05054 0.32975
1.57867 1.05437 0.32975
1.55855 1.05387 0.32975
1.54212 1.05658 0.32975
1.52287 1.05627 0.32975
1.50088 1.05288 0.32975
1.48114 1.05133 0.32975
1.46915 1.05743 0.32975
1.45437 1.0605 0.32975
1.4294 1.05242 0.32975
1.42085 1.06168 0.32975
1.40419 1.06195 0.32975
1.38229 1.05603 0.32975
1.37108 1.06188 0.32975
1.35853 1.06609 0.32975
1.34919 1.07399 0.32975
1.32452 1.0633 0.32975
1.30954 1.06391 0.32975
1.29649 1.06669 0.32975
1.27237 1.05515 0.32975
1.26922 1.07023 0.32975
1.24962 1.06378 0.32975
1.23436 1.0627 0.32975
1.22153 1.06467 0.32975
1.20408 1.05998 0.32975
1.19135 1.06162 0.32975
1.17583 1.059 0.32975
1.16265 1.05951 0.32975
1.15945 1.07488 0.32975
1.14677 1.07601 0.32975
1.12446 1.06183 0.32975
1.11676 1.07024 0.32975
1.10948 1.07944 0.32975
1.08819 1.06546 0.32975
1.07532 1.06497 0.32975
1.0635 1.06608 0.32975
1.05023 1.06445 0.32975
1.03413 1.05742 0.32975
1.02393 1.06073 0.32975
1.01277 1.06219 0.32975
1.00487 1.06974 0.32975
0.988249 1.0603 0.32975
0.984776 1.07661 0.32975
0.965278 1.06058 0.32975
0.949976 1.05241 0.32975
0.945422 1.06672 0.32975
0.931947 1.06192 0.32975
0.923069 1.06702 0.32975
0.91015 1.06287 0.32975
0.896169 1.05582 0.32975
0.886173 1.05784 0.32975
0.880296 1.06997 0.32975
0.868011 1.06626 0.32975
0.857256 1.06615 0.32975
0.843034 1.05657 0.32975
0.838245 1.07219 0.32975
0.827205 1.07084 0.32975
0.817194 1.07222 0.32975
0.809727 1.08109 0.32975
0.794099 1.06518 0.32975
0.784189 1.06626 0.32975
0.771948 1.05959 0.32975
0.762973 1.06333 0.32975
0.757265 1.07854 0.32975
0.747841 1.08119 0.32975
0.733736 1.06638 0.32975
0.726673 1.07755 0.32975
0.718227 1.08382 0.32975
0.702689 1.06086 0.32975
0.693871 1.06499 0.32975
0.684136 1.06514 0.32975
0.674832 1.06716 0.32975
0.663916 1.06126 0.32975
0.653692 1.05819 0.32975
0.647548 1.07666 0.32975
0.63745 1.07443 0.32975
0.626912 1.06913 0.32975
0.614603 1.05189 0.32975
0.605713 1.05528 0.32975
0.597194 1.06157 0.32975
0.590926 1.08563 0.32975
0.579132 1.06798 0.32975
0.57026 1.07306 0.32975
0.55995 1.06513 0.32975
0.549692 1.05612 0.32975
0.54117 1.06493 0.32975
0.531637 1.06271 0.32975
0.523686 1.08236 0.32975
0.514421 1.08597 0.32975
0.503528 1.05955 0.32975
0.487083 0.895147 0.32975
0.475396 0.784522 0.32975
0.467737 0.753742 0.32975
0.461089 0.749886 0.32975
0.454589 0.754971 0.32975
0.448 0.76 0.32975
0.44142 0.753971 0.32975
0.434928 0.748886 0.32975
0.427922 0.766737 0.32975
0.421791 0.750543 0.32975
0.415373 0.747288 0.32975
0.408329 0.756961 0.32975
0.402275 0.747603 0.32975
0.395264 0.754158 0.32975
0.388999 0.749682 0.32975
0.381762 0.757108 0.32975
0.374678 0.761478 0.32975
0.366886 0.771749 0.32975
0.36106 0.763063 0.32975
0.353429 0.770216 0.32975
0.350105 0.743584 0.32975
0.349466 0.70111 0.32975
0.344829 0.690333 0.32975
0.338027 0.694345 0.32975
0.330981 0.699276 0.32975
0.325925 0.69232 0.32975
0.319888 0.691228 0.32975
0.31119 0.703827 0.32975
0.30286 0.713385 0.32975
0.294145 0.723829 0.32975
0.293029 0.699028 0.32975
0.283786 0.71129 0.32975
0.275717 0.717609 0.32975
0.272849 0.702494 0.32975
0.266725 0.700939 0.32975
0.229557 0.815241 0.32975
0.158314 1.04458 0.32975
0.14094 1.07085 0.32975
0.196078 0.850473 0.32975
0.236908 0.690452 0.32975
0.246226 0.639944 0.32975
0.238178 0.645767 0.32975
0.23731 0.629687 0.32975
0.228241 0.638225 0.32975
0.219676 0.644767 0.32975
0.215768 0.638051 0.32975
0.209859 0.636937 0.32975
0.201084 0.643237 0.32975
0.198046 0.634545 0.32975
0.188023 0.643466 0.32975
0.1828 0.640249 0.32975
0.172144 0.649876 0.32975
0.165287 0.650196 0.32975
0.15881 0.649531 0.32975
0.156056 0.640613 0.32975
0.150899 0.637134 0.32975
0.140185 0.645348 0.32975
0.13588 0.639941 0.32975
0.128522 0.640773 0.32975
0.118857 0.64598 0.32975
0.112771 0.64397 0.32975
0.107633 0.640137 0.32975
0.0991971 0.642415 0.32975
0.09118 0.64372 0.32975
0.0791747 0.651896 0.32975
0.0775 0.641725 0.32975
0.0658236 0.648807 0.32975
0.0596613 0.646304 0.32975
0.0493336 0.650564 0.32975
0.0357229 0.659781 0.32975
0.0439508 0.63423 0.32975
0.024271 0.652486 0.32975
0.0141774 0.655434 0.32975
0.00847428 0.651623 0.32975
0.00110544 0.650235 0.32975
-0.0114347 0.656141 0.32975
-0.00785185 0.639081 0.32975
-0.0304572 0.65854 0.32975
-0.0290478 0.644693 0.32975
-0.0382665 0.645298 0.32975
-0.0475317 0.64579 0.32975
-0.0574579 0.646957 0.32975
-0.0655747 0.645652 0.32975
-0.0850344 0.658243 0.32975
-0.0818532 0.642763 0.32975
-0.0932272 0.645009 0.32975
-0.107928 0.650908 0.32975
-0.114243 0.646786 0.32975
-0.124504 0.647098 0.32975
-0.130798 0.64282 0.32975
-0.13571 0.637008 0.32975
-0.15625 0.647979 0.32975
-0.166701 0.647759 0.32975
-0.171635 0.641651 0.32975
-0.196837 0.65619 0.32975
-0.189103 0.637103 0.32975
