0.445879 -0.00212132 0.32975
-7.66643 -8.2573 0.32975
-1.67279 -2.19614 0.32975
-1.66318 -2.22472 0.32975
-7.66846 -8.70384 0.32975
-1.56053 -2.19193 0.32975
-1.53999 -2.20788 0.32975
-7.63795 -9.13951 0.32975
-7.5651 -9.21802 0.32975
-1.41527 -2.1816 0.32975
-1.41801 -2.22383 0.32975
-7.64164 -9.81352 0.32975
-7.60164 -9.94047 0.32975
-1.29006 -2.18504 0.32975
-1.31649 -2.25844 0.32975
-1.30767 -2.28803 0.32975
0.446195 -0.00239591 0.32975
-1.161 -2.17443 0.32975
-1.15078 -2.20053 0.32975
-7.46524 -11.094 0.32975
-7.45875 -11.292 0.32975
-1.03882 -2.16333 0.32975
-1.0238 -2.18203 0.32975
-7.43311 -11.9071 0.32975
-7.41931 -12.1146 0.32975
-0.929099 -2.16161 0.32975
-0.900645 -2.15828 0.32975
-7.54727 -13.0471 0.32975
-7.41096 -13.0795 0.32975
-7.42646 -13.3682 0.32975
-0.8 -2.1616 0.32975
-0.554575 -1.77204 0.32975
-0.525497 -1.75624 0.32975
-0.49916 -1.74445 0.32975
-0.484371 -1.75353 0.32975
-0.462568 -1.74919 0.32975
-0.444999 -1.75261 0.32975
-0.429225 -1.75944 0.32975
-0.405947 -1.75085 0.32975
-0.388483 -1.75372 0.32975
-0.378219 -1.77183 0.32975
-0.346967 -1.7444 0.32975
-0.32602 -1.73848 0.32975
-0.308826 -1.74058 0.32975
-0.28931 -1.73699 0.32975
-0.269914 -1.7332 0.32975
-0.255886 -1.74218 0.32975
-0.235891 -1.73616 0.32975
-0.220356 -1.74113 0.32975
-0.198133 -1.72816 0.32975
-0.186105 -1.74219 0.32975
-0.173548 -1.7552 0.32975
-0.151045 -1.73975 0.32975
-0.135841 -1.74492 0.32975
-0.116574 -1.73758 0.32975
-0.0968789 -1.72814 0.32975
-0.0811929 -1.73091 0.32975
-0.0652157 -1.73259 0.32975
-0.0459422 -1.72258 0.32975
-0.030624 -1.72586 0.32975
-0.0152861 -1.72901 0.32975
0.00107186 -1.72814 0.32975
0.0168953 -1.72907 0.32975
0.0313 -1.73568 0.32975
0.0484868 -1.73048 0.32975
0.0636032 -1.7339 0.32975
0.0741749 -1.75871 0.32975
0.0711947 -1.85206 0.32975
0.0751591 -1.9181 0.32975
0.0802486 -1.98421 0.32975
0.0828179 -2.07105 0.32975
0.0873711 -2.15503 0.32975
0.0928938 -2.24205 0.32975
0.101239 -2.32023 0.32975
-0.219057 -4.74636 0.32975
-0.209199 -4.99192 0.32975
-0.199126 -5.27042 0.32975
-0.188768 -5.58884 0.32975
-0.175199 -5.92934 0.32975
-0.160429 -6.31878 0.32975
-0.145182 -6.7801 0.32975
-0.126163 -7.29544 0.32975
-0.106913 -7.93562 0.32975
-0.0785441 -8.60891 0.32975
-0.00549091 -8.65312 0.32975
0.0702994 -8.65076 0.32975
0.145875 -8.65173 0.32975
0.219894 -8.71101 0.32975
0.29194 -8.94064 0.32975
0.36988 -8.95166 0.32975
0.448001 -8.939 0.32975
0.526059 -8.94466 0.32975
0.603954 -8.93464 0.32975
0.681602 -8.92094 0.32975
0.759548 -8.92156 0.32975
0.837304 -8.91651 0.32975
0.915308 -8.91676 0.32975
0.993041 -8.91135 0.32975
1.07099 -8.90924 0.32975
1.14997 -8.91942 0.32975
1.22743 -8.90897 0.32975
1.30544 -8.90481 0.32975
1.38478 -8.91291 0.32975
1.46275 -8.90638 0.32975
1.54166 -8.90711 0.32975
1.62156 -8.91408 0.32975
1.69972 -8.90647 0.32975
1.77873 -8.90411 0.32975
1.85873 -8.90697 0.32975
1.93854 -8.90715 0.32975
2.01709 -8.89872 0.32975
2.09559 -8.88961 0.32975
2.17826 -8.90139 0.32975
2.25487 -8.88106 0.32975
1.44494 -4.69022 0.32975
2.41977 -8.89406 0.32975
2.49775 -8.87846 0.32975
1.48636 -4.3251 0.32975
1.46383 -4.07427 0.32975
1.45803 -3.90551 0.32975
1.48302 -3.86274 0.32975
1.57147 -4.0511 0.32975
1.75507 -4.5583 0.32975
1.78344 -4.50837 0.32975
1.72362 -4.17236 0.32975
1.71968 -4.03327 0.32975
1.88524 -4.42336 0.32975
1.84668 -4.18021 0.32975
1.85934 -4.09882 0.32975
1.80526 -3.83278 0.32975
1.8472 -3.84428 0.32975
2.01833 -4.20004 0.32975
2.1825 -4.51853 0.32975
2.22187 -4.50322 0.32975
2.26746 -4.50333 0.32975
2.31358 -4.50391 0.32975
2.35907 -4.50219 0.32975
2.40386 -4.49818 0.32975
2.45118 -4.49921 0.32975
2.49866 -4.49976 0.32975
2.54419 -4.49529 0.32975
2.59194 -4.49487 0.32975
2.63942 -4.49307 0.32975
2.68791 -4.49257 0.32975
2.73339 -4.48533 0.32975
2.77937 -4.47852 0.32975
2.83151 -4.48273 0.32975
2.88294 -4.4846 0.32975
2.92489 -4.46843 0.32975
2.97807 -4.47189 0.32975
3.0325 -4.47649 0.32975
3.07705 -4.46324 0.32975
3.13135 -4.46584 0.32975
3.18589 -4.46783 0.32975
3.23538 -4.46073 0.32975
3.28602 -4.45479 0.32975
3.33894 -4.45166 0.32975
3.39148 -4.44711 0.32975
3.45646 -4.46022 0.32975
3.51792 -4.46676 0.32975
3.55162 -4.43243 0.32975
0.449742 -0.00244235 0.32975
3.53799 -4.253 0.32975
3.54108 -4.18006 0.32975
3.54735 -4.11297 0.32975
3.54051 -4.03024 0.32975
3.53739 -3.95424 0.32975
3.53754 -3.88408 0.32975
3.5323 -3.80879 0.32975
3.53934 -3.7501 0.32975
3.54045 -3.68544 0.32975
3.53028 -3.60889 0.32975
3.5236 -3.53808 0.32975
3.52852 -3.4819 0.32975
3.52265 -3.41475 0.32975
3.5145 -3.3465 0.32975
3.5204 -3.29475 0.32975
3.52013 -3.23735 0.32975
3.52117 -3.18236 0.32975
3.52709 -3.13331 0.32975
3.52038 -3.07238 0.32975
3.50927 -3.0083 0.32975
3.50447 -2.9516 0.32975
3.504 -2.90004 0.32975
3.50945 -2.85485 0.32975
3.50549 -2.80167 0.32975
3.49861 -2.74678 0.32975
3.50374 -2.70349 0.32975
3.50608 -2.65835 0.32975
3.49343 -2.60104 0.32975
3.49839 -2.55958 0.32975
3.49977 -2.51569 0.32975
3.49597 -2.46819 0.32975
3.50487 -2.43154 0.32975
2.84513 -1.87284 0.32975
2.64321 -1.68444 0.32975
2.62029 -1.63694 0.32975
2.6152 -1.60364 0.32975
2.64125 -1.59349 0.32975
2.66646 -1.58242 0.32975
2.69985 -1.57676 0.32975
2.71352 -1.55705 0.32975
2.72785 -1.53778 0.32975
2.76704 -1.53494 0.32975
2.78118 -1.51519 0.32975
2.80191 -1.4996 0.32975
2.83271 -1.49013 0.32975
2.86182 -1.47919 0.32975
2.89607 -1.47095 0.32975
2.9045 -1.44699 0.32975
2.94215 -1.44 0.32975
2.96159 -1.42212 0.32975
2.99227 -1.41031 0.32975
3.01239 -1.39235 0.32975
3.04122 -1.37884 0.32975
3.07621 -1.36816 0.32975
3.08983 -1.34608 0.32975
3.12117 -1.33279 0.32975
3.16416 -1.32476 0.32975
3.19096 -1.30832 0.32975
3.20589 -1.28603 0.32975
3.25796 -1.28057 0.32975
3.28913 -1.26495 0.32975
3.3129 -1.24569 0.32975
3.34115 -1.22807 0.32975
3.39056 -1.21885 0.32975
3.55314 -1.25456 0.32975
3.9259 -1.36998 0.32975
4.63978 -1.60907 0.32975
4.7136 -1.59484 0.32975
4.75179 -1.56645 0.32975
4.86805 -1.56522 0.32975
4.96001 -1.55361 0.32975
5.07677 -1.54876 0.32975
5.20233 -1.54478 0.32975
5.3358 -1.54112 0.32975
5.45521 -1.53086 0.32975
5.61604 -1.53084 0.32975
5.77051 -1.5262 0.32975
5.93298 -1.52112 0.32975
6.08225 -1.50969 0.32975
6.24914 -1.50028 0.32975
6.4454 -1.49532 0.32975
6.62741 -1.48355 0.32975
6.84474 -1.4768 0.32975
7.05752 -1.4653 0.32975
7.3146 -1.45954 0.32975
7.56421 -1.44781 0.32975
7.84554 -1.43794 0.32975
8.12919 -1.42362 0.32975
8.46926 -1.41436 0.32975
8.79494 -1.3968 0.32975
9.1841 -1.38366 0.32975
9.58749 -1.36591 0.32975
9.98824 -1.34079 0.32975
10.6103 -1.33789 0.32975
11.228 -1.32362 0.32975
11.6366 -1.27478 0.32975
12.6289 -1.28027 0.32975
13.1503 -1.22309 0.32975
14.0202 -1.18741 0.32975
15.0219 -1.14699 0.32975
16.1736 -1.09964 0.32975
17.6339 -1.05114 0.32975
19.1234 -0.978734 0.32975
21.3081 -0.910773 0.32975
0.448 0 0.32975
0.448 0 0.32975
0.448 0 0.32975
0.448 0 0.32975
41.145 0 0.32975
41.1085 0.354836 0.32975
41.0778 0.709192 0.32975
41.0551 1.06334 0.32975
41.0503 1.41786 0.32975
41.0393 1.77226 0.32975
41.0273 2.12667 0.32975
41.0032 2.48046 0.32975
0.448 0 0.32975
19.2449 1.47935 0.32975
15.6699 1.33174 0.32975
13.4598 1.25289 0.32975
11.5797 1.16999 0.32975
10.3956 1.13339 0.32975
9.33327 1.09097 0.32975
8.48763 1.05844 0.32975
7.79579 1.03266 0.32975
3.38043 0.438255 0.32975
3.27674 0.448028 0.32975
2.93048 0.415425 0.32975
2.79874 0.414498 0.32975
2.69375 0.416226 0.32975
2.61445 0.421115 0.32975
2.52152 0.421863 0.32975
2.46298 0.428298 0.32975
2.48846 0.452359 0.32975
2.48736 0.470822 0.32975
2.64945 0.52852 0.32975
3.36762 0.727943 0.32975
3.36697 0.754896 0.32975
3.36896 0.782669 0.32975
3.36202 0.808129 0.32975
3.36158 0.835457 0.32975
3.35514 0.861135 0.32975
3.23276 0.851386 0.32975
3.13462 0.847088 0.32975
3.05009 0.84547 0.32975
2.95537 0.838954 0.32975
2.87893 0.837036 0.32975
2.8046 0.834517 0.32975
2.73051 0.830767 0.32975
2.65761 0.826139 0.32975
2.59617 0.824605 0.32975
2.53586 0.822429 0.32975
2.48224 0.821887 0.32975
2.42695 0.819708 0.32975
2.36449 0.813502 0.32975
2.32797 0.817436 0.32975
2.27144 0.811846 0.32975
2.21969 0.807408 0.32975
2.19355 0.813963 0.32975
2.13493 0.804625 0.32975
2.0856 0.798712 0.32975
2.04188 0.794678 0.32975
2.00815 0.794937 0.32975
1.971 0.792822 0.32975
1.93135 0.788712 0.32975
1.90156 0.789221 0.32975
1.86576 0.785876 0.32975
1.83535 0.784923 0.32975
1.80506 0.7835 0.32975
1.78611 0.788207 0.32975
1.75347 0.784403 0.32975
1.72184 0.780613 0.32975
1.68954 0.775802 0.32975
1.67598 0.782308 0.32975
1.6473 0.778834 0.32975
1.61878 0.77492 0.32975
1.59705 0.775041 0.32975
1.58282 0.779941 0.32975
1.54976 0.77146 0.32975
1.52915 0.771174 0.32975
1.50619 0.768823 0.32975
1.48739 0.769106 0.32975
1.47744 0.77574 0.32975
1.44763 0.767039 0.32975
1.42041 0.759726 0.32975
1.42313 0.775653 0.32975
1.39456 0.766512 0.32975
1.39247 0.77856 0.32975
1.36036 0.76556 0.32975
1.34072 0.762452 0.32975
1.32044 0.758404 0.32975
1.30331 0.756712 0.32975
1.30336 0.770169 0.32975
1.28039 0.762741 0.32975
1.2737 0.769976 0.32975
1.25824 0.768892 0.32975
1.23352 0.758567 0.32975
1.22045 0.759085 0.32975
1.21238 0.764382 0.32975
1.18746 0.752479 0.32975
1.17878 0.756746 0.32975
1.15838 0.748586 0.32975
1.15523 0.758414 0.32975
1.13643 0.751286 0.32975
1.13185 0.759494 0.32975
1.11791 0.757194 0.32975
1.10537 0.756219 0.32975
1.0903 0.752041 0.32975
1.085 0.75915 0.32975
1.06945 0.753877 0.32975
1.04585 0.738289 0.32975
1.04499 0.750521 0.32975
1.03042 0.745458 0.32975
1.01963 0.744959 0.32975
1.0113 0.747523 0.32975
1.00297 0.749998 0.32975
0.981709 0.734587 0.32975
0.981085 0.747358 0.32975
0.962498 0.734779 0.32975
0.953234 0.735121 0.32975
0.944563 0.736185 0.32975
0.93812 0.740491 0.32975
0.933818 0.748094 0.32975
0.913839 0.73122 0.32975
0.91062 0.740346 0.32975
0.900484 0.738386 0.32975
0.892478 0.739735 0.32975
0.877377 0.728938 0.32975
0.8665 0.724863 0.32975
0.861636 0.731099 0.32975
0.850877 0.726809 0.32975
0.840702 0.723266 0.32975
0.833906 0.725783 0.32975
0.827557 0.729123 0.32975
0.814824 0.719933 0.32975
0.813436 0.732951 0.32975
0.800889 0.723529 0.32975
0.785951 0.70853 0.32975
0.793279 0.740453 0.32975
0.776852 0.721599 0.32975
0.768102 0.71896 0.32975
0.759822 0.717141 0.32975
0.753161 0.718914 0.32975
0.748024 0.724321 0.32975
0.740568 0.724131 0.32975
0.732772 0.722934 0.32975
0.727885 0.729126 0.32975
0.716959 0.719364 0.32975
0.71204 0.725443 0.32975
0.699023 0.708866 0.32975
0.692176 0.709139 0.32975
0.694228 0.735899 0.32975
0.681617 0.718999 0.32975
0.67383 0.716241 0.32975
0.662601 0.701928 0.32975
0.659876 0.715279 0.32975
0.649491 0.702682 0.32975
0.645756 0.713087 0.32975
0.640303 0.717683 0.32975
0.631779 0.71062 0.32975
0.627022 0.718019 0.32975
0.619816 0.715664 0.32975
0.614014 0.719085 0.32975
0.606001 0.712696 0.32975
0.601855 0.723829 0.32975
0.594336 0.719265 0.32975
0.5871 0.715606 0.32975
0.580303 0.713843 0.32975
0.572158 0.704138 0.32975
0.566834 0.710126 0.32975
0.560633 0.711136 0.32975
0.553832 0.708135 0.32975
0.547648 0.709032 0.32975
0.539368 0.694011 0.32975
0.534771 0.706693 0.32975
0.52894 0.710404 0.32975
0.522215 0.706111 0.32975
0.516146 0.707727 0.32975
0.508748 0.694348 0.32975
0.503471 0.704821 0.32975
0.497806 0.712261 0.32975
0.492626 0.729637 0.32975
0.485106 0.708028 0.32975
0.478577 0.700333 0.32975
0.472569 0.703571 0.32975
0.466481 0.705758 0.32975
0.460409 0.710892 0.32975
0.454213 0.711973 0.32975
0.448 0.709 0.32975
0.441839 0.705973 0.32975
0.435539 0.713891 0.32975
0.429519 0.705758 0.32975
0.423117 0.712566 0.32975
0.417466 0.699334 0.32975
0.411365 0.699041 0.32975
0.404839 0.705681 0.32975
0.398612 0.706275 0.32975
0.392765 0.70183 0.32975
0.385771 0.711283 0.32975
0.378799 0.718676 0.32975
0.374203 0.702132 0.32975
0.368984 0.693513 0.32975
0.362082 0.699745 0.32975
0.354935 0.7069 0.32975
0.348352 0.709032 0.32975
0.34409 0.695278 0.32975
0.335993 0.707185 0.32975
0.328175 0.716043 0.32975
0.324883 0.698229 0.32975
0.317519 0.704011 0.32975
0.310045 0.709716 0.32975
0.305452 0.700646 0.32975
0.299759 0.697419 0.32975
0.291947 0.703909 0.32975
0.285361 0.70447 0.32975
0.278052 0.707885 0.32975
0.271881 0.706375 0.32975
0.266975 0.699971 0.32975
0.260874 0.698364 0.32975
0.251045 0.710196 0.32975
0.246233 0.703644 0.32975
0.236409 0.714321 0.32975
0.233984 0.700015 0.32975
0.227583 0.699075 0.32975
0.221182 0.698076 0.32975
0.211608 0.706501 0.32975
0.203173 0.71103 0.32975
0.197979 0.706038 0.32975
0.193195 0.700071 0.32975
0.186745 0.698757 0.32975
0.179224 0.700185 0.32975
0.174957 0.693161 0.32975
0.165172 0.700024 0.32975
0.159457 0.696605 0.32975
0.150263 0.701425 0.32975
0.144951 0.696966 0.32975
0.132779 0.707998 0.32975
0.129101 0.69976 0.32975
0.121316 0.700576 0.32975
0.117367 0.693186 0.32975
0.103002 0.707351 0.32975
0.0968424 0.704313 0.32975
0.0879856 0.706568 0.32975
0.0818335 0.7034 0.32975
0.0747703 0.701943 0.32975
0.0662732 0.703054 0.32975
0.060637 0.698821 0.32975
0.0520914 0.699766 0.32975
0.0454999 0.69715 0.32975
0.031311 0.707398 0.32975
0.0236087 0.706306 0.32975
0.0190287 0.700018 0.32975
0.0108167 0.69964 0.32975
0.000429557 0.702545 0.32975
-0.0133091 0.710354 0.32975
-0.026114 0.716308 0.32975
-0.0273141 0.704682 0.32975
-0.0362774 0.704628 0.32975
-0.03954 0.696279 0.32975
-0.0519852 0.700953 0.32975
-0.0580831 0.696564 0.32975
-0.0766336 0.709002 0.32975
-0.0779863 0.698008 0.32975
-0.0864924 0.696564 0.32975
-0.106095 0.70921 0.32975
-0.110396 0.701999 0.32975
-0.121535 0.703317 0.32975
-0.130195 0.701407 0.32975
-0.145936 0.707825 0.32975
-0.142348 0.691209 0.32975
-0.15623 0.695088 0.32975
-0.163598 0.691286 0.32975
-0.178306 0.695584 0.32975
-0.189757 0.69599 0.32975
-0.203308 0.698443 0.32975
-0.218327 0.702162 0.32975
-0.229987 0.702076 0.32975
-0.229779 0.689713 0.32975
-0.240015 0.688015 0.32975
