-0.872168 -1.32017 0.32975
-0.857794 -1.32879 0.32975
-0.826698 -1.31999 0.32975
-0.809624 -1.32526 0.32975
-0.794601 -1.33253 0.32975
-0.772116 -1.33152 0.32975
-0.761788 -1.34361 0.32975
-0.734777 -1.33689 0.32975
-0.718473 -1.34187 0.32975
-0.704121 -1.34896 0.32975
-0.690377 -1.35666 0.32975
-0.688672 -1.37889 0.32975
-0.656457 -1.36389 0.32975
-0.63891 -1.36643 0.32975
-0.629407 -1.37902 0.32975
-0.610636 -1.37964 0.32975
-0.592538 -1.38084 0.32975
-0.572121 -1.37861 0.32975
-0.550059 -1.37371 0.32975
-0.535711 -1.37911 0.32975
-0.51905 -1.38109 0.32975
-0.507527 -1.3903 0.32975
-0.497595 -1.4019 0.32975
-0.485877 -1.41093 0.32975
-0.457735 -1.39471 0.32975
-0.453589 -1.41521 0.32975
-0.428487 -1.40267 0.32975
-0.4136 -1.406 0.32975
-0.404903 -1.41947 0.32975
-0.383348 -1.41135 0.32975
-0.3805 -1.435 0.32975
-0.355143 -1.41955 0.32975
-0.339331 -1.42038 0.32975
-0.326429 -1.42632 0.32975
-0.318178 -1.44097 0.32975
-0.30188 -1.44051 0.32975
-0.29155 -1.45145 0.32975
-0.272609 -1.44532 0.32975
-0.261723 -1.45515 0.32975
-0.239526 -1.44143 0.32975
-0.223963 -1.44103 0.32975
-0.21385 -1.4523 0.32975
-0.204405 -1.46533 0.32975
-0.182024 -1.44895 0.32975
-0.168183 -1.45164 0.32975
-0.155874 -1.45788 0.32975
-0.14725 -1.4733 0.32975
-0.126307 -1.45796 0.32975
-0.123239 -1.48813 0.32975
-0.106729 -1.48369 0.32975
-0.0944439 -1.49035 0.32975
-0.0750754 -1.47712 0.32975
-0.0621652 -1.48163 0.32975
-0.0454087 -1.47464 0.32975
-0.0356117 -1.4884 0.32975
-0.0256116 -1.5021 0.32975
-0.00751518 -1.48992 0.32975
0.00806029 -1.48521 0.32975
0.0188326 -1.49668 0.32975
0.0335132 -1.49459 0.32975
0.0450187 -1.50395 0.32975
0.0554043 -1.51806 0.32975
0.0727792 -1.50493 0.32975
0.0861597 -1.50717 0.32975
0.0993258 -1.51027 0.32975
0.112951 -1.51131 0.32975
0.125945 -1.51515 0.32975
0.139977 -1.51398 0.32975
0.1532 -1.51661 0.32975
0.165717 -1.52306 0.32975
0.180061 -1.51956 0.32975
0.192671 -1.52578 0.32975
0.202554 -1.54968 0.32975
0.218748 -1.53396 0.32975
0.232142 -1.53591 0.32975
0.245684 -1.53674 0.32975
0.258737 -1.54142 0.32975
0.271969 -1.545 0.32975
0.285981 -1.54151 0.32975
0.299056 -1.54685 0.32975
0.311863 -1.55606 0.32975
0.325133 -1.56117 0.32975
0.339459 -1.55221 0.32975
0.351848 -1.57206 0.32975
0.365571 -1.57284 0.32975
0.378776 -1.58549 0.32975
0.393243 -1.56804 0.32975
0.4063 -1.59245 0.32975
0.42053 -1.57376 0.32975
0.434238 -1.57694 0.32975
0.448 -1.575 0.32975
0.461762 -1.57694 0.32975
0.475819 -1.59376 0.32975
0.489595 -1.58846 0.32975
0.503595 -1.59203 0.32975
0.518271 -1.60947 0.32975
0.532941 -1.62078 0.32975
0.546532 -1.61099 0.32975
0.560726 -1.61206 0.32975
0.575261 -1.617 0.32975
0.590151 -1.62479 0.32975
0.602887 -1.60856 0.32975
0.617127 -1.60914 0.32975
0.632974 -1.6235 0.32975
0.647134 -1.62182 0.32975
0.663238 -1.63489 0.32975
0.678053 -1.63691 0.32975
0.693216 -1.64078 0.32975
0.70815 -1.64253 0.32975
0.721484 -1.63428 0.32975
0.738861 -1.64955 0.32975
0.751604 -1.6381 0.32975
0.76646 -1.63834 0.32975
0.782739 -1.64529 0.32975
0.798539 -1.64916 0.32975
0.817895 -1.66849 0.32975
0.831092 -1.65935 0.32975
0.849059 -1.67053 0.32975
0.864831 -1.67182 0.32975
0.87665 -1.65747 0.32975
0.896792 -1.67492 0.32975
0.916202 -1.68828 0.32975
0.926231 -1.66779 0.32975
0.949571 -1.69328 0.32975
0.962282 -1.68214 0.32975
0.982956 -1.69666 0.32975
0.996505 -1.68813 0.32975
1.01629 -1.69845 0.32975
1.03305 -1.6991 0.32975
1.04585 -1.68827 0.32975
1.06603 -1.69802 0.32975
1.08082 -1.69257 0.32975
1.10489 -1.71125 0.32975
1.11796 -1.7008 0.32975
1.13765 -1.70695 0.32975
1.16132 -1.72211 0.32975
1.18179 -1.72871 0.32975
1.20044 -1.73049 0.32975
1.21795 -1.72934 0.32975
1.23509 -1.72711 0.32975
1.25858 -1.7383 0.32975
1.2862 -1.75733 0.32975
1.30107 -1.74905 0.32975
1.31719 -1.74333 0.32975
1.33464 -1.74014 0.32975
1.35857 -1.74919 0.32975
1.38741 -1.76678 0.32975
1.40709 -1.76642 0.32975
1.42683 -1.76586 0.32975
1.4486 -1.76856 0.32975
1.476 -1.78055 0.32975
1.4986 -1.78357 0.32975
1.52597 -1.79405 0.32975
1.53898 -1.78031 0.32975
1.56295 -1.78429 0.32975
1.56236 -1.74919 0.32975
1.57867 -1.74108 0.32975
1.58113 -1.71197 0.32975
1.58596 -1.68709 0.32975
1.58987 -1.66144 0.32975
1.59228 -1.63421 0.32975
1.59489 -1.60788 0.32975
1.60417 -1.59134 0.32975
1.59422 -1.54903 0.32975
1.59927 -1.52779 0.32975
1.60099 -1.50261 0.32975
1.62453 -1.50589 0.32975
1.64136 -1.50026 0.32975
1.67643 -1.51699 0.32975
1.70553 -1.5255 0.32975
1.72908 -1.52673 0.32975
1.7391 -1.51169 0.32975
1.74568 -1.49282 0.32975
1.75866 -1.48143 0.32975
1.78626 -1.48629 0.32975
1.8181 -1.4952 0.32975
1.92589 -1.58484 0.32975
1.88322 -1.51241 0.32975
1.87413 -1.4768 0.32975
1.87926 -1.45646 0.32975
1.89333 -1.44533 0.32975
1.9337 -1.45999 0.32975
1.96725 -1.46712 0.32975
1.99885 -1.4717 0.32975
2.02041 -1.4663 0.32975
2.05748 -1.47481 0.32975
2.08589 -1.47476 0.32975
2.12416 -1.48294 0.32975
2.15893 -1.48729 0.32975
2.19541 -1.49243 0.32975
2.23288 -1.49769 0.32975
2.27366 -1.50496 0.32975
2.30616 -1.50471 0.32975
2.36226 -1.52267 0.32975
2.40069 -1.52561 0.32975
2.46788 -1.54991 0.32975
2.51407 -1.5569 0.32975
2.5742 -1.57331 0.32975
2.65095 -1.60054 0.32975
2.71287 -1.61552 0.32975
2.81535 -1.65764 0.32975
3.64561 -2.19766 0.32975
3.71026 -2.20042 0.32975
3.81023 -2.22541 0.32975
3.90332 -2.24391 0.32975
3.98603 -2.25397 0.32975
4.12005 -2.29455 0.32975
4.21241 -2.30683 0.32975
4.31983 -2.32643 0.32975
4.44251 -2.35295 0.32975
4.57981 -2.3855 0.32975
4.67967 -2.39416 0.32975
4.80798 -2.41678 0.32975
4.94051 -2.43924 0.32975
5.08789 -2.46707 0.32975
5.2556 -2.50268 0.32975
5.41625 -2.53145 0.32975
5.58134 -2.55939 0.32975
5.70594 -2.56447 0.32975
7.49268 -3.36014 0.32975
7.74015 -3.40039 0.32975
8.03253 -3.45647 0.32975
8.33738 -3.51258 0.32975
8.66761 -3.57399 0.32975
9.02803 -3.642 0.32975
9.41148 -3.71279 0.32975
9.82832 -3.78989 0.32975
10.2639 -3.86659 0.32975
10.7846 -3.96785 0.32975
11.3593 -4.07957 0.32975
11.9602 -4.19009 0.32975
12.5873 -4.29876 0.32975
12.6556 -4.20341 0.32975
12.6709 -4.08974 0.32975
12.6948 -3.97921 0.32975
12.7967 -3.89354 0.32975
13.7502 -4.06689 0.32975
15.0566 -4.32726 0.32975
16.4319 -4.5833 0.32975
16.3633 -4.41371 0.32975
16.1037 -4.19494 0.32975
21.3125 -5.39594 0.32975
21.3336 -5.20737 0.32975
21.3637 -5.02141 0.32975
21.4096 -4.83937 0.32975
21.4491 -4.65583 0.32975
21.4801 -4.47052 0.32975
21.5115 -4.28542 0.32975
21.551 -4.10201 0.32975
21.5742 -3.91551 0.32975
21.6125 -3.73187 0.32975
21.6344 -3.54539 0.32975
21.6784 -3.36256 0.32975
16.4394 -2.38993 0.32975
17.1211 -2.34326 0.32975
16.9149 -2.16791 0.32975
14.3327 -1.70483 0.32975
13.1925 -1.45206 0.32975
13.163 -1.3364 0.32975
13.198 -1.22769 0.32975
13.2013 -1.11577 0.32975
12.8197 -0.973678 0.32975
11.6915 -0.786226 0.32975
10.9614 -0.643026 0.32975
10.3145 -0.517079 0.32975
9.72017 -0.404831 0.32975
9.23365 -0.306802 0.32975
6.14305 -0.149131 0.32975
5.91917 -0.0955003 0.32975
5.6108 -0.0450548 0.32975
5.596 0 0.32975
5.6098 0.0450461 0.32975
5.61821 0.0902459 0.32975
5.61423 0.135283 0.32975
5.61285 0.180361 0.32975
5.64405 0.226864 0.32975
5.64686 0.272461 0.32975
5.6403 0.317574 0.32975
5.6493 0.363711 0.32975
5.66387 0.410498 0.32975
5.66408 0.456347 0.32975
2.21483 0.170126 0.32975
2.22223 0.186479 0.32975
2.20066 0.199691 0.32975
2.1929 0.214246 0.32975
2.21773 0.232989 0.32975
2.11561 0.234367 0.32975
2.07691 0.243442 0.32975
2.09744 0.261246 0.32975
2.08228 0.273484 0.32975
2.07687 0.287214 0.32975
2.0684 0.300324 0.32975
2.04707 0.310828 0.32975
2.0051 0.316796 0.32975
1.95728 0.320808 0.32975
1.92806 0.328122 0.32975
1.96217 0.349574 0.32975
1.9435 0.359039 0.32975
1.94711 0.373769 0.32975
1.96121 0.391344 0.32975
1.94422 0.400911 0.32975
1.95608 0.418228 0.32975
1.96872 0.436058 0.32975
1.97252 0.451584 0.32975
1.97522 0.466918 0.32975
1.97585 0.481731 0.32975
1.96398 0.492573 0.32975
1.96816 0.50864 0.32975
1.96934 0.523839 0.32975
1.96754 0.538097 0.32975
1.9891 0.560913 0.32975
1.97384 0.570488 0.32975
1.99027 0.592024 0.32975
1.99994 0.611324 0.32975
1.98342 0.620349 0.32975
1.96039 0.626453 0.32975
1.9429 0.634547 0.32975
1.8832 0.624042 0.32975
1.87039 0.633289 0.32975
1.85935 0.643189 0.32975
1.8419 0.649987 0.32975
1.83798 0.662987 0.32975
1.83124 0.674653 0.32975
1.82351 0.685806 0.32975
1.79164 0.684618 0.32975
1.77053 0.688467 0.32975
1.75388 0.694348 0.32975
1.73898 0.700946 0.32975
1.70483 0.696671 0.32975
1.68303 0.698749 0.32975
1.67516 0.7085 0.32975
1.64739 0.706493 0.32975
1.64118 0.716933 0.32975
1.62635 0.722093 0.32975
1.60559 0.72334 0.32975
1.59248 0.729115 0.32975
1.5584 0.721102 0.32975
1.5529 0.731317 0.32975
1.53155 0.730865 0.32975
1.51442 0.73293 0.32975
1.50061 0.737046 0.32975
1.49251 0.745042 0.32975
1.47707 0.747663 0.32975
1.46488 0.752451 0.32975
1.43511 0.743843 0.32975
1.43255 0.755473 0.32975
1.41489 0.755417 0.32975
1.40122 0.758223 0.32975
1.38524 0.75896 0.32975
1.38167 0.769655 0.32975
1.36113 0.766203 0.32975
1.34832 0.768947 0.32975
1.33403 0.770213 0.32975
1.32053 0.771952 0.32975
1.31153 0.77753 0.32975
1.29513 0.776253 0.32975
1.27443 0.770658 0.32975
1.26332 0.77371 0.32975
1.26445 0.788437 0.32975
1.24898 0.787121 0.32975
1.24137 0.793374 0.32975
1.2183 0.783862 0.32975
1.21351 0.792712 0.32975
1.20106 0.793559 0.32975
1.19752 0.803758 0.32975
1.18642 0.805844 0.32975
1.16932 0.80111 0.32975
1.14839 0.791646 0.32975
1.14211 0.798483 0.32975
1.13577 0.80527 0.32975
1.12807 0.810475 0.32975
1.12352 0.819465 0.32975
1.1113 0.819112 0.32975
1.09915 0.818608 0.32975
1.0809 0.810075 0.32975
1.08233 0.826674 0.32975
1.06967 0.824991 0.32975
1.0571 0.823149 0.32975
1.04578 0.82277 0.32975
1.04206 0.83284 0.32975
1.01183 0.805226 0.32975
1.01101 0.819181 0.32975
0.992095 0.806653 0.32975
0.983379 0.808869 0.32975
0.971398 0.805963 0.32975
0.961658 0.806282 0.32975
0.956722 0.814126 0.32975
0.936536 0.797219 0.32975
0.928016 0.79888 0.32975
0.926101 0.811655 0.32975
0.9325 0.839179 0.32975
0.91531 0.825968 0.32975
0.896934 0.809898 0.32975
0.890803 0.815542 0.32975
0.888834 0.829088 0.32975
0.882967 0.835564 0.32975
0.866579 0.821508 0.32975
0.862518 0.831394 0.32975
0.856124 0.836777 0.32975
0.840626 0.823158 0.32975
0.842303 0.845585 0.32975
0.824542 0.826245 0.32975
0.820978 0.837721 0.32975
0.813653 0.840944 0.32975
0.805519 0.842262 0.32975
0.79739 0.843502 0.32975
0.794137 0.856718 0.32975
0.78115 0.845749 0.32975
0.769815 0.838355 0.32975
0.763887 0.844878 0.32975
0.758896 0.854181 0.32975
0.751097 0.855918 0.32975
0.739709 0.847185 0.32975
0.732305 0.849698 0.32975
0.725806 0.855 0.32975
0.717132 0.853577 0.32975
0.714058 0.870237 0.32975
0.699922 0.850473 0.32975
0.695247 0.862252 0.32975
0.685842 0.857631 0.32975
0.679643 0.864504 0.32975
0.671589 0.864556 0.32975
0.662585 0.860652 0.32975
0.653198 0.854713 0.32975
0.647307 0.863292 0.32975
0.644527 0.886477 0.32975
0.631586 0.863704 0.32975
0.626434 0.877033 0.32975
0.618965 0.879538 0.32975
0.609825 0.87313 0.32975
0.600289 0.863676 0.32975
0.594232 0.873849 0.32975
0.589886 0.895833 0.32975
0.578959 0.876268 0.32975
0.571447 0.878368 0.32975
0.563124 0.874454 0.32975
0.556708 0.885351 0.32975
0.547959 0.877324 0.32975
0.541971 0.894075 0.32975
0.533399 0.886898 0.32975
0.526353 0.895579 0.32975
0.517201 0.879281 0.32975
0.509525 0.879852 0.32975
0.501967 0.882351 0.32975
0.49505 0.897768 0.32975
0.487127 0.896146 0.32975
0.479375 0.898452 0.32975
0.471533 0.898692 0.32975
0.463934 0.912861 0.32975
0.455845 0.898966 0.32975
0.448 0.916 0.32975
0.44005 0.910965 0.32975
0.432258 0.901863 0.32975
0.423891 0.920684 0.32975
0.416276 0.908446 0.32975
0.407783 0.921122 0.32975
0.399432 0.926728 0.32975
0.392446 0.908303 0.32975
0.383336 0.924742 0.32975
0.37668 0.906198 0.32975
0.367555 0.919488 0.32975
0.359438 0.919746 0.32975
0.350579 0.926894 0.32975
0.341589 0.933958 0.32975
0.334662 0.923068 0.32975
0.326219 0.925018 0.32975
0.316899 0.932833 0.32975
0.306399 0.947477 0.32975
0.301108 0.927439 0.32975
0.292195 0.931054 0.32975
0.283034 0.935567 0.32975
0.273783 0.939992 0.32975
0.261198 0.961013 0.32975
0.255012 0.948567 0.32975
0.248613 0.938044 0.32975
0.237621 0.94896 0.32975
0.224399 0.968524 0.32975
0.220391 0.948061 0.32975
0.210917 0.95089 0.32975
0.201876 0.951689 0.32975
0.18944 0.96496 0.32975
0.183434 0.953994 0.32975
0.17319 0.958378 0.32975
0.164269 0.957861 0.32975
0.150366 0.973518 0.32975
0.143385 0.966115 0.32975
0.134039 0.966274 0.32975
0.11959 0.981515 0.32975
0.109734 0.982394 0.32975
0.0991717 0.98506 0.32975
0.0861426 0.994195 0.32975
0.0778307 0.990062 0.32975
0.0709969 0.982127 0.32975
0.0602418 0.984382 0.32975
0.0494187 0.986524 0.32975
0.0369982 0.992247 0.32975
0.0295272 0.985861 0.32975
0.0101738 1.00693 0.32975
0.0022165 1.00125 0.32975
-0.00857736 1.00187 0.32975
-0.0194158 1.00238 0.32975
-0.0307284 1.00367 0.32975
-0.0420989 1.00485 0.32975
-0.0495105 0.997852 0.32975
-0.071819 1.0202 0.32975
-0.0765463 1.00764 0.32975
-0.09377 1.01892 0.32975
-0.099778 1.00888 0.32975
-0.115349 1.01631 0.32975
-0.130105 1.0218 0.32975
-0.1385 1.01585 0.32975
-0.161046 1.03395 0.32975
-0.167985 1.02517 0.32975
-0.179521 1.02402 0.32975
-0.201151 1.03886 0.32975
-0.215565 1.04159 0.32975
-0.235522 1.05253 0.32975
-0.243577 1.04486 0.32975
-0.255465 1.04293 0.32975
-0.276434 1.05406 0.32975
-0.282163 1.04278 0.32975
-0.2953 1.04207 0.32975
-0.323762 1.06224 0.32975
-0.327649 1.04823 0.32975
-0.347599 1.0558 0.32975
-0.373828 1.07103 0.32975
-0.376986 1.05593 0.32975
-0.407335 1.0753 0.32975
-0.42235 1.07479 0.32975
-0.429788 1.06484 0.32975
-0.455759 1.07706 0.32975
-0.480061 1.08662 0.32975
-0.481636 1.06942 0.32975
-0.503522 1.0755 0.32975
-0.531607 1.08796 0.32975
-0.545793 1.08454 0.32975
-0.577043 1.09922 0.32975
-0.596922 1.10112 0.32975
-0.61969 1.10563 0.32975
-0.633503 1.10055 0.32975
-0.660743 1.10874 0.32975
