-0.829035 -1.27703 0.32975
-0.798918 -1.26887 0.32975
-0.744034 -1.23439 0.32975
-0.722891 -1.23386 0.32975
-0.693665 -1.22429 0.32975
-0.668075 -1.21798 0.32975
-0.645359 -1.2143 0.32975
-0.624119 -1.21181 0.32975
-0.59907 -1.20452 0.32975
-0.578128 -1.20144 0.32975
-0.551535 -1.1912 0.32975
-0.527108 -1.1829 0.32975
-0.497239 -1.16727 0.32975
-0.480169 -1.16687 0.32975
-0.452713 -1.15286 0.32975
-0.438965 -1.15592 0.32975
-0.408985 -1.13726 0.32975
-0.388915 -1.13103 0.32975
-0.370197 -1.12615 0.32975
-0.353951 -1.12429 0.32975
-0.345256 -1.13289 0.32975
-0.313816 -1.10845 0.32975
-0.304114 -1.11506 0.32975
-0.276141 -1.09406 0.32975
-0.275825 -1.11459 0.32975
-0.244042 -1.08629 0.32975
-0.229237 -1.08381 0.32975
-0.211916 -1.07688 0.32975
-0.200433 -1.07917 0.32975
-0.185915 -1.07617 0.32975
-0.1675 -1.06608 0.32975
-0.159651 -1.07402 0.32975
-0.141528 -1.06354 0.32975
-0.125545 -1.05634 0.32975
-0.109263 -1.04806 0.32975
-0.0927077 -1.03869 0.32975
-0.0777209 -1.03179 0.32975
-0.0713742 -1.0417 0.32975
-0.0526198 -1.02642 0.32975
-0.0401996 -1.02353 0.32975
-0.0320944 -1.02957 0.32975
-0.0135536 -1.01279 0.32975
-0.00388433 -1.01495 0.32975
0.00937604 -1.00877 0.32975
0.0166328 -1.01624 0.32975
0.0350846 -0.996866 0.32975
0.0475455 -0.99116 0.32975
0.0606082 -0.983451 0.32975
0.0699218 -0.984927 0.32975
0.0844847 -0.972266 0.32975
0.0943512 -0.971642 0.32975
0.103511 -0.972806 0.32975
0.107781 -0.988067 0.32975
0.124349 -0.96729 0.32975
0.133421 -0.968176 0.32975
0.148497 -0.949902 0.32975
0.157967 -0.948654 0.32975
0.166257 -0.951149 0.32975
0.177875 -0.942036 0.32975
0.188244 -0.936649 0.32975
0.197204 -0.935982 0.32975
0.204631 -0.94104 0.32975
0.214787 -0.935365 0.32975
0.22576 -0.925696 0.32975
0.232947 -0.931498 0.32975
0.24433 -0.918695 0.32975
0.251524 -0.924349 0.32975
0.259398 -0.927009 0.32975
0.267685 -0.927638 0.32975
0.279432 -0.909511 0.32975
0.290675 -0.892236 0.32975
0.299127 -0.88963 0.32975
0.305958 -0.896821 0.32975
0.313346 -0.900993 0.32975
0.322605 -0.892232 0.32975
0.332354 -0.87842 0.32975
0.337343 -0.901232 0.32975
0.347249 -0.884279 0.32975
0.352775 -0.906009 0.32975
0.359151 -0.922732 0.32975
0.36433 -0.956347 0.32975
0.370953 -0.978973 0.32975
0.377616 -1.00654 0.32975
0.384509 -1.03806 0.32975
0.392472 -1.05955 0.32975
0.40076 -1.08197 0.32975
0.408947 -1.11832 0.32975
0.418472 -1.12761 0.32975
0.427319 -1.18482 0.32975
0.437598 -1.19195 0.32975
0.448 -1.233 0.32975
0.459275 -1.29195 0.32975
0.470566 -1.2928 0.32975
0.483627 -1.36053 0.32975
0.495847 -1.37016 0.32975
0.506668 -1.34372 0.32975
0.519072 -1.35614 0.32975
0.531209 -1.36046 0.32975
0.543706 -1.36866 0.32975
0.559412 -1.41562 0.32975
0.577339 -1.47835 0.32975
0.582855 -1.40052 0.32975
0.579392 -1.25011 0.32975
0.58973 -1.24395 0.32975
0.612036 -1.33597 0.32975
0.661541 -1.622 0.32975
0.689048 -1.71514 0.32975
0.721743 -1.83166 0.32975
0.742409 -1.85883 0.32975
0.751357 -1.81279 0.32975
0.448521 -0.00295442 0.32975
0.448547 -0.00294976 0.32975
0.448572 -0.00294488 0.32975
0.448598 -0.00293977 0.32975
0.708098 -1.22366 0.32975
0.71855 -1.22037 0.32975
0.749659 -1.30663 0.32975
0.4487 -0.00291711 0.32975
0.448726 -0.00291089 0.32975
0.448751 -0.00290444 0.32975
0.448776 -0.00289778 0.32975
0.824539 -1.35776 0.32975
0.836649 -1.35538 0.32975
0.840225 -1.32413 0.32975
0.834223 -1.26328 0.32975
0.822679 -1.18833 0.32975
0.833035 -1.18502 0.32975
0.873823 -1.27265 0.32975
0.895982 -1.30103 0.32975
0.912993 -1.3131 0.32975
0.449026 -0.00281908 0.32975
0.449051 -0.00281002 0.32975
0.449075 -0.00280074 0.32975
0.4491 -0.00279125 0.32975
0.449124 -0.00278155 0.32975
0.956204 -1.22691 0.32975
0.937195 -1.15247 0.32975
0.947234 -1.14816 0.32975
0.962522 -1.15563 0.32975
0.449244 -0.00272988 0.32975
0.449268 -0.00271892 0.32975
0.449292 -0.00270776 0.32975
0.449315 -0.00269638 0.32975
0.449339 -0.0026848 0.32975
0.449362 -0.00267302 0.32975
0.449385 -0.00266103 0.32975
0.449408 -0.00264884 0.32975
1.05495 -1.11786 0.32975
1.06274 -1.10902 0.32975
1.07141 -1.10187 0.32975
0.4495 -0.00259808 0.32975
0.448 0 0.32975
0.448 0 0.32975
0.448 0 0.32975
0.448 0 0.32975
0.449612 -0.00253017 0.32975
1.21975 -1.1884 0.32975
1.21519 -1.1591 0.32975
1.17607 -1.07941 0.32975
1.18263 -1.06889 0.32975
1.2143 -1.09439 0.32975
1.25111 -1.12592 0.32975
1.26796 -1.12858 0.32975
1.29503 -1.14469 0.32975
13.2781 -17.0261 0.32975
13.439 -16.9302 0.32975
12.7988 -15.8083 0.32975
0.448 0 0.32975
1.29632 -1.04759 0.32975
1.30098 -1.03475 0.32975
1.32091 -1.04029 0.32975
12.7278 -14.3778 0.32975
0.448 0 0.32975
12.1081 -13.1794 0.32975
12.2588 -13.1172 0.32975
11.5371 -12.1017 0.32975
11.5598 -11.9159 0.32975
0.450065 -0.00217612 0.32975
1.41566 -1.00204 0.32975
1.41666 -0.985712 0.32975
0.448 0 0.32975
11.2167 -10.5823 0.32975
11.3338 -10.5123 0.32975
11.5375 -10.5236 0.32975
10.7557 -9.61209 0.32975
10.7094 -9.40286 0.32975
10.7643 -9.28887 0.32975
1.52949 -0.956823 0.32975
1.54082 -0.949973 0.32975
10.3234 -8.43438 0.32975
10.2748 -8.24568 0.32975
10.28 -8.10491 0.32975
10.2486 -7.93636 0.32975
10.1633 -7.7279 0.32975
10.0507 -7.50245 0.32975
1.67135 -0.93871 0.32975
1.65314 -0.908139 0.32975
9.81856 -6.93385 0.32975
9.89489 -6.86357 0.32975
10.0236 -6.83023 0.32975
10.1255 -6.77623 0.32975
10.2625 -6.74533 0.32975
10.3666 -6.69018 0.32975
1.77638 -0.879236 0.32975
1.78987 -0.871423 0.32975
1.96104 -0.963916 0.32975
1.95159 -0.939547 0.32975
1.93756 -0.912805 0.32975
1.95747 -0.906982 0.32975
1.96705 -0.89479 0.32975
1.90898 -0.8435 0.32975
1.91629 -0.830719 0.32975
9.94899 -5.26649 0.32975
9.92692 -5.14663 0.32975
9.87347 -5.01161 0.32975
9.86007 -4.89961 0.32975
2.00904 -0.795391 0.32975
2.02487 -0.786201 0.32975
9.72985 -4.52706 0.32975
9.69228 -4.40929 0.32975
9.65246 -4.29211 0.32975
2.14235 -0.772159 0.32975
2.14354 -0.754903 0.32975
9.53148 -3.94961 0.32975
9.50485 -3.8444 0.32975
9.48539 -3.74341 0.32975
2.26992 -0.736102 0.32975
2.27627 -0.720175 0.32975
9.36369 -3.42241 0.32975
9.33327 -3.32207 0.32975
9.26889 -3.21054 0.32975
2.38701 -0.686641 0.32975
9.20067 -3.01378 0.32975
9.20008 -2.92841 0.32975
2.50228 -0.667477 0.32975
2.5252 -0.654937 0.32975
2.60925 -0.66076 0.32975
2.70602 -0.668856 0.32975
2.67044 -0.637274 0.32975
2.63737 -0.607166 0.32975
8.94911 -2.27787 0.32975
8.97157 -2.20435 0.32975
2.7379 -0.570936 0.32975
2.7389 -0.549997 0.32975
8.8802 -1.94673 0.32975
2.878 -0.538718 0.32975
2.88163 -0.517284 0.32975
8.8097 -1.70121 0.32975
2.99434 -0.494959 0.32975
3.0084 -0.474541 0.32975
3.14933 -0.476317 0.32975
3.13661 -0.44992 0.32975
3.40316 -0.468052 0.32975
3.23604 -0.416675 0.32975
3.33661 -0.405968 0.32975
3.38069 -0.386096 0.32975
3.36906 -0.358662 0.32975
3.47839 -0.34527 0.32975
3.46637 -0.317244 0.32975
3.59942 -0.303447 0.32975
3.62785 -0.278201 0.32975
3.72487 -0.257895 0.32975
3.87862 -0.239893 0.32975
3.84765 -0.207932 0.32975
3.99413 -0.185845 0.32975
4.00161 -0.155154 0.32975
4.09678 -0.127418 0.32975
4.21571 -0.0986613 0.32975
4.31441 -0.067489 0.32975
4.36385 -0.0341729 0.32975
4.48 0 0.32975
4.61084 0.0363284 0.32975
4.72635 0.0746784 0.32975
4.83949 0.114996 0.32975
4.95325 0.157327 0.32975
5.10257 0.203223 0.32975
5.26739 0.252573 0.32975
5.38677 0.302068 0.32975
5.59543 0.359944 0.32975
5.73366 0.41599 0.32975
5.93703 0.480228 0.32975
6.14565 0.548621 0.32975
6.36938 0.622362 0.32975
6.59423 0.700276 0.32975
6.86878 0.788373 0.32975
7.17396 0.88549 0.32975
7.22044 0.951804 0.32975
7.20001 1.00909 0.32975
7.1791 1.0661 0.32975
7.15474 1.12232 0.32975
7.13583 1.17924 0.32975
7.10464 1.23373 0.32975
7.08282 1.28968 0.32975
7.15558 1.36467 0.32975
7.6902 1.53938 0.32975
8.38919 1.76052 0.32975
9.12769 2.00386 0.32975
10.0317 2.30084 0.32975
10.8602 2.59606 0.32975
10.8401 2.68758 0.32975
5.38098 1.32179 0.32975
5.33361 1.3549 0.32975
5.28988 1.38839 0.32975
5.27086 1.4286 0.32975
5.24387 1.46624 0.32975
5.20609 1.50022 0.32975
5.19758 1.54323 0.32975
5.20953 1.59319 0.32975
5.24083 1.65031 0.32975
5.2649 1.70575 0.32975
14.9766 5.28797 0.32975
14.9271 5.4135 0.32975
14.8914 5.54431 0.32975
14.849 5.67271 0.32975
14.8008 5.79891 0.32975
14.7515 5.9247 0.32975
14.7048 6.05164 0.32975
14.6551 6.17742 0.32975
14.6134 6.30686 0.32975
14.577 6.43894 0.32975
9.9887 4.4489 0.32975
9.52711 4.33051 0.32975
9.55188 4.44026 0.32975
10.0327 4.77878 0.32975
10.0833 4.90945 0.32975
9.53631 4.73108 0.32975
9.02319 4.55951 0.32975
8.56915 4.40942 0.32975
8.15165 4.2702 0.32975
7.78423 4.15064 0.32975
7.44289 4.0385 0.32975
7.17905 3.96489 0.32975
6.80047 3.81695 0.32975
6.56825 3.75049 0.32975
6.30971 3.6628 0.32975
6.27415 3.71167 0.32975
6.25495 3.77108 0.32975
6.23767 3.8321 0.32975
6.21147 3.88751 0.32975
6.19463 3.94955 0.32975
6.18944 4.0202 0.32975
6.1289 4.05215 0.32975
5.92909 3.98224 0.32975
5.77516 3.94189 0.32975
5.59441 3.8781 0.32975
5.45009 3.83824 0.32975
5.27851 3.77401 0.32975
5.1233 3.7189 0.32975
4.95156 3.64691 0.32975
4.82697 3.60974 0.32975
4.69035 3.55976 0.32975
4.56788 3.51871 0.32975
4.47438 3.50007 0.32975
4.3583 3.45954 0.32975
4.26479 3.43665 0.32975
4.13881 3.382 0.32975
4.0331 3.34316 0.32975
3.91094 3.2862 0.32975
3.86271 3.29754 0.32975
3.79172 3.28586 0.32975
3.67736 3.22936 0.32975
3.60069 3.2082 0.32975
3.54826 3.21041 0.32975
3.43133 3.14377 0.32975
3.40787 3.17407 0.32975
3.30912 3.12237 0.32975
3.20214 3.05878 0.32975
3.17601 3.08345 0.32975
3.07617 3.02337 0.32975
3.07177 3.07204 0.32975
2.9568 2.98987 0.32975
2.9357 3.01782 0.32975
2.8262 2.93683 0.32975
2.78617 2.93948 0.32975
2.71056 2.89594 0.32975
2.68094 2.91002 0.32975
5.43825 6.62229 0.32975
2.56497 2.86093 0.32975
5.38011 6.78846 0.32975
2.45956 2.8201 0.32975
2.43372 2.8359 0.32975
2.41626 2.86384 0.32975
2.3308 2.79137 0.32975
2.34114 2.86023 0.32975
2.23986 2.75923 0.32975
2.19369 2.74018 0.32975
5.13938 7.50777 0.32975
2.09805 2.69264 0.32975
2.0714 2.70179 0.32975
5.05036 7.81325 0.32975
1.9805 2.65437 0.32975
1.96269 2.67721 0.32975
4.9354 8.09548 0.32975
1.87375 2.62591 0.32975
1.84421 2.62589 0.32975
4.84061 8.43813 0.32975
4.81039 8.56168 0.32975
1.71877 2.54877 0.32975
1.70656 2.58044 0.32975
4.70661 8.92837 0.32975
1.6719 2.62467 0.32975
1.60209 2.53242 0.32975
1.60029 2.58807 0.32975
1.60677 2.66498 0.32975
4.48581 9.5125 0.32975
1.48125 2.49447 0.32975
1.46131 2.50803 0.32975
4.37213 9.96198 0.32975
4.32017 10.0873 0.32975
1.3694 2.46438 0.32975
1.34101 2.45354 0.32975
4.18263 10.5463 0.32975
4.10348 10.6163 0.32975
1.25332 2.40685 0.32975
1.23538 2.42329 0.32975
3.96686 11.1604 0.32975
3.92459 11.3714 0.32975
3.85903 11.5154 0.32975
1.13158 2.38393 0.32975
1.10754 2.37824 0.32975
3.65969 11.9862 0.32975
3.58176 12.1173 0.32975
1.03248 2.34423 0.32975
1.01084 2.34438 0.32975
0.989907 2.34726 0.32975
3.31409 12.9281 0.32975
3.27394 13.295 0.32975
0.933661 2.3871 0.32975
0.894493 2.29701 0.32975
0.874249 2.29983 0.32975
0.871528 2.40195 0.32975
0.448495 0.00295886 0.32975
2.7648 14.6277 0.32975
0.783971 2.24803 0.32975
0.765315 2.25781 0.32975
0.746775 2.26942 0.32975
2.38499 15.7755 0.32975
2.28688 16.1396 0.32975
2.18934 16.5677 0.32975
0.662119 2.22372 0.32975
0.641399 2.21056 0.32975
0.622258 2.21415 0.32975
1.71275 18.0868 0.32975
0.448183 0.0029944 0.32975
0.448157 0.00299589 0.32975
0.546362 2.25285 0.32975
0.523418 2.15968 0.32975
0.504909 2.17325 0.32975
0.448 0 0.32975
0.448026 0.00299989 0.32975
0.448 0 0.32975
0.428619 2.22092 0.32975
0.410722 2.13567 0.32975
0.39185 2.14426 0.32975
0.447895 0.00299817 0.32975
0.447869 0.00299714 0.32975
0.447843 0.00299589 0.32975
0.448 0 0.32975
0.302279 2.08391 0.32975
0.284255 2.08057 0.32975
0.258262 2.16872 0.32975
0.234647 2.21575 0.32975
0.219083 2.178 0.32975
0.204726 2.13519 0.32975
0.18525 2.13993 0.32975
0.176767 2.06022 0.32975
0.16019 2.04787 0.32975
0.122524 2.17781 0.32975
0.100403 2.19464 0.32975
0.447505 0.00295886 0.32975
0.447479 0.00295442 0.32975
0.447453 0.00294976 0.32975
0.0591312 2.00056 0.32975
0.0414888 1.99807 0.32975
-0.00774227 2.1441 0.32975
0.447351 0.00292889 0.32975
0.447325 0.00292311 0.32975
0.4473 0.00291711 0.32975
0.447274 0.00291089 0.32975
-0.0620244 1.97212 0.32975
-0.078697 1.96566 0.32975
-0.136718 2.10842 0.32975
-0.155646 2.10516 0.32975
-0.172005 2.0931 0.32975
-0.192294 2.09431 0.32975
-0.205133 2.07147 0.32975
-0.179304 1.93064 0.32975
-0.204378 1.94975 0.32975
-0.25946 2.05461 0.32975
-0.285708 2.07193 0.32975
-0.303076 2.06357 0.32975
-0.317203 2.04663 0.32975
-0.336109 2.04267 0.32975
-0.292699 1.88037 0.32975
-0.317696 1.89516 0.32975
-0.39352 2.03161 0.32975
-0.408091 2.01683 0.32975
0.446804 0.00275118 0.32975
-0.468785 2.05913 0.32975
-0.541873 2.17208 0.32975
-0.413719 1.84796 0.32975
-0.429382 1.83947 0.32975
-0.505457 1.95488 0.32975
-0.50954 1.92053 0.32975
-0.50992 1.88002 0.32975
-0.535062 1.88845 0.32975
-0.558547 1.89304 0.32975
-0.558327 1.85343 0.32975
-0.527437 1.75973 0.32975
-0.503855 1.6824 0.32975
-0.4815 1.60994 0.32975
-0.442222 1.5113 0.32975
-0.414689 1.43576 0.32975
-0.431365 1.43499 0.32975
-0.447033 1.43235 0.32975
-0.461648 1.42786 0.32975
-0.470806 1.41484 0.32975
-0.488637 1.4151 0.32975
-0.511575 1.42263 0.32975
-0.518289 1.40596 0.32975
-0.531095 1.39829 0.32975
-0.547325 1.39539 0.32975
-0.570044 1.40122 0.32975
-0.583422 1.39389 0.32975
-0.603371 1.39522 0.32975
-0.62342 1.3963 0.32975
-0.631254 1.38138 0.32975
-0.642023 1.37035 0.32975
-0.660233 1.36855 0.32975
-0.663865 1.3488 0.32975
-0.678807 1.34288 0.32975
-0.690482 1.33299 0.32975
-0.70404 1.32527 0.32975
-0.723512 1.32415 0.32975
-0.751082 1.33172 0.32975
-0.761982 1.32046 0.32975
-0.780279 1.31717 0.32975
-0.80274 1.31801 0.32975
-0.820446 1.31351 0.32975
-0.83116 1.30168 0.32975
-0.838934 1.28693 0.32975
