-0.50518 -0.95318 0.32975
-0.490518 -0.955042 0.32975
-0.484232 -0.965354 0.32975
-0.459251 -0.956043 0.32975
-0.450192 -0.963193 0.32975
-0.445806 -0.975418 0.32975
-0.438598 -0.984667 0.32975
-0.417382 -0.978136 0.32975
-0.415374 -0.993198 0.32975
-0.402128 -0.995371 0.32975
-0.392766 -1.00199 0.32975
-0.389715 -1.01623 0.32975
-0.379556 -1.02195 0.32975
-0.368739 -1.02678 0.32975
-0.357285 -1.03072 0.32975
-0.345825 -1.03453 0.32975
-0.350007 -1.05899 0.32975
-0.328244 -1.04903 0.32975
-0.326701 -1.06628 0.32975
-0.310979 -1.06405 0.32975
-0.305106 -1.07555 0.32975
-0.296824 -1.08373 0.32975
-0.277273 -1.07526 0.32975
-0.268414 -1.08238 0.32975
-0.260031 -1.09027 0.32975
-0.287026 -1.15376 0.32975
-0.456042 -1.44677 0.32975
-0.439202 -1.44778 0.32975
-0.43014 -1.46147 0.32975
-0.414308 -1.46391 0.32975
-0.4 -1.46878 0.32975
-0.396999 -1.49353 0.32975
-0.384903 -1.5026 0.32975
-0.363647 -1.49487 0.32975
-0.354796 -1.50984 0.32975
-0.336511 -1.50703 0.32975
-0.324692 -1.51649 0.32975
-0.31009 -1.52049 0.32975
-0.302491 -1.53874 0.32975
-0.28516 -1.5371 0.32975
-0.278058 -1.55704 0.32975
-0.263199 -1.56058 0.32975
-0.244266 -1.55485 0.32975
-0.236652 -1.57459 0.32975
-0.231091 -1.59984 0.32975
-0.214042 -1.59831 0.32975
-0.195949 -1.59383 0.32975
-0.18055 -1.59567 0.32975
-0.172693 -1.61696 0.32975
-0.152956 -1.60733 0.32975
-0.144379 -1.62755 0.32975
-0.126815 -1.62323 0.32975
-0.11914 -1.64709 0.32975
-0.105697 -1.65482 0.32975
-0.0881446 -1.65008 0.32975
-0.0737245 -1.6547 0.32975
-0.0654048 -1.67927 0.32975
-0.0450505 -1.66451 0.32975
-0.0371218 -1.69182 0.32975
-0.0191328 -1.68443 0.32975
-0.00493331 -1.69037 0.32975
0.00582905 -1.70975 0.32975
0.0210079 -1.71257 0.32975
0.0352686 -1.71915 0.32975
0.0489367 -1.72853 0.32975
0.0651183 -1.72707 0.32975
0.0783331 -1.73915 0.32975
0.092527 -1.74721 0.32975
0.104162 -1.76889 0.32975
0.119247 -1.77379 0.32975
0.133697 -1.7825 0.32975
0.151245 -1.77334 0.32975
0.164228 -1.79167 0.32975
0.177804 -1.80792 0.32975
0.195401 -1.79734 0.32975
0.210181 -1.80641 0.32975
0.222298 -1.8382 0.32975
0.2388 -1.83612 0.32975
0.255249 -1.8339 0.32975
0.270685 -1.84148 0.32975
0.285977 -1.85193 0.32975
0.301125 -1.86623 0.32975
0.31616 -1.8854 0.32975
0.331763 -1.90045 0.32975
0.348719 -1.8944 0.32975
0.365254 -1.89519 0.32975
0.381307 -1.90984 0.32975
0.397923 -1.91234 0.32975
0.414474 -1.92071 0.32975
0.431079 -1.93893 0.32975
0.448 -1.959 0.32975
0.465078 -1.95693 0.32975
0.482276 -1.9637 0.32975
0.500013 -1.98632 0.32975
0.517799 -1.99878 0.32975
0.535675 -2.00809 0.32975
0.553405 -2.01124 0.32975
0.572356 -2.0332 0.32975
0.590373 -2.03603 0.32975
0.60837 -2.0377 0.32975
0.626234 -2.03722 0.32975
0.646592 -2.06246 0.32975
0.665106 -2.06562 0.32975
0.686519 -2.09346 0.32975
0.706119 -2.10221 0.32975
0.726282 -2.11376 0.32975
0.747779 -2.13304 0.32975
0.768155 -2.14221 0.32975
0.789496 -2.15612 0.32975
0.806648 -2.1432 0.32975
0.828637 -2.1587 0.32975
0.851652 -2.17791 0.32975
0.875221 -2.19786 0.32975
0.896777 -2.20581 0.32975
0.920375 -2.22235 0.32975
0.942565 -2.23084 0.32975
0.967412 -2.24982 0.32975
0.99006 -2.25784 0.32975
1.01627 -2.27922 0.32975
1.03865 -2.28386 0.32975
1.06735 -2.31146 0.32975
1.08777 -2.30693 0.32975
1.11339 -2.32049 0.32975
1.14299 -2.34623 0.32975
1.17191 -2.36781 0.32975
1.19616 -2.37285 0.32975
1.22425 -2.38905 0.32975
1.25364 -2.40779 0.32975
1.28048 -2.41769 0.32975
1.30655 -2.42447 0.32975
1.34443 -2.46293 0.32975
1.37325 -2.47469 0.32975
1.40198 -2.48519 0.32975
1.43389 -2.50282 0.32975
1.46918 -2.5275 0.32975
1.50268 -2.54621 0.32975
1.53384 -2.55808 0.32975
1.57048 -2.58152 0.32975
1.6072 -2.6036 0.32975
1.64688 -2.6307 0.32975
1.67951 -2.64098 0.32975
1.71499 -2.65631 0.32975
1.76092 -2.69189 0.32975
1.79909 -2.70986 0.32975
1.84039 -2.73272 0.32975
1.88034 -2.75151 0.32975
1.92684 -2.78129 0.32975
1.97252 -2.80782 0.32975
2.0183 -2.83289 0.32975
2.06807 -2.86347 0.32975
2.1135 -2.88473 0.32975
2.14876 -2.88732 0.32975
2.2084 -2.9298 0.32975
2.28615 -2.99959 0.32975
2.79289 -3.75261 0.32975
2.89594 -3.84249 0.32975
2.92829 -3.81931 0.32975
3.00844 -3.8684 0.32975
3.1092 -3.94539 0.32975
3.14976 -3.93108 0.32975
3.24705 -3.99746 0.32975
3.35384 -4.07383 0.32975
3.44512 -4.12518 0.32975
3.53453 -4.17121 0.32975
3.62378 -4.2144 0.32975
3.71948 -4.26348 0.32975
3.82121 -4.31751 0.32975
3.93221 -4.38026 0.32975
4.05652 -4.45615 0.32975
4.17097 -4.51632 0.32975
4.30087 -4.59167 0.32975
4.4434 -4.67802 0.32975
4.57592 -4.74863 0.32975
4.7219 -4.83076 0.32975
4.8462 -4.88469 0.32975
5.02647 -4.99653 0.32975
5.18993 -5.0851 0.32975
5.37042 -5.18715 0.32975
5.5586 -5.29218 0.32975
5.74337 -5.38861 0.32975
5.9599 -5.5119 0.32975
6.14972 -5.60307 0.32975
6.42715 -5.774 0.32975
6.67244 -5.90677 0.32975
6.9256 -6.04046 0.32975
7.19777 -6.18503 0.32975
7.53463 -6.38083 0.32975
7.8739 -6.56988 0.32975
8.20792 -6.7456 0.32975
8.29843 -6.7049 0.32975
8.33443 -6.6175 0.32975
8.37721 -6.53634 0.32975
8.42229 -6.45746 0.32975
8.49556 -6.40132 0.32975
8.96561 -6.65469 0.32975
9.5795 -7.00684 0.32975
10.2073 -7.35418 0.32975
10.9279 -7.7547 0.32975
11.7564 -8.21606 0.32975
11.822 -8.113 0.32975
11.5156 -7.74959 0.32975
11.8308 -7.8232 0.32975
16.1127 -10.566 0.32975
16.1901 -10.4195 0.32975
16.2653 -10.2719 0.32975
16.3476 -10.1292 0.32975
16.4354 -9.99004 0.32975
16.5117 -9.84387 0.32975
16.5867 -9.69714 0.32975
16.663 -9.55136 0.32975
16.7544 -9.4145 0.32975
16.8272 -9.26692 0.32975
16.9048 -9.12218 0.32975
16.9865 -8.97965 0.32975
17.0607 -8.83311 0.32975
12.271 -6.15465 0.32975
12.4454 -6.11298 0.32975
13.0567 -6.28648 0.32975
13.1372 -6.18892 0.32975
11.7556 -5.39344 0.32975
10.1355 -4.51737 0.32975
9.66591 -4.20084 0.32975
9.70313 -4.12065 0.32975
9.73507 -4.03813 0.32975
9.77548 -3.95928 0.32975
9.81891 -3.88156 0.32975
9.33135 -3.58911 0.32975
8.77803 -3.28129 0.32975
8.31342 -3.01925 0.32975
7.83553 -2.76209 0.32975
7.51731 -2.57302 0.32975
7.16432 -2.37837 0.32975
6.84443 -2.20247 0.32975
6.60452 -2.05994 0.32975
6.34455 -1.91591 0.32975
6.0797 -1.77567 0.32975
5.88746 -1.66301 0.32975
5.70329 -1.55669 0.32975
5.50712 -1.45068 0.32975
5.35095 -1.35971 0.32975
5.1878 -1.27002 0.32975
3.518 -0.793955 0.32975
3.34239 -0.721653 0.32975
3.25718 -0.674424 0.32975
3.18111 -0.630987 0.32975
3.09962 -0.58785 0.32975
3.01564 -0.545768 0.32975
2.94289 -0.507591 0.32975
2.90796 -0.478168 0.32975
2.92875 -0.45978 0.32975
2.93956 -0.43933 0.32975
2.94922 -0.418561 0.32975
2.95772 -0.3975 0.32975
2.96801 -0.376619 0.32975
2.98111 -0.356005 0.32975
2.98015 -0.333364 0.32975
3.00381 -0.313814 0.32975
3.01241 -0.292178 0.32975
3.02779 -0.271147 0.32975
3.04399 -0.249966 0.32975
3.04608 -0.227302 0.32975
3.04995 -0.204778 0.32975
3.07658 -0.183809 0.32975
3.08308 -0.161169 0.32975
3.09637 -0.138795 0.32975
3.10946 -0.116202 0.32975
3.11437 -0.093112 0.32975
3.13808 -0.0704424 0.32975
3.14959 -0.0471568 0.32975
3.1519 -0.0235964 0.32975
3.179 0 0.32975
3.1769 0.0238146 0.32975
3.20758 0.0481684 0.32975
3.55493 0.0813582 0.32975
3.67203 0.112586 0.32975
3.67992 0.141109 0.32975
3.70253 0.170563 0.32975
3.73286 0.20091 0.32975
3.74096 0.230266 0.32975
3.7478 0.2597 0.32975
3.77629 0.291187 0.32975
3.78357 0.321179 0.32975
3.80352 0.352679 0.32975
3.82912 0.385231 0.32975
3.85541 0.418378 0.32975
3.86749 0.450185 0.32975
3.87631 0.481817 0.32975
3.90263 0.516298 0.32975
3.9138 0.548929 0.32975
3.93452 0.583443 0.32975
3.94998 0.617493 0.32975
3.97887 0.654408 0.32975
3.98971 0.688438 0.32975
4.01297 0.725301 0.32975
4.02802 0.760957 0.32975
4.05151 0.798878 0.32975
4.07266 0.836818 0.32975
4.09147 0.874719 0.32975
4.10213 0.911078 0.32975
4.12599 0.951194 0.32975
4.16681 0.996453 0.32975
4.18207 1.03555 0.32975
4.195 1.07443 0.32975
4.22096 1.1176 0.32975
4.24836 1.16189 0.32975
4.26668 1.20403 0.32975
4.28932 1.24812 0.32975
4.30294 1.28984 0.32975
4.33975 1.34004 0.32975
4.35713 1.3843 0.32975
4.39189 1.43546 0.32975
4.42043 1.48523 0.32975
4.44839 1.53561 0.32975
4.47857 1.58768 0.32975
4.49608 1.63553 0.32975
4.5297 1.6907 0.32975
4.56266 1.74657 0.32975
4.5977 1.80434 0.32975
4.62382 1.85919 0.32975
4.64474 1.91257 0.32975
4.69315 1.97954 0.32975
4.71903 2.03718 0.32975
4.75322 2.0998 0.32975
4.77948 2.1596 0.32975
4.81571 2.22546 0.32975
4.85467 2.29397 0.32975
4.90247 2.36848 0.32975
4.9326 2.43494 0.32975
4.96016 2.50113 0.32975
5.01302 2.58276 0.32975
5.04833 2.656 0.32975
5.10424 2.74274 0.32975
5.14099 2.81983 0.32975
5.18953 2.90561 0.32975
5.23778 2.99298 0.32975
5.28485 3.08141 0.32975
5.32403 3.16653 0.32975
5.37126 3.25864 0.32975
5.4272 3.35851 0.32975
5.48671 3.46301 0.32975
5.55214 3.57395 0.32975
5.60054 3.67527 0.32975
5.6694 3.79357 0.32975
5.73175 3.90977 0.32975
5.79327 4.02795 0.32975
5.86184 4.15419 0.32975
5.92625 4.28008 0.32975
6.00608 4.4211 0.32975
6.08775 4.56698 0.32975
6.15879 4.70761 0.32975
6.24619 4.86526 0.32975
6.31985 5.01504 0.32975
2.80949 2.05281 0.32975
2.79148 2.07334 0.32975
2.75769 2.07966 0.32975
2.78886 2.145 0.32975
2.90535 2.29151 0.32975
2.92153 2.34729 0.32975
2.97001 2.43547 0.32975
2.64196 2.156 0.32975
6.33396 5.88596 0.32975
6.26555 5.91998 0.32975
6.1963 5.95254 0.32975
6.13243 5.99014 0.32975
2.49195 2.19187 0.32975
2.46869 2.2052 0.32975
2.44268 2.21531 0.32975
2.44911 2.26185 0.32975
2.61103 2.48828 0.32975
2.67496 2.60743 0.32975
2.75946 2.7547 0.32975
2.85937 2.92523 0.32975
2.77586 2.87466 0.32975
2.76375 2.9113 0.32975
2.75735 2.95583 0.32975
2.71016 2.9481 0.32975
2.68374 2.96693 0.32975
2.64171 2.96462 0.32975
2.60752 2.97233 0.32975
2.57512 2.98211 0.32975
2.54327 2.99236 0.32975
2.51142 3.00229 0.32975
2.47507 3.00526 0.32975
2.4427 3.01366 0.32975
2.42123 3.0385 0.32975
2.39034 3.04886 0.32975
2.35783 3.05637 0.32975
2.3222 3.05842 0.32975
2.30162 3.08494 0.32975
2.27057 3.09411 0.32975
2.2385 3.10124 0.32975
2.21482 3.12284 0.32975
2.1841 3.13201 0.32975
2.16005 3.1532 0.32975
2.13293 3.1689 0.32975
2.10337 3.17993 0.32975
2.07147 3.18624 0.32975
2.04762 3.20834 0.32975
2.02 3.22308 0.32975
1.99181 3.23667 0.32975
1.9559 3.23371 0.32975
1.93799 3.26949 0.32975
1.9033 3.26867 0.32975
1.87752 3.28766 0.32975
1.84916 3.30093 0.32975
1.82604 3.32689 0.32975
1.79883 3.34343 0.32975
1.77217 3.3616 0.32975
1.74565 3.38049 0.32975
1.7147 3.38794 0.32975
1.68816 3.40733 0.32975
1.66105 3.42556 0.32975
1.62916 3.43034 0.32975
1.60204 3.44905 0.32975
0.690269 0.745628 0.32975
0.681648 0.741038 0.32975
0.663478 0.704797 0.32975
0.646243 0.669256 0.32975
0.641773 0.675767 0.32975
0.63667 0.680323 0.32975
0.629173 0.676148 0.32975
0.622265 0.673831 0.32975
0.617587 0.680177 0.32975
0.612812 0.686493 0.32975
0.604566 0.678162 0.32975
0.599291 0.682431 0.32975
0.596033 0.696441 0.32975
0.589153 0.693787 0.32975
0.582902 0.69401 0.32975
0.573378 0.676479 0.32975
0.568512 0.683457 0.32975
0.562708 0.685468 0.32975
0.558443 0.697308 0.32975
0.55058 0.686377 0.32975
0.54737 0.707051 0.32975
0.53989 0.697977 0.32975
0.532212 0.685849 0.32975
0.526337 0.687552 0.32975
0.520125 0.68622 0.32975
0.514804 0.693791 0.32975
0.508312 0.689367 0.32975
0.502765 0.695848 0.32975
0.497388 0.706275 0.32975
0.490246 0.690709 0.32975
0.484897 0.704034 0.32975
0.478534 0.699334 0.32975
0.47243 0.699574 0.32975
0.466141 0.692763 0.32975
0.460339 0.706892 0.32975
0.454056 0.693974 0.32975
0.448 0.701 0.32975
0.441953 0.692974 0.32975
0.435853 0.695894 0.32975
0.429964 0.688764 0.32975
0.423501 0.701572 0.32975
0.417903 0.689343 0.32975
0.411103 0.704034 0.32975
0.405693 0.691707 0.32975
0.399449 0.694305 0.32975
0.393079 0.697842 0.32975
0.387427 0.692355 0.32975
0.381579 0.68981 0.32975
0.374412 0.700143 0.32975
0.368531 0.697487 0.32975
0.360498 0.712648 0.32975
0.35376 0.715823 0.32975
0.349048 0.704081 0.32975
0.345125 0.688355 0.32975
0.338027 0.694345 0.32975
0.330651 0.701249 0.32975
0.325231 0.696259 0.32975
0.319342 0.694178 0.32975
0.310618 0.706772 0.32975
0.304455 0.705546 0.32975
0.299759 0.697419 0.32975
0.291514 0.705862 0.32975
0.283561 0.712265 0.32975
0.278285 0.706913 0.32975
0.269704 0.715108 0.32975
0.266975 0.699971 0.32975
0.255956 0.716717 0.32975
0.251045 0.710196 0.32975
0.248439 0.695953 0.32975
0.235273 0.718156 0.32975
0.235738 0.694277 0.32975
0.222771 0.714334 0.32975
0.216237 0.713292 0.32975
0.209387 0.713139 0.32975
0.202196 0.713866 0.32975
0.192971 0.720178 0.32975
0.188407 0.713227 0.32975
0.181492 0.712807 0.32975
0.172415 0.717923 0.32975
0.163229 0.722934 0.32975
0.160302 0.712077 0.32975
0.152951 0.712311 0.32975
0.145574 0.712471 0.32975
0.130995 0.729063 0.32975
0.127491 0.719874 0.32975
0.115416 0.729789 0.32975
0.113286 0.717796 0.32975
0.101869 0.725679 0.32975
0.0942345 0.725327 0.32975
0.0834564 0.731161 0.32975
0.0779978 0.72617 0.32975
0.073522 0.719366 0.32975
0.0541135 0.740793 0.32975
0.0557757 0.722388 0.32975
0.0436687 0.729433 0.32975
0.0358414 0.728488 0.32975
0.0299999 0.723997 0.32975
0.0165924 0.732385 0.32975
0.00558232 0.736307 0.32975
0.000741289 0.72986 0.32975
-0.0135596 0.73865 0.32975
-0.0253608 0.743028 0.32975
-0.03455 0.743062 0.32975
-0.0459837 0.746328 0.32975
-0.0508002 0.739501 0.32975
-0.053836 0.730176 0.32975
-0.0653509 0.733141 0.32975
-0.0804397 0.740845 0.32975
-0.0968769 0.749959 0.32975
-0.101616 0.742764 0.32975
-0.116502 0.74912 0.32975
-0.123018 0.744166 0.32975
-0.139956 0.75255 0.32975
-0.144634 0.745043 0.32975
-0.167475 0.760049 0.32975
-0.165816 0.744618 0.32975
-0.189645 0.759916 0.32975
-0.193655 0.751281 0.32975
-0.252671 0.80603 0.32975
-0.443886 1.00809 0.32975
-1.13784 1.76125 0.32975
-1.1572 1.75177 0.32975
-1.19903 1.76622 0.32975
-1.27151 1.81198 0.32975
-1.31852 1.82928 0.32975
-1.39189 1.87228 0.32975
-1.45907 1.90707 0.32975
