-0.0229331 -0.470933 0.32975
-0.0131983 -0.469319 0.32975
-0.00352798 -0.467571 0.32975
0.00263463 -0.469317 0.32975
0.00947507 -0.47026 0.32975
0.0183246 -0.468908 0.32975
0.0257785 -0.468924 0.32975
0.0365129 -0.465101 0.32975
0.0386192 -0.470939 0.32975
0.0440433 -0.472972 0.32975
0.0552567 -0.468053 0.32975
0.0638087 -0.466061 0.32975
0.072925 -0.463179 0.32975
0.0782263 -0.464869 0.32975
0.0792188 -0.472018 0.32975
0.0961359 -0.458558 0.32975
0.0983454 -0.464007 0.32975
0.109546 -0.457395 0.32975
0.10297 -0.474893 0.32975
0.11758 -0.463232 0.32975
0.122209 -0.465278 0.32975
0.127414 -0.466455 0.32975
0.133734 -0.465919 0.32975
0.142227 -0.461973 0.32975
0.145725 -0.465462 0.32975
0.155709 -0.458805 0.32975
0.157604 -0.46473 0.32975
0.168986 -0.45531 0.32975
0.174 -0.456013 0.32975
0.176975 -0.46011 0.32975
0.1855 -0.454663 0.32975
0.188985 -0.457807 0.32975
0.196869 -0.453053 0.32975
0.198923 -0.458743 0.32975
0.209978 -0.447654 0.32975
0.209738 -0.457698 0.32975
0.215557 -0.456195 0.32975
0.223563 -0.450152 0.32975
0.221801 -0.463778 0.32975
0.234036 -0.448585 0.32975
0.229084 -0.469467 0.32975
0.243971 -0.447701 0.32975
0.247072 -0.451291 0.32975
0.245834 -0.464949 0.32975
0.252634 -0.460252 0.32975
0.262399 -0.448082 0.32975
0.261821 -0.46081 0.32975
0.268781 -0.454974 0.32975
0.275983 -0.448119 0.32975
0.2799 -0.449603 0.32975
0.280068 -0.461389 0.32975
0.287773 -0.452468 0.32975
0.291727 -0.453849 0.32975
0.294742 -0.45804 0.32975
0.296273 -0.466969 0.32975
0.306067 -0.450154 0.32975
0.306492 -0.462851 0.32975
0.315649 -0.44681 0.32975
0.317348 -0.455638 0.32975
0.319726 -0.462543 0.32975
0.325579 -0.456883 0.32975
0.331073 -0.452125 0.32975
0.333571 -0.45895 0.32975
0.340148 -0.449235 0.32975
0.342498 -0.45698 0.32975
0.346706 -0.456907 0.32975
0.351321 -0.454839 0.32975
0.357886 -0.442926 0.32975
0.359465 -0.455475 0.32975
0.364718 -0.449347 0.32975
0.367427 -0.456951 0.32975
0.370923 -0.460595 0.32975
0.374007 -0.467177 0.32975
0.379712 -0.456925 0.32975
0.385511 -0.44463 0.32975
0.388872 -0.449125 0.32975
0.392184 -0.454586 0.32975
0.395587 -0.460024 0.32975
0.400753 -0.449524 0.32975
0.403048 -0.466841 0.32975
0.408693 -0.449284 0.32975
0.412458 -0.451604 0.32975
0.415145 -0.469853 0.32975
0.419429 -0.467127 0.32975
0.423978 -0.458371 0.32975
0.427673 -0.465556 0.32975
0.431702 -0.466716 0.32975
0.43554 -0.475837 0.32975
0.439762 -0.471928 0.32975
0.444003 -0.457983 0.32975
0.448 -0.456 0.32975
0.45191 -0.447983 0.32975
0.456063 -0.46193 0.32975
0.45978 -0.449846 0.32975
0.463914 -0.455722 0.32975
0.46789 -0.455566 0.32975
0.472075 -0.45937 0.32975
0.476265 -0.462136 0.32975
0.47939 -0.448904 0.32975
0.483542 -0.451604 0.32975
0.48905 -0.469208 0.32975
0.490843 -0.444942 0.32975
0.495247 -0.449524 0.32975
0.500753 -0.463004 0.32975
0.505644 -0.469474 0.32975
0.509608 -0.467962 0.32975
0.512159 -0.456514 0.32975
0.516288 -0.456925 0.32975
0.521211 -0.462238 0.32975
0.525902 -0.465527 0.32975
0.528052 -0.453996 0.32975
0.533104 -0.45918 0.32975
0.537489 -0.460383 0.32975
0.539709 -0.450765 0.32975
0.545718 -0.459729 0.32975
0.546913 -0.446167 0.32975
0.554627 -0.461851 0.32975
0.556552 -0.452152 0.32975
0.562913 -0.46089 0.32975
0.562924 -0.44438 0.32975
0.567833 -0.447224 0.32975
0.572533 -0.449052 0.32975
0.577274 -0.450832 0.32975
0.582907 -0.455439 0.32975
0.587169 -0.455201 0.32975
0.586625 -0.439663 0.32975
0.594165 -0.44985 0.32975
0.59745 -0.44666 0.32975
0.60818 -0.465195 0.32975
0.609563 -0.456238 0.32975
0.611144 -0.448233 0.32975
0.620652 -0.461779 0.32975
0.625751 -0.463056 0.32975
0.627586 -0.455905 0.32975
0.635678 -0.464519 0.32975
0.641255 -0.466559 0.32975
0.64024 -0.452888 0.32975
0.650565 -0.465867 0.32975
0.659503 -0.475044 0.32975
0.65742 -0.45953 0.32975
0.661845 -0.458592 0.32975
0.671005 -0.467539 0.32975
0.681213 -0.478158 0.32975
0.683592 -0.472525 0.32975
0.679535 -0.454413 0.32975
0.685339 -0.455924 0.32975
0.692125 -0.459133 0.32975
0.70328 -0.470167 0.32975
0.706403 -0.466172 0.32975
0.718833 -0.478696 0.32975
0.7225 -0.475448 0.32975
0.728669 -0.476481 0.32975
0.737451 -0.481728 0.32975
0.735374 -0.468952 0.32975
0.752704 -0.487628 0.32975
0.747276 -0.469769 0.32975
0.757355 -0.476365 0.32975
0.760396 -0.471979 0.32975
0.762826 -0.466748 0.32975
0.773684 -0.473873 0.32975
0.782395 -0.477566 0.32975
0.777839 -0.462418 0.32975
0.79303 -0.474893 0.32975
0.848911 -0.5418 0.32975
1.00528 -0.739537 0.32975
1.12251 -0.879036 0.32975
1.13754 -0.882572 0.32975
1.15206 -0.88513 0.32975
1.17424 -0.896826 0.32975
1.17631 -0.88351 0.32975
1.20777 -0.905465 0.32975
1.19681 -0.876748 0.32975
1.2169 -0.88452 0.32975
1.23784 -0.892755 0.32975
1.25631 -0.897719 0.32975
1.25803 -0.883996 0.32975
1.27731 -0.889326 0.32975
1.28779 -0.884957 0.32975
1.29687 -0.879033 0.32975
1.31502 -0.882291 0.32975
1.33613 -0.888126 0.32975
1.34598 -0.882445 0.32975
1.36947 -0.889857 0.32975
1.37358 -0.87834 0.32975
1.40095 -0.888644 0.32975
1.41531 -0.886374 0.32975
1.4349 -0.888605 0.32975
1.44112 -0.878634 0.32975
1.46686 -0.88568 0.32975
1.48063 -0.881951 0.32975
1.50438 -0.886404 0.32975
1.51979 -0.883513 0.32975
1.55077 -0.893006 0.32975
1.55774 -0.882726 0.32975
1.57328 -0.879165 0.32975
1.60154 -0.885139 0.32975
1.62439 -0.886474 0.32975
1.64334 -0.884501 0.32975
1.67528 -0.89167 0.32975
1.6822 -0.880346 0.32975
1.70622 -0.881013 0.32975
1.73116 -0.881895 0.32975
1.75208 -0.87961 0.32975
1.77388 -0.87758 0.32975
1.80161 -0.879048 0.32975
1.84381 -0.889231 0.32975
1.87272 -0.890264 0.32975
1.88044 -0.877798 0.32975
1.91461 -0.88123 0.32975
1.9412 -0.879564 0.32975
1.97653 -0.8825 0.32975
2.01551 -0.886855 0.32975
2.03369 -0.87896 0.32975
2.06151 -0.876064 0.32975
2.10353 -0.880259 0.32975
2.1555 -0.888866 0.32975
2.17655 -0.880742 0.32975
2.23876 -0.892842 0.32975
2.27345 -0.890332 0.32975
2.30552 -0.885992 0.32975
2.34853 -0.886231 0.32975
2.39623 -0.887858 0.32975
2.44044 -0.887093 0.32975
2.50038 -0.892401 0.32975
2.53755 -0.88696 0.32975
2.5914 -0.887826 0.32975
2.64172 -0.886319 0.32975
2.70798 -0.890231 0.32975
2.75955 -0.887319 0.32975
2.79155 -0.876219 0.32975
2.87147 -0.88207 0.32975
2.93375 -0.880249 0.32975
3.01697 -0.884569 0.32975
3.07865 -0.880203 0.32975
3.16232 -0.881935 0.32975
3.23667 -0.879264 0.32975
3.32361 -0.879162 0.32975
3.42609 -0.882152 0.32975
3.50385 -0.876251 0.32975
3.58269 -0.869327 0.32975
3.68289 -0.866785 0.32975
3.79101 -0.864562 0.32975
4.02354 -0.891482 0.32975
5.82521 -1.29095 0.32975
6.03309 -1.28942 0.32975
6.23451 -1.28284 0.32975
6.47437 -1.28094 0.32975
6.73324 -1.27875 0.32975
7.00331 -1.27422 0.32975
7.30719 -1.27127 0.32975
7.62528 -1.26555 0.32975
7.99604 -1.26311 0.32975
8.38901 -1.25773 0.32975
8.84969 -1.25564 0.32975
9.33566 -1.24908 0.32975
9.91233 -1.246 0.32975
10.5055 -1.2349 0.32975
11.0067 -1.20301 0.32975
11.0128 -1.11041 0.32975
11.0151 -1.0175 0.32975
11.0047 -0.923589 0.32975
11.0133 -0.83151 0.32975
11.491 -0.772205 0.32975
13.1083 -0.774341 0.32975
14.8692 -0.755783 0.32975
15.0281 -0.636581 0.32975
14.3735 -0.48629 0.32975
14.5672 -0.369724 0.32975
19.7451 -0.336834 0.32975
19.7263 -0.168238 0.32975
19.74 0 0.32975
19.7283 0.168255 0.32975
19.7321 0.336603 0.32975
19.7194 0.504641 0.32975
19.7272 0.673247 0.32975
19.7216 0.841505 0.32975
19.7196 1.00998 0.32975
19.707 1.17793 0.32975
19.7229 1.34784 0.32975
19.6925 1.51458 0.32975
19.7074 1.68498 0.32975
14.3029 1.33408 0.32975
14.5583 1.48305 0.32975
15.0138 1.65956 0.32975
14.2762 1.69788 0.32975
13.2109 1.68026 0.32975
12.3401 1.67133 0.32975
11.5635 1.66123 0.32975
10.9955 1.67056 0.32975
10.9717 1.76106 0.32975
10.9618 1.85387 0.32975
10.9688 1.94992 0.32975
10.9524 2.04185 0.32975
10.6716 2.08001 0.32975
10.1463 2.06144 0.32975
9.72574 2.05683 0.32975
9.36738 2.0592 0.32975
9.00972 2.05549 0.32975
8.67223 2.05053 0.32975
8.38391 2.05236 0.32975
8.08847 2.04726 0.32975
7.80532 2.04036 0.32975
7.5623 2.03999 0.32975
7.3726 2.05116 0.32975
7.12588 2.04163 0.32975
6.94853 2.04961 0.32975
6.76111 2.05125 0.32975
6.55141 2.04217 0.32975
6.36316 2.03675 0.32975
6.20188 2.03756 0.32975
6.06172 2.04323 0.32975
5.94627 2.05572 0.32975
5.75354 2.03661 0.32975
5.62112 2.03775 0.32975
5.48261 2.03411 0.32975
5.37043 2.03894 0.32975
5.28801 2.05446 0.32975
5.12959 2.03561 0.32975
5.0139 2.03287 0.32975
4.89225 2.02536 0.32975
3.90828 1.61356 0.32975
3.80923 1.60322 0.32975
3.75017 1.61058 0.32975
3.66887 1.60587 0.32975
3.59414 1.60304 0.32975
3.51883 1.59857 0.32975
3.46503 1.60418 0.32975
3.38149 1.59276 0.32975
3.31763 1.59066 0.32975
3.27666 1.60038 0.32975
3.26172 1.6245 0.32975
3.26811 1.66117 0.32975
3.26808 1.69448 0.32975
3.26257 1.72477 0.32975
3.26352 1.75933 0.32975
3.26661 1.79566 0.32975
3.25755 1.82454 0.32975
3.25486 1.85782 0.32975
3.25263 1.89175 0.32975
3.26239 1.93428 0.32975
3.25769 1.96737 0.32975
3.25751 2.00401 0.32975
3.25205 2.03726 0.32975
3.26552 2.08485 0.32975
3.26079 2.11959 0.32975
3.24854 2.14893 0.32975
3.26435 2.20037 0.32975
3.46261 2.39793 0.32975
3.63041 2.57707 0.32975
3.63404 2.62637 0.32975
3.63092 2.67078 0.32975
3.6265 2.71469 0.32975
3.62608 2.76266 0.32975
3.6378 2.8221 0.32975
3.62866 2.86388 0.32975
3.62272 2.90909 0.32975
3.6389 2.97556 0.32975
3.63602 3.02532 0.32975
3.63899 3.0815 0.32975
3.63266 3.12956 0.32975
3.62503 3.17703 0.32975
3.62382 3.23174 0.32975
3.62189 3.28666 0.32975
3.62613 3.34905 0.32975
3.61997 3.40153 0.32975
3.61246 3.45341 0.32975
3.62369 3.52697 0.32975
3.61864 3.58375 0.32975
3.62529 3.65506 0.32975
3.6212 3.71534 0.32975
3.62016 3.78043 0.32975
3.61122 3.83729 0.32975
3.616 3.91215 0.32975
3.61411 3.98034 0.32975
3.61373 4.05195 0.32975
3.61356 4.12544 0.32975
3.61656 4.20482 0.32975
3.61424 4.27893 0.32975
3.60735 4.34847 0.32975
3.60296 4.42309 0.32975
3.60669 4.51107 0.32975
3.60458 4.59285 0.32975
3.60185 4.67577 0.32975
3.60563 4.77066 0.32975
3.60745 4.86513 0.32975
3.60786 4.95999 0.32975
3.59678 5.0391 0.32975
3.6018 5.14654 0.32975
3.60106 5.24758 0.32975
3.59169 5.33693 0.32975
3.5915 5.4447 0.32975
3.59902 5.56941 0.32975
3.59393 5.67541 0.32975
3.59057 5.78789 0.32975
3.59346 5.91575 0.32975
3.58974 6.03522 0.32975
3.58507 6.15686 0.32975
3.58388 6.2896 0.32975
3.58235 6.42638 0.32975
3.58126 6.56902 0.32975
3.57538 6.70668 0.32975
3.57645 6.86475 0.32975
3.57743 7.02882 0.32975
3.571 7.18241 0.32975
3.57072 7.35668 0.32975
3.56764 7.53147 0.32975
3.55986 7.70212 0.32975
1.92757 3.7561 0.32975
1.89186 3.7614 0.32975
1.88525 3.8441 0.32975
1.9033 3.99839 0.32975
1.88871 4.06844 0.32975
1.75125 3.78491 0.32975
1.89047 4.31108 0.32975
3.2752 8.70122 0.32975
3.22803 8.81711 0.32975
1.58562 3.72098 0.32975
1.54998 3.72022 0.32975
1.52988 3.77295 0.32975
1.56666 4.03376 0.32975
1.56196 4.15734 0.32975
1.57396 4.35376 0.32975
1.55044 4.42164 0.32975
1.50901 4.41942 0.32975
1.465 4.40513 0.32975
1.42068 4.38747 0.32975
1.38755 4.42025 0.32975
1.34336 4.40084 0.32975
1.30359 4.40162 0.32975
0.727914 1.51028 0.32975
0.714029 1.50873 0.32975
0.700028 1.50606 0.32975
0.686563 1.50622 0.32975
0.671636 1.49638 0.32975
0.656481 1.48342 0.32975
0.645356 1.49906 0.32975
0.628611 1.47095 0.32975
0.614522 1.46154 0.32975
0.601657 1.46195 0.32975
0.587168 1.44532 0.32975
0.573069 1.42954 0.32975
0.560197 1.42559 0.32975
0.548031 1.43051 0.32975
0.535544 1.43133 0.32975
0.522788 1.42704 0.32975
0.510114 1.42264 0.32975
0.496964 1.40215 0.32975
0.484648 1.39952 0.32975
0.472259 1.38979 0.32975
0.460121 1.38895 0.32975
0.448 1.4 0.32975
0.436106 1.36295 0.32975
0.424055 1.37179 0.32975
0.412138 1.36953 0.32975
0.40106 1.34418 0.32975
0.388852 1.35471 0.32975
0.377347 1.34815 0.32975
0.366439 1.33351 0.32975
0.354178 1.34172 0.32975
0.343885 1.32291 0.32975
0.333303 1.31099 0.32975
0.320333 1.32587 0.32975
0.310231 1.31078 0.32975
0.299025 1.30754 0.32975
0.287742 1.3052 0.32975
0.27675 1.30078 0.32975
0.265962 1.29527 0.32975
0.255257 1.28968 0.32975
0.2462 1.27412 0.32975
0.233603 1.28119 0.32975
0.224515 1.26745 0.32975
0.214192 1.26152 0.32975
0.204337 1.25354 0.32975
0.19261 1.25528 0.32975
0.182497 1.24909 0.32975
0.170741 1.25064 0.32975
0.162312 1.23745 0.32975
0.151992 1.23297 0.32975
0.141243 1.23034 0.32975
0.132771 1.2189 0.32975
0.123182 1.21224 0.32975
0.107271 1.22863 0.32975
0.102351 1.20542 0.32975
0.0935489 1.19661 0.32975
0.0834126 1.19251 0.32975
0.0718172 1.1931 0.32975
0.0611109 1.19072 0.32975
0.048831 1.19299 0.32975
0.0394117 1.18663 0.32975
0.0317427 1.17547 0.32975
0.0132923 1.19435 0.32975
0.00323658 1.18957 0.32975
-0.003902 1.17725 0.32975
-0.00902696 1.16023 0.32975
-0.0210073 1.16083 0.32975
-0.0318848 1.15854 0.32975
-0.0419766 1.15431 0.32975
-0.0496386 1.14449 0.32975
-0.0624547 1.1465 0.32975
-0.0985658 1.19933 0.32975
-0.109011 1.19451 0.32975
-0.124149 1.19954 0.32975
-0.139856 1.20528 0.32975
-0.154367 1.20816 0.32975
-0.154445 1.18237 0.32975
-0.162893 1.17352 0.32975
-0.180622 1.18227 0.32975
-0.20189 1.19695 0.32975
-0.250126 1.25945 0.32975
-0.256166 1.24461 0.32975
-0.2705 1.24448 0.32975
-0.286408 1.24678 0.32975
-0.311166 1.26346 0.32975
-0.320595 1.25423 0.32975
-0.333101 1.25002 0.32975
-0.351502 1.25497 0.32975
-0.359699 1.24375 0.32975
-0.560389 1.52351 0.32975
-0.601046 1.55527 0.32975
-0.634969 1.57573 0.32975
-0.642369 1.55721 0.32975
-0.665788 1.56147 0.32975
-0.694067 1.57192 0.32975
-0.711904 1.56752 0.32975
-0.723734 1.55494 0.32975
-0.763435 1.57877 0.32975
-0.786401 1.57996 0.32975
-0.803877 1.57382 0.32975
-0.827003 1.5745 0.32975
-0.845147 1.56871 0.32975
-0.870357 1.57116 0.32975
-0.880121 1.55503 0.32975
-0.925131 1.57961 0.32975
-0.938863 1.56756 0.32975
-0.974571 1.57993 0.32975
-0.999789 1.57999 0.32975
-1.02307 1.57753 0.32975
-1.04779 1.57624 0.32975
-1.07816 1.58039 0.32975
-1.11433 1.58984 0.32975
-1.12602 1.57402 0.32975
