-2.83015 -3.27815 0.32975
-2.78179 -3.28666 0.32975
0.445916 -0.00215802 0.32975
-2.68401 -3.30045 0.32975
0.445954 -0.00219406 0.32975
0.448 0 0.32975
0.448 0 0.32975
0.446012 -0.00224687 0.32975
-2.11129 -2.94412 0.32975
0.446052 -0.00228122 0.32975
-1.97981 -2.89335 0.32975
-1.89531 -2.84266 0.32975
-1.88867 -2.88554 0.32975
-1.75383 -2.76809 0.32975
-1.74191 -2.80295 0.32975
-1.63701 -2.71724 0.32975
-1.6421 -2.77366 0.32975
-1.528 -2.67041 0.32975
-1.50932 -2.69403 0.32975
-1.41431 -2.61087 0.32975
-1.43161 -2.68436 0.32975
-1.31296 -2.56221 0.32975
-1.27375 -2.55261 0.32975
-0.790546 -1.87124 0.32975
-0.755108 -1.85262 0.32975
-0.718478 -1.831 0.32975
-0.687617 -1.81737 0.32975
-0.660219 -1.80845 0.32975
-0.63152 -1.79662 0.32975
-0.593976 -1.76892 0.32975
-0.5665 -1.75717 0.32975
-0.538325 -1.74332 0.32975
-0.505136 -1.7195 0.32975
-0.477688 -1.70491 0.32975
-0.453385 -1.69526 0.32975
-0.425628 -1.67822 0.32975
-0.403686 -1.67153 0.32975
-0.377466 -1.65563 0.32975
-0.357288 -1.65108 0.32975
-0.331225 -1.63368 0.32975
-0.309755 -1.62501 0.32975
-0.293057 -1.6261 0.32975
-0.264602 -1.60053 0.32975
-0.24702 -1.59844 0.32975
-0.235389 -1.60996 0.32975
-0.222844 -1.61956 0.32975
-0.211308 -1.63184 0.32975
-0.200341 -1.64591 0.32975
-0.188461 -1.65804 0.32975
-0.181673 -1.68414 0.32975
-0.174477 -1.71024 0.32975
-0.164869 -1.73069 0.32975
-0.155278 -1.75205 0.32975
-0.141552 -1.76199 0.32975
-0.135424 -1.79559 0.32975
-0.126348 -1.8216 0.32975
-0.1154 -1.8428 0.32975
-0.104694 -1.86586 0.32975
-0.0919736 -1.88311 0.32975
-0.0752528 -1.88679 0.32975
-0.0652382 -1.91543 0.32975
-0.0567659 -1.95179 0.32975
-0.0435853 -1.97164 0.32975
-0.0345316 -2.00989 0.32975
-0.021248 -2.03254 0.32975
-0.0080383 -2.05706 0.32975
0.00826691 -2.06878 0.32975
0.0179634 -2.1137 0.32975
0.026312 -2.1694 0.32975
-0.0617129 -2.75016 0.32975
-0.0592263 -2.87662 0.32975
-0.0400456 -2.91645 0.32975
-0.0194261 -2.95121 0.32975
0.00161548 -2.98683 0.32975
0.0218517 -3.0322 0.32975
0.0448045 -3.06257 0.32975
0.065696 -3.11362 0.32975
0.0863157 -3.17446 0.32975
0.109328 -3.22225 0.32975
0.133051 -3.27087 0.32975
0.157074 -3.3253 0.32975
0.182024 -3.37955 0.32975
0.208945 -3.41865 0.32975
0.235246 -3.4785 0.32975
0.262992 -3.53016 0.32975
0.291014 -3.59557 0.32975
0.320652 -3.64678 0.32975
0.350857 -3.70973 0.32975
0.381838 -3.79042 0.32975
0.414351 -3.85585 0.32975
0.448 -3.946 0.32975
0.483002 -4.01085 0.32975
0.519084 -4.07238 0.32975
0.556765 -4.15358 0.32975
0.59573 -4.23042 0.32975
0.636043 -4.3069 0.32975
0.679377 -4.41494 0.32975
0.72284 -4.4936 0.32975
0.770344 -4.60974 0.32975
0.818484 -4.70744 0.32975
0.868178 -4.80265 0.32975
0.920807 -4.91029 0.32975
0.977436 -5.03725 0.32975
1.03654 -5.16558 0.32975
1.0961 -5.27836 0.32975
1.16133 -5.41825 0.32975
1.23057 -5.56828 0.32975
1.30175 -5.71256 0.32975
1.37738 -5.86786 0.32975
1.45628 -6.02522 0.32975
1.54528 -6.223 0.32975
1.63581 -6.40886 0.32975
1.73291 -6.61028 0.32975
1.83421 -6.81342 0.32975
1.95162 -7.07396 0.32975
2.06286 -7.28414 0.32975
2.1808 -7.50557 0.32975
2.34404 -7.89759 0.32975
2.43587 -7.97292 0.32975
2.50337 -7.94752 0.32975
2.57109 -7.92349 0.32975
2.63588 -7.88924 0.32975
2.7413 -7.9977 0.32975
2.85418 -8.12312 0.32975
2.91971 -8.0846 0.32975
2.99077 -8.06463 0.32975
3.05549 -8.02501 0.32975
3.12034 -7.98678 0.32975
3.19221 -7.96978 0.32975
3.25164 -7.91725 0.32975
3.32063 -7.89248 0.32975
3.39009 -7.86898 0.32975
3.4522 -7.8262 0.32975
3.52148 -7.80248 0.32975
3.58608 -7.76702 0.32975
3.65757 -7.74858 0.32975
3.71764 -7.70278 0.32975
3.78513 -7.67488 0.32975
3.85767 -7.65825 0.32975
3.91815 -7.61456 0.32975
1.94745 -3.21558 0.32975
1.87816 -2.99839 0.32975
1.89375 -2.96422 0.32975
1.92001 -2.95239 0.32975
4.26243 -7.48624 0.32975
4.32207 -7.44202 0.32975
4.3864 -7.40705 0.32975
4.45804 -7.38558 0.32975
2.08763 -2.95796 0.32975
2.34629 -3.35522 0.32975
2.453 -3.47276 0.32975
2.48221 -3.45341 0.32975
2.31089 -3.10037 0.32975
2.18008 -2.8265 0.32975
2.19143 -2.79008 0.32975
2.24688 -2.82367 0.32975
2.5405 -3.22217 0.32975
2.66348 -3.34722 0.32975
2.69707 -3.33439 0.32975
2.72722 -3.31628 0.32975
2.76525 -3.30937 0.32975
2.79694 -3.2931 0.32975
2.83206 -3.28137 0.32975
2.85227 -3.24919 0.32975
2.89197 -3.24326 0.32975
2.9287 -3.23291 0.32975
2.96236 -3.21824 0.32975
2.98163 -3.18522 0.32975
3.02444 -3.18164 0.32975
3.06292 -3.17215 0.32975
3.10143 -3.16223 0.32975
3.13347 -3.14428 0.32975
3.16343 -3.12374 0.32975
3.21576 -3.12839 0.32975
3.25567 -3.11824 0.32975
3.28683 -3.09804 0.32975
3.3274 -3.08778 0.32975
3.37695 -3.08647 0.32975
3.42531 -3.08309 0.32975
3.47312 -3.07839 0.32975
3.5225 -3.0745 0.32975
3.56918 -3.06718 0.32975
3.61741 -3.06066 0.32975
3.67592 -3.06318 0.32975
3.73543 -3.06558 0.32975
3.79155 -3.0638 0.32975
3.83525 -3.0499 0.32975
3.88646 -3.04209 0.32975
3.93551 -3.03165 0.32975
3.98313 -3.01928 0.32975
4.02849 -3.00439 0.32975
0.450315 -0.00190823 0.32975
4.09515 -2.9534 0.32975
4.1513 -2.94574 0.32975
0.450364 -0.00184698 0.32975
0.45038 -0.00182628 0.32975
0.450396 -0.00180545 0.32975
4.03159 -2.65172 0.32975
3.97208 -2.56039 0.32975
3.94788 -2.49644 0.32975
3.91383 -2.4268 0.32975
3.88461 -2.36191 0.32975
3.86198 -2.30276 0.32975
3.83191 -2.23976 0.32975
3.80017 -2.17692 0.32975
3.7659 -2.11374 0.32975
3.73927 -2.05662 0.32975
3.71873 -2.0043 0.32975
3.70095 -1.95457 0.32975
3.6636 -1.89413 0.32975
3.63411 -1.8395 0.32975
3.60304 -1.78504 0.32975
3.58876 -1.74095 0.32975
3.56516 -1.69248 0.32975
3.55068 -1.64972 0.32975
3.52681 -1.60273 0.32975
3.51306 -1.56173 0.32975
3.47646 -1.50993 0.32975
3.46166 -1.46986 0.32975
3.44097 -1.42757 0.32975
3.41525 -1.38365 0.32975
3.39809 -1.34444 0.32975
3.38596 -1.30807 0.32975
3.36517 -1.26842 0.32975
3.35403 -1.23354 0.32975
3.31757 -1.18861 0.32975
3.32412 -1.16203 0.32975
3.29136 -1.12003 0.32975
3.27955 -1.08693 0.32975
3.25614 -1.04992 0.32975
3.2511 -1.02025 0.32975
3.22408 -0.983061 0.32975
3.20702 -0.950008 0.32975
2.24033 -0.599706 0.32975
2.08382 -0.531509 0.32975
2.06932 -0.5112 0.32975
2.0412 -0.487091 0.32975
2.02142 -0.466069 0.32975
2.03985 -0.456456 0.32975
2.05534 -0.445754 0.32975
2.07558 -0.43611 0.32975
2.07933 -0.42189 0.32975
2.10429 -0.412961 0.32975
2.09811 -0.396157 0.32975
2.10053 -0.381517 0.32975
2.09306 -0.364701 0.32975
2.11868 -0.355113 0.32975
2.12759 -0.341717 0.32975
2.13542 -0.328001 0.32975
2.15493 -0.316361 0.32975
2.16846 -0.303363 0.32975
2.17893 -0.289659 0.32975
2.18831 -0.275638 0.32975
2.1857 -0.259701 0.32975
2.21662 -0.248563 0.32975
2.23161 -0.234817 0.32975
2.21969 -0.217537 0.32975
2.24239 -0.204445 0.32975
2.263 -0.190765 0.32975
2.26261 -0.174727 0.32975
2.28 -0.160279 0.32975
2.30227 -0.145934 0.32975
2.30945 -0.130166 0.32975
2.31351 -0.1141 0.32975
2.3404 -0.0991765 0.32975
2.3392 -0.0825715 0.32975
2.38682 -0.0677051 0.32975
2.36034 -0.0500767 0.32975
2.38471 -0.0338056 0.32975
2.40393 -0.017069 0.32975
2.4 0 0.32975
2.42892 0.0172872 0.32975
2.45169 0.0349744 0.32975
2.45431 0.0525373 0.32975
2.47876 0.0709159 0.32975
2.49805 0.089507 0.32975
2.51916 0.108545 0.32975
2.52612 0.127103 0.32975
2.54089 0.146349 0.32975
2.54153 0.164764 0.32975
2.59281 0.187646 0.32975
2.62493 0.209615 0.32975
3.91689 0.364595 0.32975
3.97021 0.401306 0.32975
4.04002 0.441045 0.32975
4.10841 0.481903 0.32975
4.19715 0.526909 0.32975
4.29527 0.574978 0.32975
4.40665 0.62699 0.32975
4.52037 0.681482 0.32975
4.6226 0.736094 0.32975
4.76449 0.800014 0.32975
4.90459 0.866272 0.32975
5.05169 0.936631 0.32975
5.19495 1.009 0.32975
5.35682 1.08826 0.32975
5.53519 1.17447 0.32975
5.73478 1.26924 0.32975
5.9389 1.36904 0.32975
6.17072 1.48 0.32975
6.42418 1.60131 0.32975
6.70293 1.73464 0.32975
6.97977 1.87296 0.32975
7.31986 2.03554 0.32975
7.67671 2.21004 0.32975
8.08346 2.40745 0.32975
8.51867 2.62232 0.32975
9.03886 2.87446 0.32975
9.84456 3.2355 0.32975
10.3297 3.4993 0.32975
11.339 3.96401 0.32975
12.1377 4.37059 0.32975
13.2427 4.91143 0.32975
15.0202 5.74014 0.32975
16.6023 6.52677 0.32975
0.448 0 0.32975
0.448 0 0.32975
0.448 0 0.32975
36.8035 16.1865 0.32975
36.6517 16.499 0.32975
36.4937 16.8084 0.32975
36.3402 17.1197 0.32975
36.1903 17.4327 0.32975
36.019 17.735 0.32975
35.8842 18.0557 0.32975
35.7599 18.3822 0.32975
0.448 0 0.32975
0.448 0 0.32975
0.448 0 0.32975
0.448 0 0.32975
15.7013 8.8065 0.32975
14.4141 8.22669 0.32975
12.7646 7.40058 0.32975
11.673 6.87869 0.32975
10.6916 6.40089 0.32975
9.85097 5.99035 0.32975
9.16011 5.65771 0.32975
8.8027 5.52986 0.32975
7.94996 5.06014 0.32975
7.54702 4.87902 0.32975
7.12655 4.67637 0.32975
6.74681 4.4929 0.32975
6.42097 4.33962 0.32975
6.09911 4.1816 0.32975
5.81243 4.04239 0.32975
5.56196 3.92408 0.32975
5.32894 3.81341 0.32975
5.20469 3.78364 0.32975
5.19092 3.84074 0.32975
5.15414 3.87944 0.32975
4.97992 3.80273 0.32975
4.37398 3.3531 0.32975
4.20645 3.26717 0.32975
4.05123 3.18786 0.32975
3.91997 3.12618 0.32975
3.80409 3.07529 0.32975
3.68278 3.01648 0.32975
3.55841 2.95166 0.32975
3.4383 2.88769 0.32975
3.34522 2.84709 0.32975
3.24602 2.79802 0.32975
3.1458 2.7453 0.32975
3.05922 2.704 0.32975
2.98114 2.66938 0.32975
2.9107 2.64092 0.32975
2.82878 2.59817 0.32975
2.74847 2.55493 0.32975
2.67838 2.52098 0.32975
2.56248 2.43243 0.32975
1.94238 1.74969 0.32975
1.85378 1.67534 0.32975
1.81239 1.65513 0.32975
1.7658 1.62734 0.32975
1.731 1.61296 0.32975
1.67686 1.57287 0.32975
1.63752 1.55021 0.32975
1.61071 1.54296 0.32975
1.5734 1.5209 0.32975
1.53834 1.50073 0.32975
1.49849 1.47273 0.32975
1.48044 1.47447 0.32975
1.45734 1.46859 0.32975
1.41932 1.44004 0.32975
1.40064 1.43929 0.32975
1.37007 1.41987 0.32975
1.33831 1.3975 0.32975
1.32131 1.39758 0.32975
1.30281 1.39492 0.32975
1.28236 1.38861 0.32975
1.26057 1.37947 0.32975
1.2425 1.37611 0.32975
1.2211 1.36646 0.32975
1.20333 1.36266 0.32975
1.18473 1.35689 0.32975
1.16676 1.35179 0.32975
1.14386 1.33673 0.32975
1.12354 1.32582 0.32975
1.09499 1.29765 0.32975
1.0946 1.32572 0.32975
1.09635 1.35929 0.32975
1.1001 1.39843 0.32975
1.272 1.80809 0.32975
1.27124 1.84902 0.32975
1.24311 1.82862 0.32975
1.21813 1.81432 0.32975
1.19615 1.80618 0.32975
1.17211 1.79225 0.32975
1.15095 1.78454 0.32975
1.12209 1.75606 0.32975
1.10569 1.75907 0.32975
1.08621 1.75347 0.32975
1.06454 1.74106 0.32975
1.04119 1.72273 0.32975
1.0201 1.70983 0.32975
1.00547 1.71571 0.32975
0.979648 1.68617 0.32975
0.965498 1.69266 0.32975
0.944459 1.67602 0.32975
0.928987 1.6774 0.32975
0.909521 1.66419 0.32975
0.888769 1.64497 0.32975
0.870391 1.63327 0.32975
0.859751 1.65144 0.32975
0.835986 1.61608 0.32975
0.818269 1.60381 0.32975
0.803394 1.60308 0.32975
0.789183 1.60514 0.32975
0.774166 1.60316 0.32975
0.755584 1.58238 0.32975
0.741035 1.58107 0.32975
0.727574 1.58554 0.32975
0.711416 1.57411 0.32975
0.694228 1.55462 0.32975
0.680356 1.55473 0.32975
0.664693 1.54185 0.32975
0.650968 1.5417 0.32975
0.635801 1.52951 0.32975
0.62222 1.52911 0.32975
0.608451 1.52659 0.32975
0.593686 1.513 0.32975
0.579518 1.50326 0.32975
0.566552 1.50634 0.32975
0.552704 1.49734 0.32975
0.538657 1.48223 0.32975
0.525196 1.47298 0.32975
0.512164 1.4696 0.32975
0.498988 1.46011 0.32975
0.486061 1.4535 0.32975
0.473131 1.43978 0.32975
0.460645 1.44894 0.32975
0.448 1.43 0.32975
0.435495 1.43295 0.32975
0.423095 1.42678 0.32975
0.41096 1.41452 0.32975
0.398513 1.41714 0.32975
0.386322 1.41265 0.32975
0.374678 1.39908 0.32975
0.361677 1.41136 0.32975
0.351318 1.38262 0.32975
0.339099 1.38372 0.32975
0.327725 1.37475 0.32975
0.315829 1.37265 0.32975
0.303333 1.37642 0.32975
0.293478 1.35623 0.32975
0.281405 1.35681 0.32975
0.270746 1.34638 0.32975
0.257055 1.35865 0.32975
0.247719 1.34012 0.32975
0.23478 1.34622 0.32975
0.225516 1.32951 0.32975
0.214617 1.32358 0.32975
0.203987 1.31658 0.32975
0.193079 1.31145 0.32975
0.178455 1.32486 0.32975
0.173557 1.29115 0.32975
0.160785 1.29554 0.32975
0.145666 1.30955 0.32975
0.139852 1.28353 0.32975
0.128422 1.28176 0.32975
0.115996 1.28376 0.32975
0.105841 1.27695 0.32975
0.096047 1.2691 0.32975
0.0866394 1.26021 0.32975
0.0753719 1.25797 0.32975
0.064116 1.25563 0.32975
0.0567819 1.24079 0.32975
0.0428789 1.24684 0.32975
0.03011 1.24894 0.32975
0.0260634 1.22539 0.32975
0.0143847 1.22449 0.32975
0.00200559 1.22536 0.32975
-0.0100713 1.22517 0.32975
-0.0164449 1.20992 0.32975
-0.0262526 1.20396 0.32975
-0.0397377 1.20719 0.32975
-0.0475748 1.19642 0.32975
-0.0556522 1.18653 0.32975
-0.067981 1.18668 0.32975
-0.0775039 1.1803 0.32975
-0.0906867 1.18204 0.32975
-0.104785 1.18545 0.32975
-0.109081 1.16795 0.32975
-0.120567 1.16574 0.32975
-0.136965 1.17326 0.32975
-0.146273 1.16633 0.32975
-0.149503 1.14779 0.32975
-0.167477 1.15754 0.32975
-0.171352 1.1407 0.32975
-0.181283 1.13526 0.32975
-0.194613 1.13581 0.32975
-0.1995 1.1215 0.32975
-0.214845 1.12529 0.32975
-0.220519 1.1126 0.32975
-0.224978 1.0982 0.32975
-0.241955 1.10416 0.32975
-0.247266 1.09135 0.32975
-0.263843 1.09614 0.32975
-0.27007 1.08489 0.32975
-0.277273 1.07526 0.32975
-0.288328 1.07136 0.32975
-0.305106 1.07555 0.32975
-0.305752 1.05672 0.32975
-0.317884 1.05415 0.32975
-0.333597 1.05627 0.32975
-0.349405 1.05819 0.32975
-0.350695 1.04088 0.32975
-0.362826 1.03781 0.32975
-0.379322 1.04009 0.32975
-0.382074 1.02506 0.32975
-0.392896 1.02009 0.32975
-0.404336 1.01577 0.32975
-0.409921 1.0045 0.32975
-0.425871 1.00527 0.32975
-0.43461 0.997609 0.32975
-0.44462 0.991355 0.32975
-0.460669 0.991638 0.32975
-0.474061 0.98879 0.32975
-0.489539 0.98796 0.32975
-0.492568 0.973986 0.32975
-0.508741 0.973587 0.32975
-0.516494 0.964494 0.32975
