-2.22486 -2.67286 0.32975
-2.20284 -2.69751 0.32975
-2.19518 -2.73709 0.32975
-2.16637 -2.75497 0.32975
-2.15246 -2.78865 0.32975
-2.13005 -2.81345 0.32975
-2.12079 -2.85293 0.32975
-2.10309 -2.88348 0.32975
-2.08898 -2.91846 0.32975
-2.06926 -2.94733 0.32975
-2.06273 -2.99217 0.32975
-2.03334 -3.01011 0.32975
-2.01453 -3.04097 0.32975
-2.00035 -3.078 0.32975
-1.99618 -3.1284 0.32975
-2.20133 -3.45267 0.32975
-2.21804 -3.53796 0.32975
-2.20729 -3.58842 0.32975
-2.18293 -3.62116 0.32975
-2.15587 -3.65049 0.32975
-2.13883 -3.69438 0.32975
-2.12518 -3.74401 0.32975
-2.10136 -3.77958 0.32975
-2.09312 -3.83921 0.32975
-2.06823 -3.87466 0.32975
-2.04991 -3.92093 0.32975
-2.02407 -3.95614 0.32975
-1.99625 -3.98865 0.32975
-1.97937 -4.03983 0.32975
-1.95773 -4.08412 0.32975
-1.9425 -4.14047 0.32975
-1.91071 -4.169 0.32975
-1.89072 -4.21917 0.32975
-1.86765 -4.2649 0.32975
-1.84912 -4.32026 0.32975
-1.82565 -4.36764 0.32975
-1.79607 -4.40425 0.32975
-1.77763 -4.46393 0.32975
-1.75175 -4.51015 0.32975
-1.72436 -4.55445 0.32975
-1.70778 -4.62308 0.32975
-1.68352 -4.6772 0.32975
-1.6532 -4.71938 0.32975
-1.63188 -4.78339 0.32975
-1.60334 -4.83265 0.32975
-1.57257 -4.87808 0.32975
-1.54903 -4.94282 0.32975
-1.51755 -4.98983 0.32975
-1.49543 -5.06281 0.32975
-1.46308 -5.11142 0.32975
-1.43961 -5.18616 0.32975
-1.40663 -5.23732 0.32975
-1.37323 -5.28923 0.32975
-1.34192 -5.34949 0.32975
-1.31185 -5.41627 0.32975
-1.28467 -5.49532 0.32975
-1.25243 -5.56187 0.32975
-1.22173 -5.6369 0.32975
0.0328901 -1.44766 0.32975
0.0514182 -1.43003 0.32975
0.0740065 -1.39576 0.32975
0.0952147 -1.36412 0.32975
0.112212 -1.34677 0.32975
0.12818 -1.33215 0.32975
0.15039 -1.28909 0.32975
0.167061 -1.26723 0.32975
0.179378 -1.26377 0.32975
0.196996 -1.23373 0.32975
0.210824 -1.22016 0.32975
0.223121 -1.21334 0.32975
0.240664 -1.17586 0.32975
0.251428 -1.17467 0.32975
0.264815 -1.15658 0.32975
0.277428 -1.14132 0.32975
0.289203 -1.1299 0.32975
0.300636 -1.11934 0.32975
0.3137 -1.09379 0.32975
0.324495 -1.08399 0.32975
0.337304 -1.0532 0.32975
0.346308 -1.05612 0.32975
0.356835 -1.04202 0.32975
0.367972 -1.01686 0.32975
0.376569 -1.02151 0.32975
0.38573 -1.0181 0.32975
0.395088 -1.00961 0.32975
0.405035 -0.984063 0.32975
0.414322 -0.964412 0.32975
0.422844 -0.960671 0.32975
0.431281 -0.957854 0.32975
0.439841 -0.934964 0.32975
0.448 -0.922 0.32975
0.456002 -0.916965 0.32975
0.463655 -0.896863 0.32975
0.471114 -0.882697 0.32975
0.478572 -0.875466 0.32975
0.486036 -0.87117 0.32975
0.493375 -0.865812 0.32975
0.500135 -0.852407 0.32975
0.507293 -0.847929 0.32975
0.514612 -0.846383 0.32975
0.519729 -0.819868 0.32975
0.526689 -0.81722 0.32975
0.534341 -0.821475 0.32975
0.539695 -0.804793 0.32975
0.545983 -0.798007 0.32975
0.550202 -0.776301 0.32975
0.557529 -0.779341 0.32975
0.561665 -0.760553 0.32975
0.568142 -0.758545 0.32975
0.575912 -0.764371 0.32975
0.58032 -0.750423 0.32975
0.586499 -0.747274 0.32975
0.595686 -0.759779 0.32975
0.602909 -0.761401 0.32975
0.612666 -0.774693 0.32975
0.638034 -0.857188 0.32975
0.709843 -1.13417 0.32975
0.722999 -1.14545 0.32975
0.69089 -0.974177 0.32975
0.655315 -0.801626 0.32975
0.656349 -0.77757 0.32975
0.666334 -0.787286 0.32975
0.671818 -0.780544 0.32975
0.674928 -0.766097 0.32975
0.684529 -0.773651 0.32975
0.687061 -0.758205 0.32975
0.693359 -0.755139 0.32975
0.693911 -0.734951 0.32975
0.700966 -0.734668 0.32975
0.703028 -0.720178 0.32975
0.717854 -0.741417 0.32975
0.720461 -0.728731 0.32975
0.741862 -0.765536 0.32975
0.75806 -0.787133 0.32975
0.762669 -0.778834 0.32975
0.770985 -0.779754 0.32975
0.77934 -0.780588 0.32975
0.780158 -0.763911 0.32975
0.791692 -0.771946 0.32975
0.799245 -0.770737 0.32975
0.799618 -0.754048 0.32975
0.813073 -0.765392 0.32975
0.817985 -0.758582 0.32975
0.820129 -0.746375 0.32975
0.832076 -0.753792 0.32975
0.834022 -0.741541 0.32975
0.83907 -0.735495 0.32975
0.846905 -0.734691 0.32975
0.852816 -0.730307 0.32975
0.863113 -0.73371 0.32975
0.869 -0.729193 0.32975
0.881945 -0.736693 0.32975
0.888873 -0.733735 0.32975
0.891079 -0.723039 0.32975
0.927577 -0.767483 0.32975
1.06643 -0.970744 0.32975
1.08741 -0.984599 0.32975
1.08052 -0.955633 0.32975
1.08828 -0.949248 0.32975
1.0971 -0.944449 0.32975
1.1122 -0.948578 0.32975
1.12278 -0.946002 0.32975
1.13924 -0.951404 0.32975
1.13978 -0.934886 0.32975
1.15273 -0.935202 0.32975
1.17303 -0.944884 0.32975
1.19049 -0.950341 0.32975
1.19066 -0.933652 0.32975
1.21451 -0.946564 0.32975
1.21829 -0.934437 0.32975
1.22063 -0.920785 0.32975
1.23578 -0.922372 0.32975
1.25561 -0.929047 0.32975
1.24911 -0.905487 0.32975
1.26969 -0.912582 0.32975
1.28641 -0.914961 0.32975
1.28754 -0.900296 0.32975
1.30156 -0.899464 0.32975
1.31285 -0.895578 0.32975
1.32063 -0.887997 0.32975
1.32693 -0.878934 0.32975
1.3467 -0.883146 0.32975
1.35509 -0.875964 0.32975
1.36342 -0.868703 0.32975
1.36146 -0.851816 0.32975
1.38582 -0.859351 0.32975
1.4022 -0.859164 0.32975
1.40517 -0.846829 0.32975
1.42233 -0.846972 0.32975
1.4312 -0.839736 0.32975
1.44616 -0.837552 0.32975
1.45266 -0.828174 0.32975
1.46684 -0.825039 0.32975
1.47948 -0.820474 0.32975
1.48029 -0.806517 0.32975
1.48967 -0.799304 0.32975
1.5014 -0.793794 0.32975
1.52838 -0.799442 0.32975
1.5426 -0.795273 0.32975
1.55194 -0.787433 0.32975
1.56123 -0.77949 0.32975
1.57953 -0.777676 0.32975
1.5871 -0.768331 0.32975
1.59876 -0.761673 0.32975
1.61543 -0.758138 0.32975
1.61019 -0.740399 0.32975
1.63866 -0.744007 0.32975
1.63232 -0.725751 0.32975
1.64975 -0.722083 0.32975
1.66462 -0.716644 0.32975
1.68988 -0.717 0.32975
1.70392 -0.710567 0.32975
1.72494 -0.707822 0.32975
1.74338 -0.703332 0.32975
1.74682 -0.690593 0.32975
1.75279 -0.679232 0.32975
1.77827 -0.677808 0.32975
1.78951 -0.66885 0.32975
1.81057 -0.664571 0.32975
1.81181 -0.650502 0.32975
1.83646 -0.647451 0.32975
1.8457 -0.636969 0.32975
1.86674 -0.631662 0.32975
1.87953 -0.622447 0.32975
1.907 -0.619309 0.32975
1.9142 -0.607319 0.32975
1.93984 -0.602742 0.32975
1.93667 -0.586402 0.32975
1.94079 -0.57303 0.32975
1.93731 -0.55683 0.32975
1.94963 -0.546548 0.32975
1.95811 -0.534759 0.32975
1.99865 -0.533932 0.32975
2.02032 -0.526091 0.32975
2.04673 -0.519458 0.32975
2.04643 -0.503983 0.32975
2.06798 -0.495278 0.32975
2.09238 -0.487086 0.32975
2.12636 -0.481263 0.32975
2.14303 -0.470073 0.32975
2.15576 -0.457592 0.32975
2.19067 -0.450684 0.32975
2.19744 -0.436185 0.32975
2.23424 -0.428839 0.32975
2.23889 -0.41346 0.32975
2.26586 -0.40301 0.32975
2.28692 -0.390874 0.32975
2.32456 -0.38179 0.32975
2.33861 -0.367498 0.32975
2.37026 -0.35627 0.32975
2.39693 -0.34365 0.32975
2.42057 -0.330095 0.32975
2.44906 -0.316936 0.32975
2.49526 -0.305966 0.32975
2.50281 -0.288784 0.32975
2.52805 -0.273844 0.32975
2.5651 -0.259947 0.32975
2.5961 -0.244745 0.32975
2.627 -0.229022 0.32975
2.66375 -0.213353 0.32975
2.71634 -0.198454 0.32975
2.72297 -0.179044 0.32975
2.77133 -0.162463 0.32975
2.81957 -0.145052 0.32975
2.85769 -0.126287 0.32975
2.89367 -0.10678 0.32975
2.92249 -0.0864113 0.32975
2.97213 -0.066097 0.32975
3.01561 -0.0448181 0.32975
3.0529 -0.0227325 0.32975
3.1 0 0.32975
3.1449 0.0235353 0.32975
3.20658 0.0481509 0.32975
3.24004 0.0731125 0.32975
3.29427 0.0993939 0.32975
3.34524 0.126496 0.32975
3.40894 0.155176 0.32975
3.48333 0.185648 0.32975
3.53646 0.215966 0.32975
3.60424 0.248402 0.32975
3.68663 0.283343 0.32975
3.76466 0.319358 0.32975
3.82937 0.355396 0.32975
3.90861 0.394287 0.32975
3.98543 0.434342 0.32975
4.07768 0.477856 0.32975
4.17933 0.524404 0.32975
4.27252 0.571579 0.32975
4.37801 0.622453 0.32975
4.48585 0.675705 0.32975
4.60487 0.732969 0.32975
4.70549 0.789079 0.32975
4.85551 0.856732 0.32975
4.98897 0.923871 0.32975
5.14604 0.9986 0.32975
5.30312 1.07635 0.32975
5.47088 1.15962 0.32975
5.67643 1.25523 0.32975
5.8836 1.35525 0.32975
6.07971 1.45646 0.32975
6.29475 1.56663 0.32975
6.55164 1.69269 0.32975
6.79906 1.82114 0.32975
7.68421 2.14346 0.32975
7.71879 2.2229 0.32975
7.90225 2.35032 0.32975
8.24857 2.53456 0.32975
9.11378 2.89953 0.32975
9.3841 3.07694 0.32975
9.93757 3.36043 0.32975
10.6737 3.72186 0.32975
11.4998 4.1321 0.32975
12.8151 4.7473 0.32975
15.772 6.03628 0.32975
15.4063 6.04353 0.32975
0.448 0 0.32975
0.448 0 0.32975
0.448 0 0.32975
0.448 0 0.32975
34.6152 15.5709 0.32975
17.6108 8.00312 0.32975
17.5601 8.16206 0.32975
34.1654 16.4451 0.32975
34.025 16.7409 0.32975
33.8884 17.0387 0.32975
33.7482 17.335 0.32975
33.6159 17.6357 0.32975
0.448 0 0.32975
0.448 0 0.32975
13.7322 7.51586 0.32975
13.848 7.7365 0.32975
13.3759 7.61511 0.32975
13.4504 7.81261 0.32975
12.3602 7.29983 0.32975
11.1266 6.67274 0.32975
10.4768 6.38903 0.32975
9.50564 5.8821 0.32975
8.87608 5.57843 0.32975
8.29152 5.29052 0.32975
7.7819 5.04045 0.32975
7.31741 4.81001 0.32975
6.93487 4.62704 0.32975
6.764 4.58884 0.32975
5.99461 4.10428 0.32975
5.90987 4.11581 0.32975
5.65875 3.99834 0.32975
5.43059 3.89283 0.32975
5.19295 3.77431 0.32975
4.9842 3.67334 0.32975
4.78993 3.57921 0.32975
4.60532 3.48841 0.32975
4.43101 3.40181 0.32975
4.26834 3.32097 0.32975
4.13211 3.25943 0.32975
3.98314 3.18305 0.32975
3.85938 3.12596 0.32975
3.71569 3.04717 0.32975
3.59467 2.98608 0.32975
3.49081 2.9384 0.32975
3.38802 2.88915 0.32975
3.29128 2.84328 0.32975
3.19697 2.79737 0.32975
3.17314 2.82197 0.32975
3.17388 2.87248 0.32975
3.15076 2.89835 0.32975
3.11726 2.91298 0.32975
3.09508 2.93988 0.32975
3.08854 2.98459 0.32975
3.06699 3.0128 0.32975
3.04319 3.03858 0.32975
3.03201 3.0795 0.32975
2.92807 3.00856 0.32975
2.40456 2.41615 0.32975
2.32613 2.36113 0.32975
2.27221 2.33488 0.32975
2.21767 2.30628 0.32975
2.16979 2.2849 0.32975
2.13016 2.27331 0.32975
2.07499 2.23936 0.32975
2.04203 2.23475 0.32975
1.98805 2.19942 0.32975
1.93821 2.16828 0.32975
1.90638 2.16213 0.32975
1.85654 2.12808 0.32975
1.82103 2.11429 0.32975
1.78588 2.10004 0.32975
1.74524 2.07602 0.32975
1.70983 2.05913 0.32975
1.681 2.05206 0.32975
1.64985 2.04034 0.32975
1.6025 1.99965 0.32975
1.56925 1.9818 0.32975
1.54318 1.97577 0.32975
1.5092 1.95449 0.32975
1.47708 1.93542 0.32975
1.44953 1.92393 0.32975
1.4209 1.90943 0.32975
1.39037 1.8901 0.32975
1.36639 1.88297 0.32975
1.34174 1.87377 0.32975
1.31606 1.86156 0.32975
1.28734 1.84176 0.32975
1.26717 1.83988 0.32975
1.2463 1.83595 0.32975
1.21774 1.81339 0.32975
1.19615 1.80618 0.32975
1.17099 1.78946 0.32975
1.14765 1.77617 0.32975
1.12066 1.75233 0.32975
1.10674 1.76188 0.32975
1.07903 1.73373 0.32975
1.0602 1.7288 0.32975
1.04184 1.72463 0.32975
1.01947 1.70793 0.32975
1.00176 1.70429 0.32975
0.984159 1.70048 0.32975
0.964621 1.68979 0.32975
0.943607 1.67314 0.32975
0.925404 1.66491 0.32975
0.907116 1.65552 0.32975
0.89291 1.66043 0.32975
0.875148 1.65166 0.32975
0.85588 1.63592 0.32975
0.835753 1.61511 0.32975
0.820744 1.61453 0.32975
0.805342 1.61186 0.32975
0.787312 1.59634 0.32975
0.770578 1.58552 0.32975
0.75692 1.58925 0.32975
0.742857 1.59091 0.32975
0.725143 1.57175 0.32975
0.708775 1.55833 0.32975
0.695636 1.56351 0.32975
0.681095 1.55968 0.32975
0.667476 1.56165 0.32975
0.651621 1.54665 0.32975
0.635557 1.52753 0.32975
0.621767 1.52513 0.32975
0.607615 1.51863 0.32975
0.594644 1.52296 0.32975
0.578821 1.49529 0.32975
0.565924 1.49837 0.32975
0.552704 1.49734 0.32975
0.53939 1.49421 0.32975
0.525353 1.47597 0.32975
0.512208 1.4706 0.32975
0.499407 1.4721 0.32975
0.486297 1.4625 0.32975
0.473498 1.46078 0.32975
0.460531 1.43595 0.32975
0.448 1.443 0.32975
0.435469 1.43595 0.32975
0.423095 1.42678 0.32975
0.411038 1.41152 0.32975
0.398478 1.41814 0.32975
0.386628 1.40566 0.32975
0.373892 1.41406 0.32975
0.362593 1.39639 0.32975
0.351108 1.38562 0.32975
0.338785 1.38771 0.32975
0.327028 1.38272 0.32975
0.315349 1.37763 0.32975
0.304378 1.36647 0.32975
0.293251 1.35821 0.32975
0.281405 1.35681 0.32975
0.269962 1.35233 0.32975
0.260117 1.33686 0.32975
0.24964 1.32726 0.32975
0.23744 1.32943 0.32975
0.223865 1.33938 0.32975
0.213401 1.33048 0.32975
0.202711 1.32346 0.32975
0.192698 1.31342 0.32975
0.183239 1.30134 0.32975
0.172725 1.29507 0.32975
0.161001 1.29457 0.32975
0.15219 1.2813 0.32975
0.138452 1.28936 0.32975
0.128905 1.27982 0.32975
0.117999 1.27602 0.32975
0.107653 1.27019 0.32975
0.0981849 1.26139 0.32975
0.0852612 1.26502 0.32975
0.0730998 1.26564 0.32975
0.0676245 1.24415 0.32975
0.0570826 1.23983 0.32975
0.0475142 1.23257 0.32975
0.0358215 1.23187 0.32975
0.0244356 1.23012 0.32975
0.0150523 1.22261 0.32975
0.00474177 1.21784 0.32975
-0.00586881 1.21393 0.32975
-0.0164449 1.20992 0.32975
-0.0225875 1.19466 0.32975
0.0666506 0.943873 0.32975
0.0702916 0.911869 0.32975
0.0635207 0.905777 0.32975
0.0532386 0.90789 0.32975
0.0432969 0.908978 0.32975
0.0374536 0.900862 0.32975
0.0253817 0.906308 0.32975
0.0260991 0.884534 0.32975
0.0113824 0.895199 0.32975
0.00804903 0.882405 0.32975
-0.00962232 0.898135 0.32975
-0.0132867 0.886124 0.32975
-0.027105 0.893543 0.32975
-0.0262956 0.873544 0.32975
-0.0314769 0.864999 0.32975
-0.0138934 0.816394 0.32975
-0.0140001 0.800207 0.32975
-0.0245182 0.802177 0.32975
-0.0361357 0.805737 0.32975
-0.0384461 0.793808 0.32975
-0.0495941 0.796317 0.32975
-0.0592107 0.796162 0.32975
-0.0759425 0.806801 0.32975
-0.0906907 0.813872 0.32975
-0.0832334 0.787586 0.32975
-0.0917852 0.785392 0.32975
-0.108943 0.795397 0.32975
-0.159415 0.851565 0.32975
-0.31906 1.05577 0.32975
-0.185486 0.856108 0.32975
-0.0888189 0.712383 0.32975
-0.09258 0.704498 0.32975
-0.0943976 0.694238 0.32975
-0.107906 0.698869 0.32975
-0.115242 0.695546 0.32975
-0.128287 0.699092 0.32975
-0.134366 0.694036 0.32975
-0.130658 0.677522 0.32975
-0.147046 0.684522 0.32975
-0.147033 0.672562 0.32975
-0.162247 0.677748 0.32975
-0.162733 0.666499 0.32975
-0.172618 0.665532 0.32975
-0.184598 0.666619 0.32975
-0.179277 0.649564 0.32975
-0.196136 0.655477 0.32975
-0.19476 0.64276 0.32975
