-0.835399 -1.2834 0.32975
-0.824851 -1.29526 0.32975
-0.8135 -1.30632 0.32975
-0.805494 -1.32091 0.32975
-0.806195 -1.34496 0.32975
-0.804544 -1.36691 0.32975
-0.785877 -1.37036 0.32975
-0.78116 -1.38931 0.32975
-0.77555 -1.40753 0.32975
-0.778807 -1.43641 0.32975
-0.775225 -1.45778 0.32975
-0.766273 -1.47303 0.32975
-0.757149 -1.48823 0.32975
-0.756566 -1.51435 0.32975
-0.761775 -1.54844 0.32975
-0.735432 -1.54228 0.32975
-0.730956 -1.56453 0.32975
-0.724395 -1.5844 0.32975
-0.725807 -1.61561 0.32975
-0.711083 -1.62497 0.32975
-0.705462 -1.64731 0.32975
-0.703504 -1.67545 0.32975
-0.69499 -1.69455 0.32975
-0.686782 -1.71447 0.32975
-0.677769 -1.73353 0.32975
-0.679792 -1.77028 0.32975
-0.66907 -1.78769 0.32975
-0.659697 -1.8076 0.32975
-0.652121 -1.83091 0.32975
-0.644223 -1.85423 0.32975
-0.6375 -1.88014 0.32975
-0.624499 -1.89563 0.32975
-0.617127 -1.92154 0.32975
-0.610815 -1.9501 0.32975
-0.607372 -1.98487 0.32975
-0.596476 -2.00642 0.32975
-0.58619 -2.02971 0.32975
-0.579593 -2.06103 0.32975
-0.575158 -2.09779 0.32975
-0.567145 -2.1283 0.32975
-0.55107 -2.14251 0.32975
-0.542287 -2.17299 0.32975
-0.531015 -2.1989 0.32975
-0.528138 -2.24496 0.32975
-0.515152 -2.26904 0.32975
-0.505647 -2.30231 0.32975
-0.498631 -2.34299 0.32975
-0.484012 -2.36605 0.32975
-0.474439 -2.40304 0.32975
-0.458687 -2.42504 0.32975
-0.449803 -2.46669 0.32975
-0.436922 -2.49894 0.32975
-0.430057 -2.55006 0.32975
-0.416655 -2.58418 0.32975
-0.407668 -2.63348 0.32975
-0.393375 -2.6685 0.32975
-0.382336 -2.71591 0.32975
-0.36826 -2.75565 0.32975
-0.352175 -2.79054 0.32975
-0.337414 -2.83211 0.32975
-0.325351 -2.88619 0.32975
-0.308648 -2.92574 0.32975
-0.294216 -2.97687 0.32975
-0.275447 -3.01337 0.32975
-0.261946 -3.07511 0.32975
-0.247421 -3.13684 0.32975
-0.227089 -3.17605 0.32975
-0.211708 -3.24257 0.32975
-0.192546 -3.29532 0.32975
-0.174152 -3.35683 0.32975
-0.154212 -3.41531 0.32975
-0.134123 -3.47863 0.32975
-0.114695 -3.55271 0.32975
-0.0916523 -3.6109 0.32975
-0.0652707 -3.65211 0.32975
-0.044867 -3.7437 0.32975
-0.0179063 -3.7945 0.32975
0.00605466 -3.8789 0.32975
0.00918932 -4.175 0.32975
-0.047523 -5.1462 0.32975
-0.0105265 -5.24098 0.32975
0.0222812 -5.40927 0.32975
0.0602237 -5.54546 0.32975
0.102953 -5.64146 0.32975
0.145394 -5.77408 0.32975
0.18986 -5.91237 0.32975
0.236719 -6.05031 0.32975
0.285415 -6.20887 0.32975
0.336618 -6.38103 0.32975
0.39051 -6.58775 0.32975
0.448001 -6.758 0.32975
0.508972 -6.98673 0.32975
0.573029 -7.16291 0.32975
0.640112 -7.33649 0.32975
0.709118 -7.47744 0.32975
0.786967 -7.7636 0.32975
0.866112 -7.97805 0.32975
0.954458 -8.28053 0.32975
1.04456 -8.53117 0.32975
1.14236 -8.82272 0.32975
1.24338 -9.09127 0.32975
1.35911 -9.46224 0.32975
1.48398 -9.85671 0.32975
1.62011 -10.2874 0.32975
1.75285 -10.6272 0.32975
1.86695 -10.778 0.32975
1.95928 -10.7533 0.32975
2.04848 -10.7091 0.32975
2.14031 -10.6848 0.32975
2.25874 -10.8205 0.32975
2.48993 -11.5804 0.32975
2.75146 -12.4283 0.32975
3.0367 -13.3177 0.32975
3.36316 -14.3285 0.32975
3.48684 -14.2966 0.32975
3.50391 -13.7843 0.32975
3.69202 -14.0514 0.32975
4.99505 -18.9398 0.32975
5.15532 -18.88 0.32975
5.31263 -18.8101 0.32975
5.47556 -18.7631 0.32975
5.63884 -18.7176 0.32975
5.79895 -18.661 0.32975
5.95818 -18.6021 0.32975
6.12264 -18.5609 0.32975
6.2838 -18.5088 0.32975
6.44633 -18.461 0.32975
6.60593 -18.4041 0.32975
6.76891 -18.3572 0.32975
6.93186 -18.3099 0.32975
5.22842 -13.1341 0.32975
5.55367 -13.6557 0.32975
5.72676 -13.7516 0.32975
5.38294 -12.5281 0.32975
4.78445 -10.7331 0.32975
4.55764 -9.92154 0.32975
4.6382 -9.87149 0.32975
4.72897 -9.84556 0.32975
4.82083 -9.82153 0.32975
4.87734 -9.7193 0.32975
4.69658 -9.11111 0.32975
4.49222 -8.47889 0.32975
4.32978 -7.95882 0.32975
4.17286 -7.47091 0.32975
4.05632 -7.08172 0.32975
3.91573 -6.66145 0.32975
3.82115 -6.34398 0.32975
3.73038 -6.04538 0.32975
3.64047 -5.75937 0.32975
3.54633 -5.47628 0.32975
3.478 -5.24811 0.32975
3.40086 -5.01296 0.32975
3.32706 -4.79157 0.32975
2.43663 -3.24515 0.32975
2.3308 -3.01311 0.32975
2.29631 -2.90127 0.32975
2.24694 -2.77013 0.32975
2.2153 -2.6701 0.32975
2.191 -2.58411 0.32975
2.21236 -2.56715 0.32975
2.241 -2.56067 0.32975
2.26676 -2.54981 0.32975
2.29129 -2.53708 0.32975
2.31931 -2.52893 0.32975
2.34913 -2.52289 0.32975
2.3729 -2.50858 0.32975
2.40519 -2.50509 0.32975
2.4276 -2.48869 0.32975
2.45553 -2.4791 0.32975
2.48663 -2.47306 0.32975
2.51328 -2.4613 0.32975
2.54052 -2.45003 0.32975
2.57297 -2.4445 0.32975
2.5982 -2.43036 0.32975
2.63137 -2.42488 0.32975
2.65313 -2.40647 0.32975
2.6945 -2.40908 0.32975
2.72921 -2.40389 0.32975
2.74524 -2.37886 0.32975
2.86333 -2.45786 0.32975
3.1145 -2.6665 0.32975
3.14623 -2.65154 0.32975
3.19876 -2.65637 0.32975
3.22618 -2.6364 0.32975
3.25859 -2.62092 0.32975
3.29758 -2.61116 0.32975
3.3366 -2.60091 0.32975
3.36743 -2.58289 0.32975
3.41099 -2.57569 0.32975
3.46301 -2.57506 0.32975
3.50528 -2.56537 0.32975
3.55456 -2.56085 0.32975
3.59 -2.54434 0.32975
3.62069 -2.52367 0.32975
3.66387 -2.51251 0.32975
3.69916 -2.4947 0.32975
3.73438 -2.47647 0.32975
3.76873 -2.45721 0.32975
3.81675 -2.44754 0.32975
3.85182 -2.42792 0.32975
3.89745 -2.41533 0.32975
3.939 -2.3993 0.32975
3.99545 -2.39279 0.32975
4.03288 -2.37278 0.32975
4.07273 -2.35393 0.32975
4.12266 -2.34101 0.32975
4.17178 -2.32688 0.32975
4.21326 -2.30735 0.32975
4.26582 -2.29398 0.32975
4.31671 -2.27885 0.32975
4.3581 -2.2575 0.32975
4.42465 -2.24988 0.32975
4.473 -2.23109 0.32975
4.51604 -2.20877 0.32975
4.57401 -2.19384 0.32975
4.62759 -2.17576 0.32975
4.67048 -2.15146 0.32975
4.73116 -2.1355 0.32975
4.79277 -2.11909 0.32975
4.84178 -2.09573 0.32975
4.92063 -2.08562 0.32975
4.96778 -2.05978 0.32975
5.02486 -2.03775 0.32975
5.07732 -2.01289 0.32975
5.14073 -1.99195 0.32975
5.22076 -1.97694 0.32975
5.28234 -1.9532 0.32975
5.34851 -1.93036 0.32975
5.41091 -1.90508 0.32975
5.47793 -1.88061 0.32975
5.56839 -1.86367 0.32975
5.63253 -1.83594 0.32975
5.69846 -1.80788 0.32975
5.76904 -1.7804 0.32975
5.87473 -1.76325 0.32975
5.95285 -1.73567 0.32975
6.02517 -1.70511 0.32975
6.11367 -1.67825 0.32975
6.20211 -1.64997 0.32975
6.28471 -1.61866 0.32975
6.37589 -1.58837 0.32975
6.46116 -1.55511 0.32975
6.56863 -1.52604 0.32975
6.65464 -1.49008 0.32975
6.76971 -1.45948 0.32975
6.8691 -1.42352 0.32975
6.98203 -1.38885 0.32975
7.07817 -1.34892 0.32975
7.18491 -1.30952 0.32975
1.36931 -0.170755 0.32975
1.36289 -0.161319 0.32975
1.34256 -0.149698 0.32975
1.33889 -0.141104 0.32975
1.33317 -0.13229 0.32975
1.32538 -0.123307 0.32975
1.30263 -0.112514 0.32975
1.2996 -0.104564 0.32975
1.27763 -0.0945247 0.32975
1.2645 -0.085818 0.32975
1.26223 -0.0784018 0.32975
1.24894 -0.0700732 0.32975
1.24653 -0.0628458 0.32975
1.24306 -0.055596 0.32975
1.22355 -0.0474348 0.32975
1.23093 -0.0410313 0.32975
1.22526 -0.0339359 0.32975
1.22053 -0.0269773 0.32975
1.19175 -0.0194757 0.32975
1.19989 -0.0131243 0.32975
1.19097 -0.00648378 0.32975
1.178 0 0.32975
1.17397 0.00633543 0.32975
1.16489 0.0125133 0.32975
1.17375 0.0190045 0.32975
1.16057 0.0248834 0.32975
1.15932 0.031057 0.32975
1.15104 0.0368445 0.32975
1.13771 0.0421845 0.32975
1.13033 0.0477135 0.32975
1.11793 0.0527245 0.32975
1.11744 0.0585686 0.32975
1.10994 0.0637374 0.32975
1.1014 0.0686751 0.32975
1.09581 0.0738085 0.32975
1.11301 0.0816525 0.32975
1.08946 0.0844504 0.32975
1.09365 0.0907408 0.32975
1.08987 0.0959282 0.32975
1.08506 0.1009 0.32975
1.0812 0.105961 0.32975
1.07335 0.110267 0.32975
1.0704 0.115355 0.32975
1.05563 0.118111 0.32975
1.05751 0.124007 0.32975
1.06228 0.130569 0.32975
1.05428 0.134409 0.32975
1.04919 0.138795 0.32975
1.04406 0.143102 0.32975
1.03697 0.146847 0.32975
1.02986 0.150478 0.32975
1.02756 0.155291 0.32975
1.01847 0.158205 0.32975
1.01418 0.16235 0.32975
1.02042 0.169557 0.32975
1.01318 0.172792 0.32975
1.0002 0.174109 0.32975
1.01007 0.182629 0.32975
0.996131 0.183402 0.32975
1.00018 0.190132 0.32975
0.993789 0.193274 0.32975
0.981745 0.194267 0.32975
0.97722 0.197867 0.32975
0.982942 0.205345 0.32975
0.978338 0.208906 0.32975
0.96166 0.207532 0.32975
0.976459 0.218895 0.32975
0.951516 0.21373 0.32975
0.954217 0.22011 0.32975
0.953191 0.224925 0.32975
0.952119 0.22974 0.32975
0.951907 0.234976 0.32975
0.944422 0.236781 0.32975
0.943236 0.241543 0.32975
0.941109 0.245855 0.32975
0.930926 0.246063 0.32975
0.927873 0.249806 0.32975
0.919494 0.250698 0.32975
0.918167 0.25528 0.32975
0.916796 0.259858 0.32975
0.915381 0.264431 0.32975
0.91652 0.2705 0.32975
0.921896 0.279146 0.32975
0.922014 0.284816 0.32975
0.904163 0.279537 0.32975
0.909338 0.288276 0.32975
0.895841 0.285306 0.32975
0.889141 0.28648 0.32975
0.905803 0.303013 0.32975
0.897338 0.303083 0.32975
0.887259 0.301894 0.32975
0.888704 0.308584 0.32975
0.890065 0.315322 0.32975
0.880824 0.314465 0.32975
0.874044 0.315256 0.32975
0.880062 0.325582 0.32975
0.874031 0.326905 0.32975
0.868798 0.328763 0.32975
0.857304 0.325575 0.32975
0.850562 0.325988 0.32975
0.856961 0.337121 0.32975
0.859366 0.345177 0.32975
0.846453 0.340311 0.32975
0.844977 0.345087 0.32975
0.852436 0.357815 0.32975
0.839637 0.352632 0.32975
0.843918 0.362792 0.32975
0.830498 0.356685 0.32975
0.832448 0.364828 0.32975
0.829969 0.368864 0.32975
0.829589 0.374986 0.32975
0.824888 0.376888 0.32975
0.822986 0.381589 0.32975
0.82381 0.389163 0.32975
0.816958 0.388801 0.32975
0.814233 0.392737 0.32975
0.812143 0.397392 0.32975
0.807323 0.399069 0.32975
0.806477 0.405185 0.32975
0.797023 0.401505 0.32975
0.792857 0.403776 0.32975
0.786106 0.402939 0.32975
0.790846 0.415906 0.32975
0.779023 0.408779 0.32975
0.78229 0.420261 0.32975
0.772454 0.415282 0.32975
0.768209 0.417304 0.32975
0.77298 0.431263 0.32975
0.76623 0.430063 0.32975
0.763053 0.433633 0.32975
0.763322 0.442065 0.32975
0.751422 0.433331 0.32975
0.755559 0.4475 0.32975
0.777365 0.488303 0.32975
0.784682 0.50867 0.32975
0.788399 0.524169 0.32975
0.785961 0.530493 0.32975
0.784499 0.538511 0.32975
0.782399 0.54569 0.32975
0.78226 0.556302 0.32975
0.771302 0.548858 0.32975
0.773 0.562917 0.32975
0.759212 0.550065 0.32975
0.762157 0.566754 0.32975
0.753859 0.563322 0.32975
0.755973 0.579214 0.32975
0.752292 0.58454 0.32975
0.776689 0.645089 0.32975
0.784879 0.675675 0.32975
0.788614 0.698363 0.32975
0.778632 0.693186 0.32975
0.775952 0.703295 0.32975
0.773949 0.71523 0.32975
0.770542 0.724442 0.32975
0.766999 0.733648 0.32975
0.763711 0.743768 0.32975
0.760652 0.75481 0.32975
0.767914 0.791815 0.32975
0.933614 1.2328 0.32975
0.941115 1.28461 0.32975
0.934088 1.3001 0.32975
0.925118 1.31087 0.32975
0.920337 1.33384 0.32975
0.914865 1.35587 0.32975
0.912851 1.38929 0.32975
0.90689 1.41232 0.32975
0.894548 1.41627 0.32975
0.894159 1.45932 0.32975
0.882544 1.46699 0.32975
0.871654 1.47746 0.32975
0.863823 1.49941 0.32975
0.857969 1.53003 0.32975
0.854617 1.57227 0.32975
0.841607 1.57867 0.32975
0.835519 1.61413 0.32975
0.830192 1.65545 0.32975
0.819194 1.67435 0.32975
0.809766 1.70198 0.32975
0.802277 1.74133 0.32975
0.793364 1.77675 0.32975
0.781126 1.79739 0.32975
0.768034 1.815 0.32975
0.752843 1.82167 0.32975
0.74022 1.845 0.32975
0.72736 1.86924 0.32975
0.716465 1.91023 0.32975
0.703048 1.93728 0.32975
0.688936 1.96226 0.32975
0.676558 2.00602 0.32975
0.664165 2.05667 0.32975
0.650139 2.09929 0.32975
0.635298 2.14082 0.32975
0.620139 2.18724 0.32975
0.604324 2.23554 0.32975
0.588106 2.29072 0.32975
0.570833 2.34378 0.32975
0.552294 2.38872 0.32975
0.53333 2.44351 0.32975
0.513547 2.50314 0.32975
0.492626 2.55661 0.32975
0.471047 2.6409 0.32975
0.448 2.706 0.32975
0.423793 2.77389 0.32975
0.397859 2.87256 0.32975
0.37104 2.93899 0.32975
0.342673 3.01616 0.32975
0.312388 3.10604 0.32975
0.280996 3.18663 0.32975
0.246357 3.29684 0.32975
0.209293 3.41366 0.32975
0.169783 3.53507 0.32975
0.128661 3.65006 0.32975
0.0845525 3.77454 0.32975
0.0361577 3.91842 0.32975
-0.0162464 4.07464 0.32975
-0.0749411 4.25902 0.32975
-0.13754 4.44762 0.32975
-0.206252 4.65525 0.32975
-0.280847 4.87684 0.32975
-0.364989 5.13302 0.32975
-0.454811 5.39498 0.32975
-0.558292 5.70696 0.32975
-0.678034 6.07553 0.32975
-0.800273 6.4218 0.32975
-0.945781 6.85065 0.32975
-1.13525 7.44859 0.32975
-1.33438 8.0398 0.32975
-1.54911 8.65046 0.32975
-1.85891 9.60896 0.32975
-2.165 10.4802 0.32975
-2.59562 11.7688 0.32975
-3.14105 13.3945 0.32975
-3.89302 15.6532 0.32975
0.448 0 0.32975
0.448 0 0.32975
-10.6718 36.3711 0.32975
-3.43441 12.3134 0.32975
-3.51329 12.1916 0.32975
-3.54401 11.9309 0.32975
0.448 0 0.32975
0.448 0 0.32975
0.448 0 0.32975
-12.8963 35.691 0.32975
-13.1807 35.5041 0.32975
0.448 0 0.32975
-9.18538 23.8435 0.32975
-7.88569 20.1193 0.32975
-7.51783 18.7663 0.32975
-6.91889 16.9427 0.32975
-6.29285 15.1402 0.32975
-5.89598 13.9206 0.32975
-5.61869 13.01 0.32975
-5.16285 11.7634 0.32975
-4.99482 11.1594 0.32975
-4.61902 10.1629 0.32975
-4.44375 9.6006 0.32975
-4.2526 9.02977 0.32975
-4.0716 8.50014 0.32975
-3.92754 8.05875 0.32975
-3.79215 7.64942 0.32975
-3.6987 7.32926 0.32975
-3.7 7.18455 0.32975
-3.41183 6.55269 0.32975
-3.34422 6.31132 0.32975
-3.26592 6.06057 0.32975
-3.17559 5.79895 0.32975
-3.10033 5.56976 0.32975
-3.02952 5.35491 0.32975
-2.96849 5.16175 0.32975
-2.89709 4.9593 0.32975
-2.84622 4.79312 0.32975
-2.78296 4.61428 0.32975
-2.72903 4.45403 0.32975
-2.68607 4.31368 0.32975
-2.62664 4.15514 0.32975
-2.58695 4.02752 0.32975
-2.5398 3.89378 0.32975
-2.49301 3.76433 0.32975
-2.45977 3.65556 0.32975
-2.42359 3.54612 0.32975
-2.44361 3.50781 0.32975
-2.50047 3.51385 0.32975
-2.53362 3.49102 0.32975
-2.55937 3.45959 0.32975
-2.60071 3.44595 0.32975
-2.65208 3.44299 0.32975
-2.68674 3.42097 0.32975
-2.73148 3.40957 0.32975
-2.7673 3.38822 0.32975
-2.16253 2.70328 0.32975
-2.11943 2.61264 0.32975
-2.09617 2.54417 0.32975
