-0.654379 -1.10238 0.32975
-0.646119 -1.11338 0.32975
-0.628026 -1.11426 0.32975
-0.630652 -1.13666 0.32975
-0.618645 -1.14384 0.32975
-0.605921 -1.15015 0.32975
-0.603204 -1.16748 0.32975
-0.599602 -1.1841 0.32975
-0.587917 -1.19169 0.32975
-0.570334 -1.19232 0.32975
-0.56889 -1.21188 0.32975
-0.55764 -1.21994 0.32975
-0.550732 -1.23333 0.32975
-0.544288 -1.24748 0.32975
-0.544446 -1.27027 0.32975
-0.524801 -1.26778 0.32975
-0.519719 -1.28421 0.32975
-0.516802 -1.30386 0.32975
-0.508326 -1.31627 0.32975
-0.48577 -1.3091 0.32975
-0.483488 -1.3303 0.32975
-0.486004 -1.35898 0.32975
-0.464043 -1.35216 0.32975
-0.455521 -1.36507 0.32975
-0.450654 -1.38381 0.32975
-0.446067 -1.4034 0.32975
-0.429546 -1.40437 0.32975
-0.41987 -1.41624 0.32975
-0.418294 -1.44176 0.32975
-0.406187 -1.45012 0.32975
-0.404 -1.47571 0.32975
-0.385181 -1.47264 0.32975
-0.3786 -1.49123 0.32975
-0.36317 -1.49399 0.32975
-0.356674 -1.51337 0.32975
-0.339743 -1.51324 0.32975
-0.336041 -1.53877 0.32975
-0.324814 -1.55003 0.32975
-0.313451 -1.56121 0.32975
-0.303242 -1.57501 0.32975
-0.301725 -1.60779 0.32975
-0.293057 -1.6261 0.32975
-0.274364 -1.62246 0.32975
-0.263368 -1.63604 0.32975
-0.256879 -1.66059 0.32975
-0.248484 -1.68146 0.32975
-0.237905 -1.69767 0.32975
-0.219399 -1.69429 0.32975
-0.21283 -1.72152 0.32975
-0.200584 -1.73472 0.32975
-0.185763 -1.74125 0.32975
-0.176553 -1.76368 0.32975
-0.166998 -1.78608 0.32975
-0.158052 -1.8113 0.32975
-0.140986 -1.81271 0.32975
-0.12725 -1.82446 0.32975
-0.116277 -1.84567 0.32975
-0.108102 -1.87737 0.32975
-0.0911467 -1.88023 0.32975
-0.0773907 -1.8945 0.32975
-0.0667911 -1.92123 0.32975
-0.0552637 -1.94598 0.32975
-0.0397145 -1.95612 0.32975
-0.0289289 -1.98655 0.32975
-0.0192235 -2.02377 0.32975
0.00148507 -2.0141 0.32975
0.0134647 -2.04433 0.32975
0.0311217 -2.04902 0.32975
0.0459654 -2.06829 0.32975
0.0592915 -2.09728 0.32975
0.0723989 -2.13014 0.32975
0.0878663 -2.15208 0.32975
0.10228 -2.18279 0.32975
0.119863 -2.19562 0.32975
0.137087 -2.21226 0.32975
0.152619 -2.24364 0.32975
0.170625 -2.25904 0.32975
0.188651 -2.27627 0.32975
0.206016 -2.30232 0.32975
0.222858 -2.33819 0.32975
0.241877 -2.356 0.32975
0.259855 -2.39061 0.32975
0.278771 -2.42009 0.32975
0.298431 -2.44543 0.32975
0.319097 -2.45962 0.32975
0.338951 -2.49762 0.32975
0.360018 -2.51946 0.32975
0.380751 -2.56812 0.32975
0.403025 -2.57661 0.32975
0.425599 -2.5669 0.32975
0.448 -2.546 0.32975
0.470122 -2.5349 0.32975
0.49205 -2.52362 0.32975
0.513416 -2.49814 0.32975
0.534795 -2.48549 0.32975
0.555653 -2.46565 0.32975
0.576956 -2.46062 0.32975
0.596958 -2.43545 0.32975
0.617159 -2.41909 0.32975
0.637636 -2.40955 0.32975
0.663013 -2.45761 0.32975
0.686848 -2.48053 0.32975
0.71068 -2.49923 0.32975
0.733045 -2.50181 0.32975
0.752673 -2.48137 0.32975
0.780581 -2.5262 0.32975
0.821541 -2.65788 0.32975
0.833782 -2.58133 0.32975
0.851914 -2.55021 0.32975
0.875473 -2.55448 0.32975
0.903132 -2.58118 0.32975
0.938214 -2.64496 0.32975
0.968527 -2.67788 0.32975
1.00244 -2.72517 0.32975
1.03597 -2.7662 0.32975
1.07416 -2.82442 0.32975
1.10778 -2.85783 0.32975
1.14764 -2.91419 0.32975
1.1907 -2.97881 0.32975
1.23645 -3.0487 0.32975
1.29253 -3.15182 0.32975
1.34939 -3.25033 0.32975
1.42927 -3.42209 0.32975
1.79423 -4.54481 0.32975
1.88647 -4.70502 0.32975
1.96356 -4.80673 0.32975
2.04469 -4.91411 0.32975
2.14431 -5.06974 0.32975
2.22365 -5.15686 0.32975
2.32767 -5.30801 0.32975
2.43514 -5.45961 0.32975
2.54959 -5.62097 0.32975
2.66522 -5.77606 0.32975
2.78408 -5.93048 0.32975
2.8792 -6.01742 0.32975
3.79495 -8.08025 0.32975
4.00717 -8.38488 0.32975
4.21977 -8.67447 0.32975
4.45354 -8.9966 0.32975
4.72183 -9.37806 0.32975
5.00721 -9.77725 0.32975
5.29297 -10.1577 0.32975
5.66023 -10.6867 0.32975
6.04377 -11.2234 0.32975
6.45566 -11.7907 0.32975
6.70423 -12.0181 0.32975
6.79056 -11.9286 0.32975
6.88487 -11.8552 0.32975
7.01717 -11.8511 0.32975
7.58814 -12.6202 0.32975
8.4705 -13.8954 0.32975
9.27765 -14.9898 0.32975
9.19798 -14.5624 0.32975
9.18992 -14.2655 0.32975
12.2032 -18.8123 0.32975
12.3508 -18.6837 0.32975
12.5069 -18.569 0.32975
12.6662 -18.4597 0.32975
12.8229 -18.3466 0.32975
12.9797 -18.2338 0.32975
13.1384 -18.1237 0.32975
13.2984 -18.0156 0.32975
13.4575 -17.906 0.32975
13.6079 -17.7845 0.32975
13.771 -17.6802 0.32975
10.6514 -13.2974 0.32975
10.9604 -13.4553 0.32975
11.2822 -13.6205 0.32975
8.90921 -10.4487 0.32975
9.0147 -10.3922 0.32975
9.08642 -10.2949 0.32975
9.18048 -10.2244 0.32975
9.26609 -10.1441 0.32975
8.91761 -9.57315 0.32975
8.31698 -8.73938 0.32975
7.82882 -8.05476 0.32975
7.3846 -7.4386 0.32975
7.08443 -6.99333 0.32975
4.8181 -4.52537 0.32975
4.61981 -4.24527 0.32975
4.54639 -4.09839 0.32975
4.56773 -4.04845 0.32975
4.62233 -4.0311 0.32975
4.67621 -4.01242 0.32975
4.70228 -3.96718 0.32975
4.73969 -3.93261 0.32975
2.2479 -1.62063 0.32975
2.25149 -1.59559 0.32975
2.26308 -1.57782 0.32975
2.22583 -1.51841 0.32975
2.19382 -1.46491 0.32975
2.20422 -1.44771 0.32975
2.22922 -1.4424 0.32975
2.21748 -1.40751 0.32975
2.17847 -1.35199 0.32975
2.1553 -1.31005 0.32975
2.17385 -1.30052 0.32975
2.17549 -1.27827 0.32975
2.20114 -1.27373 0.32975
2.22359 -1.26651 0.32975
2.23129 -1.24868 0.32975
2.26437 -1.24836 0.32975
2.25779 -1.22072 0.32975
2.27087 -1.20653 0.32975
2.29559 -1.19984 0.32975
2.30683 -1.18421 0.32975
2.33236 -1.17748 0.32975
2.33916 -1.1589 0.32975
2.36377 -1.15111 0.32975
2.37288 -1.13384 0.32975
2.37924 -1.115 0.32975
2.33493 -1.06757 0.32975
2.31969 -1.03749 0.32975
2.30055 -1.00585 0.32975
2.31808 -0.994341 0.32975
2.31604 -0.972443 0.32975
2.29149 -0.939306 0.32975
2.26651 -0.906674 0.32975
2.24379 -0.875866 0.32975
2.22339 -0.846815 0.32975
2.19808 -0.816076 0.32975
2.19695 -0.79704 0.32975
2.16455 -0.764258 0.32975
2.14823 -0.739281 0.32975
2.11227 -0.706442 0.32975
2.0999 -0.684238 0.32975
2.07521 -0.657435 0.32975
2.05669 -0.633681 0.32975
2.03695 -0.609942 0.32975
2.04877 -0.598504 0.32975
2.01917 -0.571858 0.32975
2.00336 -0.550781 0.32975
1.9892 -0.530676 0.32975
1.98523 -0.514351 0.32975
1.96208 -0.491955 0.32975
1.94438 -0.471807 0.32975
1.9341 -0.454346 0.32975
1.92938 -0.438804 0.32975
1.91296 -0.420071 0.32975
1.89537 -0.401392 0.32975
1.86791 -0.380464 0.32975
1.87311 -0.368559 0.32975
1.86463 -0.353206 0.32975
1.85502 -0.337796 0.32975
1.81504 -0.315606 0.32975
1.79334 -0.298254 0.32975
1.77437 -0.281928 0.32975
1.74248 -0.263365 0.32975
1.76142 -0.255303 0.32975
1.75966 -0.243102 0.32975
1.73908 -0.227653 0.32975
1.7351 -0.215387 0.32975
1.71619 -0.200862 0.32975
1.71196 -0.188901 0.32975
1.70267 -0.176332 0.32975
1.69623 -0.164332 0.32975
1.6996 -0.153677 0.32975
1.69593 -0.142183 0.32975
1.6832 -0.129825 0.32975
1.66636 -0.117315 0.32975
1.6773 -0.10755 0.32975
1.65626 -0.0950925 0.32975
1.64707 -0.0838474 0.32975
1.64576 -0.0732584 0.32975
1.62538 -0.061704 0.32975
1.6069 -0.0505985 0.32975
1.61129 -0.0406231 0.32975
1.6146 -0.0305486 0.32975
1.60082 -0.0201228 0.32975
1.57596 -0.00984348 0.32975
1.576 0 0.32975
1.57796 0.00986093 0.32975
1.58283 0.0198084 0.32975
1.55662 0.0290303 0.32975
1.54833 0.0384244 0.32975
1.54096 0.0477196 0.32975
1.53251 0.0568368 0.32975
1.53297 0.0663596 0.32975
1.51639 0.0747093 0.32975
1.50573 0.0832451 0.32975
1.51592 0.0934309 0.32975
1.5081 0.102076 0.32975
1.49424 0.109964 0.32975
1.48827 0.118524 0.32975
1.49414 0.12845 0.32975
1.47712 0.135486 0.32975
1.46402 0.142792 0.32975
1.46372 0.1518 0.32975
1.45248 0.159094 0.32975
1.45204 0.168018 0.32975
1.4594 0.178337 0.32975
1.45092 0.18588 0.32975
1.43552 0.191954 0.32975
1.424 0.198571 0.32975
1.42224 0.20708 0.32975
1.43015 0.217738 0.32975
1.41263 0.222701 0.32975
1.41843 0.232978 0.32975
1.39889 0.237084 0.32975
1.3871 0.242869 0.32975
1.38398 0.250796 0.32975
1.39332 0.262161 0.32975
1.38715 0.269298 0.32975
1.36751 0.272371 0.32975
1.3584 0.278338 0.32975
1.36548 0.289279 0.32975
1.37338 0.300673 0.32975
1.34417 0.299853 0.32975
1.34624 0.30929 0.32975
1.33785 0.315114 0.32975
1.33507 0.322867 0.32975
1.32004 0.326043 0.32975
1.3321 0.339375 0.32975
1.31887 0.343045 0.32975
1.31863 0.351756 0.32975
1.30166 0.353599 0.32975
1.31143 0.366506 0.32975
1.3027 0.371634 0.32975
1.29942 0.379079 0.32975
1.28516 0.381518 0.32975
1.28543 0.390499 0.32975
1.27657 0.395209 0.32975
1.2713 0.401548 0.32975
1.26955 0.40961 0.32975
1.27485 0.421303 0.32975
1.26494 0.42527 0.32975
1.25766 0.430505 0.32975
1.24333 0.431829 0.32975
1.2614 0.450873 0.32975
1.23741 0.446628 0.32975
1.23435 0.454 0.32975
1.2295 0.460337 0.32975
1.22631 0.467655 0.32975
1.2239 0.475474 0.32975
1.22227 0.483816 0.32975
1.22308 0.493778 0.32975
1.22293 0.503247 0.32975
1.196 0.495087 0.32975
1.19662 0.504951 0.32975
1.19383 0.512598 0.32975
1.18196 0.513924 0.32975
1.18559 0.526117 0.32975
1.18501 0.535472 0.32975
1.17388 0.537125 0.32975
1.17396 0.54705 0.32975
1.17233 0.555799 0.32975
1.16036 0.556558 0.32975
1.16565 0.570846 0.32975
1.14976 0.568276 0.32975
1.14632 0.575651 0.32975
1.14816 0.587508 0.32975
1.13541 0.587101 0.32975
1.13856 0.600294 0.32975
1.12805 0.601659 0.32975
1.12649 0.610916 0.32975
1.11597 0.612085 0.32975
1.12011 0.626757 0.32975
1.11172 0.629844 0.32975
1.11411 0.643254 0.32975
1.09991 0.640631 0.32975
1.08722 0.639225 0.32975
1.08372 0.646918 0.32975
1.08361 0.658196 0.32975
1.08955 0.676049 0.32975
1.07885 0.676502 0.32975
1.0736 0.682719 0.32975
1.07364 0.69484 0.32975
1.06026 0.692035 0.32975
1.05485 0.698106 0.32975
1.05913 0.715542 0.32975
1.04965 0.717018 0.32975
1.03764 0.715296 0.32975
1.04334 0.73518 0.32975
1.03814 0.741912 0.32975
1.03165 0.747034 0.32975
1.02084 0.746545 0.32975
1.01491 0.752315 0.32975
1.01308 0.763664 0.32975
1.00581 0.767757 0.32975
1.00083 0.775038 0.32975
0.997486 0.784748 0.32975
0.988352 0.786216 0.32975
0.989299 0.802508 0.32975
0.97786 0.80053 0.32975
0.979568 0.818543 0.32975
0.967031 0.814716 0.32975
0.963082 0.824303 0.32975
0.959004 0.833882 0.32975
0.955828 0.845167 0.32975
0.950463 0.853013 0.32975
0.9415 0.854767 0.32975
0.943378 0.875578 0.32975
0.937658 0.883366 0.32975
0.928022 0.88409 0.32975
0.928739 0.904138 0.32975
0.912057 0.891446 0.32975
0.90653 0.899917 0.32975
0.903568 0.913728 0.32975
0.902591 0.932049 0.32975
0.891426 0.929663 0.32975
0.884565 0.936216 0.32975
0.876378 0.93999 0.32975
0.87426 0.957396 0.32975
0.876257 0.984922 0.32975
0.866082 0.98494 0.32975
0.857471 0.988551 0.32975
0.851077 0.99765 0.32975
0.843821 1.00485 0.32975
0.835754 1.01013 0.32975
0.834279 1.03315 0.32975
0.830379 1.05058 0.32975
0.819527 1.04916 0.32975
0.810032 1.05142 0.32975
0.80592 1.06971 0.32975
0.799661 1.0823 0.32975
0.787798 1.0777 0.32975
0.779842 1.08541 0.32975
0.773482 1.09881 0.32975
0.769944 1.12275 0.32975
0.760134 1.12552 0.32975
0.753665 1.14076 0.32975
0.741946 1.13661 0.32975
0.735161 1.15174 0.32975
0.728134 1.16684 0.32975
0.723565 1.1936 0.32975
0.713139 1.19596 0.32975
0.704563 1.20703 0.32975
0.696413 1.22099 0.32975
0.684603 1.21722 0.32975
0.679257 1.24775 0.32975
0.666623 1.23987 0.32975
0.660416 1.26935 0.32975
0.648862 1.26819 0.32975
0.639857 1.28374 0.32975
0.629482 1.29131 0.32975
0.621991 1.3216 0.32975
0.610818 1.32604 0.32975
0.600938 1.34232 0.32975
0.590577 1.35653 0.32975
0.579021 1.36071 0.32975
0.568624 1.37873 0.32975
0.557294 1.38871 0.32975
0.546356 1.40657 0.32975
0.535971 1.43831 0.32975
0.523259 1.43603 0.32975
0.511684 1.45861 0.32975
0.50014 1.49309 0.32975
0.487422 1.50548 0.32975
0.474597 1.52377 0.32975
0.461291 1.52294 0.32975
0.448 1.549 0.32975
0.434177 1.58394 0.32975
0.420163 1.59476 0.32975
0.406065 1.60145 0.32975
0.391358 1.62201 0.32975
0.376464 1.63844 0.32975
0.360233 1.6747 0.32975
0.345621 1.67387 0.32975
0.328856 1.70384 0.32975
0.311559 1.73364 0.32975
0.294431 1.75529 0.32975
0.276532 1.78076 0.32975
0.257026 1.81699 0.32975
0.23948 1.83016 0.32975
0.218642 1.86797 0.32975
0.201306 1.87383 0.32975
0.178144 1.92013 0.32975
0.157851 1.94144 0.32975
0.133567 1.98525 0.32975
0.110642 2.01597 0.32975
0.0864642 2.05037 0.32975
0.0636651 2.07368 0.32975
0.0335628 2.13209 0.32975
0.0113843 2.14604 0.32975
-0.0193853 2.19888 0.32975
-0.0480794 2.23767 0.32975
-0.0770354 2.27418 0.32975
-0.108533 2.31813 0.32975
-0.146885 2.38596 0.32975
-0.175947 2.41262 0.32975
-0.214318 2.4718 0.32975
-0.254837 2.53435 0.32975
-0.291811 2.58003 0.32975
-0.331054 2.63004 0.32975
-0.374441 2.69009 0.32975
-0.419837 2.75243 0.32975
-0.470707 2.82749 0.32975
-0.52073 2.89523 0.32975
-0.575587 2.97271 0.32975
-0.626525 3.03436 0.32975
-0.688875 3.12354 0.32975
-0.756013 3.22028 0.32975
-0.819189 3.30114 0.32975
-0.892295 3.40254 0.32975
-0.975879 3.52423 0.32975
-1.05365 3.6253 0.32975
-1.14032 3.74185 0.32975
-1.23153 3.86266 0.32975
-1.32822 3.98945 0.32975
-1.42476 4.10938 0.32975
-1.64438 4.48713 0.32975
-1.81993 4.75482 0.32975
-1.93148 4.87865 0.32975
-2.03464 4.97942 0.32975
-2.18832 5.17408 0.32975
-2.37698 5.42673 0.32975
-2.77821 6.06762 0.32975
-2.95605 6.26948 0.32975
-3.16626 6.52029 0.32975
-3.46677 6.91933 0.32975
-3.884 7.50324 0.32975
-4.33098 8.1131 0.32975
-4.84196 8.80397 0.32975
-5.51684 9.73374 0.32975
-6.41074 10.9763 0.32975
-7.37078 12.273 0.32975
0.448 0 0.32975
0.448 0 0.32975
0.448 0 0.32975
0.448 0 0.32975
-19.8417 28.9767 0.32975
0.448 0 0.32975
0.448 0 0.32975
0.448 0 0.32975
0.448 0 0.32975
0.448 0 0.32975
-21.3649 27.9192 0.32975
-21.5542 27.6605 0.32975
0.448 0 0.32975
0.448 0 0.32975
0.448 0 0.32975
0.448 0 0.32975
-11.1708 13.3659 0.32975
0.448 0 0.32975
0.448 0 0.32975
-8.76705 10.0565 0.32975
0.448 0 0.32975
0.448 0 0.32975
0.448 0 0.32975
0.448 0 0.32975
0.445879 0.00212132 0.32975
