-9.31149 -9.75949 0.32975
-9.76145 -10.3892 0.32975
-10.3505 -11.1821 0.32975
-10.9305 -11.9904 0.32975
0.448 0 0.32975
0.448 0 0.32975
0.448 0 0.32975
0.448 0 0.32975
0.448 0 0.32975
0.448 0 0.32975
0.448 0 0.32975
0.448 0 0.32975
0.448 0 0.32975
0.448 0 0.32975
0.448 0 0.32975
0.448 0 0.32975
0.448 0 0.32975
-24.4917 -33.7041 0.32975
0.448 0 0.32975
0.448 0 0.32975
0.448 0 0.32975
0.446301 -0.00247238 0.32975
-1.60927 -3.05003 0.32975
-1.38609 -2.771 0.32975
-1.35748 -2.78019 0.32975
-1.34336 -2.81187 0.32975
-1.69923 -3.43629 0.32975
-1.75485 -3.59473 0.32975
-1.7337 -3.63096 0.32975
-1.69939 -3.64555 0.32975
-1.6755 -3.67801 0.32975
-1.64185 -3.69379 0.32975
-1.60662 -3.70664 0.32975
-1.52553 -3.63479 0.32975
-1.38294 -3.4435 0.32975
-1.25031 -3.26243 0.32975
-1.14233 -3.1212 0.32975
-1.04007 -2.98461 0.32975
-0.947774 -2.86176 0.32975
-0.868503 -2.76011 0.32975
-0.786468 -2.64733 0.32975
-0.716459 -2.55517 0.32975
-0.650595 -2.46749 0.32975
-0.591539 -2.39078 0.32975
-0.531954 -2.30863 0.32975
-0.481155 -2.24318 0.32975
-0.428579 -2.16961 0.32975
-0.388722 -2.12414 0.32975
-0.342201 -2.05854 0.32975
-0.308798 -2.02415 0.32975
-0.262034 -1.9508 0.32975
-0.237973 -1.93713 0.32975
-0.193695 -1.86362 0.32975
-0.159321 -1.81509 0.32975
-0.128008 -1.77277 0.32975
-0.0974803 -1.73004 0.32975
-0.0735912 -1.70605 0.32975
-0.0476067 -1.67314 0.32975
-0.0205835 -1.63414 0.32975
0.00866 -1.58421 0.32975
0.027419 -1.56963 0.32975
0.0506471 -1.53645 0.32975
0.0735049 -1.50202 0.32975
0.0917623 -1.48384 0.32975
0.115747 -1.43914 0.32975
0.129401 -1.43711 0.32975
0.149855 -1.40266 0.32975
0.168686 -1.37287 0.32975
0.181249 -1.37231 0.32975
0.196333 -1.35788 0.32975
0.216353 -1.31373 0.32975
0.231788 -1.29203 0.32975
0.246825 -1.27017 0.32975
0.258952 -1.26495 0.32975
0.273894 -1.23883 0.32975
0.286017 -1.23038 0.32975
0.30066 -1.19999 0.32975
0.312269 -1.19129 0.32975
0.323611 -1.18348 0.32975
0.337394 -1.14869 0.32975
0.348207 -1.14064 0.32975
0.35942 -1.12552 0.32975
0.370012 -1.11528 0.32975
0.380969 -1.09595 0.32975
0.391059 -1.08651 0.32975
0.40076 -1.08197 0.32975
0.410518 -1.07335 0.32975
0.420724 -1.04164 0.32975
0.429605 -1.05384 0.32975
0.439143 -1.01496 0.32975
0.448 -1.009 0.32975
0.456692 -0.995962 0.32975
0.465138 -0.98185 0.32975
0.473365 -0.968668 0.32975
0.481399 -0.956417 0.32975
0.489613 -0.953092 0.32975
0.496986 -0.934717 0.32975
0.504775 -0.928265 0.32975
0.511757 -0.911774 0.32975
0.519241 -0.905201 0.32975
0.526004 -0.891594 0.32975
0.532632 -0.878935 0.32975
0.54009 -0.876174 0.32975
0.546034 -0.860433 0.32975
0.552686 -0.852597 0.32975
0.559861 -0.849668 0.32975
0.565184 -0.833806 0.32975
0.569943 -0.815938 0.32975
0.575963 -0.807929 0.32975
0.583174 -0.807768 0.32975
0.588829 -0.798679 0.32975
0.595611 -0.796436 0.32975
0.60122 -0.788247 0.32975
0.605501 -0.774141 0.32975
0.611003 -0.766868 0.32975
0.615524 -0.755653 0.32975
0.619188 -0.741496 0.32975
0.623317 -0.73025 0.32975
0.631135 -0.734514 0.32975
0.636035 -0.727079 0.32975
0.639267 -0.713819 0.32975
0.644687 -0.709232 0.32975
0.652247 -0.712295 0.32975
0.651639 -0.687474 0.32975
0.662601 -0.701928 0.32975
0.6612 -0.676185 0.32975
0.66802 -0.677152 0.32975
0.670113 -0.663827 0.32975
0.676874 -0.6647 0.32975
0.68033 -0.656078 0.32975
0.686046 -0.654026 0.32975
0.693846 -0.657544 0.32975
0.697783 -0.650706 0.32975
0.69832 -0.635475 0.32975
0.698612 -0.620286 0.32975
0.706694 -0.624543 0.32975
0.710962 -0.6195 0.32975
0.717953 -0.62085 0.32975
0.71848 -0.607508 0.32975
0.720039 -0.596935 0.32975
0.726083 -0.596351 0.32975
0.732568 -0.596609 0.32975
0.739517 -0.597698 0.32975
0.744722 -0.595131 0.32975
0.74718 -0.587173 0.32975
0.742134 -0.565026 0.32975
0.747523 -0.563321 0.32975
0.756722 -0.568595 0.32975
0.763611 -0.569377 0.32975
0.761674 -0.554417 0.32975
0.7585 -0.537802 0.32975
0.768257 -0.543688 0.32975
0.775564 -0.545158 0.32975
0.770382 -0.526079 0.32975
0.77443 -0.522398 0.32975
0.789185 -0.535554 0.32975
0.787855 -0.52333 0.32975
0.780818 -0.502833 0.32975
0.78743 -0.503226 0.32975
0.798039 -0.50931 0.32975
0.795587 -0.496406 0.32975
0.806294 -0.502309 0.32975
0.81948 -0.511299 0.32975
0.836419 -0.524919 0.32975
0.857836 -0.543871 0.32975
0.883264 -0.567248 0.32975
0.900511 -0.579188 0.32975
0.921734 -0.595565 0.32975
0.952715 -0.623271 0.32975
0.967676 -0.630417 0.32975
0.996941 -0.654202 0.32975
1.02471 -0.675241 0.32975
1.06666 -0.711691 0.32975
1.09405 -0.730232 0.32975
1.12917 -0.756521 0.32975
1.17899 -0.797734 0.32975
1.20502 -0.811803 0.32975
1.20381 -0.796461 0.32975
1.21699 -0.796309 0.32975
1.2204 -0.786002 0.32975
1.22582 -0.777817 0.32975
1.23971 -0.778009 0.32975
1.25726 -0.781491 0.32975
1.3257 -0.832909 0.32975
1.45946 -0.943204 0.32975
1.50378 -0.967445 0.32975
1.3799 -0.83909 0.32975
1.21418 -0.67786 0.32975
1.2178 -0.66918 0.32975
1.21981 -0.65919 0.32975
0.450298 -0.00192836 0.32975
0.450315 -0.00190823 0.32975
0.450331 -0.00188796 0.32975
0.450348 -0.00186754 0.32975
0.450364 -0.00184698 0.32975
0.45038 -0.00182628 0.32975
0.450396 -0.00180545 0.32975
0.450412 -0.00178447 0.32975
0.450427 -0.00176336 0.32975
0.450442 -0.00174211 0.32975
0.450457 -0.00172073 0.32975
0.450472 -0.00169922 0.32975
1.28699 -0.565903 0.32975
1.30107 -0.564632 0.32975
0.450516 -0.00163392 0.32975
0.45053 -0.0016119 0.32975
0.450544 -0.00158976 0.32975
0.450558 -0.0015675 0.32975
0.450572 -0.00154511 0.32975
0.449723 -0.00101508 0.32975
0.448 0 0.32975
0.448 0 0.32975
0.448 0 0.32975
0.448 0 0.32975
0.450649 -0.00140841 0.32975
1.35719 -0.473292 0.32975
1.36485 -0.467156 0.32975
1.38947 -0.4694 0.32975
0.448 0 0.32975
0.448 0 0.32975
0.448 0 0.32975
0.448 0 0.32975
0.448 0 0.32975
0.448 0 0.32975
0.448 0 0.32975
0.448 0 0.32975
0.448 0 0.32975
0.448 0 0.32975
1.45253 -0.385604 0.32975
1.43619 -0.369469 0.32975
1.44126 -0.361515 0.32975
0.448 0 0.32975
0.448 0 0.32975
0.448 0 0.32975
21.7707 -6.92816 0.32975
21.857 -6.75024 0.32975
0.448 0 0.32975
20.7769 -6.02169 0.32975
0.448 0 0.32975
19.6695 -5.33061 0.32975
1.54336 -0.293501 0.32975
1.52071 -0.277421 0.32975
1.52212 -0.267808 0.32975
18.7305 -4.38924 0.32975
18.771 -4.2302 0.32975
17.5322 -3.78748 0.32975
17.5793 -3.64137 0.32975
17.632 -3.49612 0.32975
1.71234 -0.245762 0.32975
1.67117 -0.226701 0.32975
1.6731 -0.216018 0.32975
1.66804 -0.204164 0.32975
1.59569 -0.181777 0.32975
1.60317 -0.172642 0.32975
1.66108 -0.170487 0.32975
1.70119 -0.164985 0.32975
15.5139 -1.84986 0.32975
15.595 -1.72578 0.32975
14.432 -1.46978 0.32975
14.3208 -1.3358 0.32975
14.3609 -1.21722 0.32975
14.4308 -1.10047 0.32975
1.69296 -0.0870562 0.32975
1.6787 -0.075273 0.32975
1.69729 -0.0654722 0.32975
13.1779 -0.555798 0.32975
13.2482 -0.446993 0.32975
13.3176 -0.337003 0.32975
13.427 -0.226551 0.32975
13.4455 -0.113427 0.32975
0.448 0 0.32975
1.72695 0.0111612 0.32975
1.7448 0.0226356 0.32975
1.75055 0.0341087 0.32975
12.1878 0.409965 0.32975
12.2458 0.515101 0.32975
12.3187 0.622117 0.32975
12.2899 0.724279 0.32975
12.1644 0.819291 0.32975
12.0531 0.913343 0.32975
1.82374 0.120362 0.32975
1.80672 0.130829 0.32975
11.6453 1.17688 0.32975
11.5412 1.26391 0.32975
11.4266 1.348 0.32975
11.3073 1.42965 0.32975
11.2033 1.51156 0.32975
0.448 0 0.32975
1.87027 0.225266 0.32975
1.87516 0.238824 0.32975
10.7343 1.81375 0.32975
10.6729 1.89507 0.32975
10.5617 1.9659 0.32975
10.4511 2.03515 0.32975
10.3694 2.10885 0.32975
1.97688 0.338944 0.32975
2.06643 0.373644 0.32975
2.11561 0.400359 0.32975
2.12176 0.417315 0.32975
2.14032 0.437664 0.32975
2.06013 0.431969 0.32975
2.05341 0.445219 0.32975
9.67034 2.64447 0.32975
9.60952 2.71377 0.32975
9.52046 2.77373 0.32975
2.1294 0.530144 0.32975
2.13137 0.54696 0.32975
9.25413 2.94649 0.32975
9.17892 3.0063 0.32975
9.10616 3.06602 0.32975
2.18643 0.632737 0.32975
2.22768 0.665394 0.32975
8.87916 3.23642 0.32975
8.79571 3.28825 0.32975
2.28568 0.74247 0.32975
2.28282 0.760009 0.32975
8.54844 3.43843 0.32975
2.36832 0.834981 0.32975
2.35548 0.849266 0.32975
2.46356 0.918545 0.32975
2.59232 0.999915 0.32975
2.4364 0.948416 0.32975
2.50534 1.00343 0.32975
2.58689 1.06641 0.32975
2.51068 1.05099 0.32975
7.93082 3.89531 0.32975
2.628 1.15912 0.32975
2.59056 1.16331 0.32975
7.73271 4.03798 0.32975
2.67785 1.26159 0.32975
2.66243 1.2785 0.32975
2.74338 1.35208 0.32975
2.73149 1.37206 0.32975
2.81919 1.45307 0.32975
2.81829 1.48112 0.32975
2.89131 1.55656 0.32975
2.88266 1.58109 0.32975
2.95966 1.66243 0.32975
3.02797 1.74021 0.32975
3.01598 1.76492 0.32975
3.11106 1.8647 0.32975
3.14924 1.92677 0.32975
3.1841 1.98789 0.32975
3.25668 2.07831 0.32975
3.34625 2.18399 0.32975
3.37944 2.24937 0.32975
3.42747 2.32782 0.32975
3.51191 2.43714 0.32975
3.58767 2.54245 0.32975
3.68111 2.66517 0.32975
3.77493 2.79163 0.32975
3.87135 2.92382 0.32975
3.9491 3.04346 0.32975
4.08792 3.22033 0.32975
4.18676 3.3664 0.32975
4.32682 3.55428 0.32975
4.45655 3.73803 0.32975
4.63776 3.97594 0.32975
4.80288 4.20546 0.32975
4.97928 4.45288 0.32975
5.18986 4.74186 0.32975
5.32843 4.96636 0.32975
5.28213 5.00589 0.32975
5.23482 5.04425 0.32975
5.18312 5.07779 0.32975
5.13457 5.11449 0.32975
5.07972 5.14405 0.32975
5.02803 5.17678 0.32975
5.01417 5.25278 0.32975
5.38056 5.77528 0.32975
6.06661 6.69599 0.32975
6.82914 7.74094 0.32975
7.32333 8.49032 0.32975
7.23839 8.53669 0.32975
6.7573 8.07553 0.32975
6.58431 7.997 0.32975
9.86159 12.4923 0.32975
9.73199 12.5466 0.32975
9.6198 12.6239 0.32975
9.50987 12.7043 0.32975
9.4021 12.7878 0.32975
4.39415 5.74169 0.32975
4.30475 5.71787 0.32975
4.23318 5.71879 0.32975
4.1766 5.74154 0.32975
4.12259 5.76795 0.32975
4.08537 5.821 0.32975
4.06003 5.8943 0.32975
4.03782 5.97446 0.32975
8.40316 13.5052 0.32975
8.287 13.5775 0.32975
8.18299 13.6715 0.32975
8.06533 13.742 0.32975
5.62231 9.52989 0.32975
5.33848 9.19767 0.32975
5.19939 9.12734 0.32975
5.27982 9.48298 0.32975
5.38786 9.90782 0.32975
5.09561 9.52901 0.32975
4.78411 9.09084 0.32975
4.5157 8.72321 0.32975
4.27769 8.40349 0.32975
4.04599 8.08122 0.32975
3.84255 7.80693 0.32975
3.65082 7.54538 0.32975
3.50526 7.38087 0.32975
3.29051 7.03547 0.32975
3.14911 6.85718 0.32975
3.00209 6.65363 0.32975
2.94778 6.68597 0.32975
2.89276 6.71692 0.32975
2.83873 6.7512 0.32975
2.78753 6.7945 0.32975
2.73513 6.83552 0.32975
2.68312 6.87899 0.32975
2.58812 6.7876 0.32975
2.47735 6.63771 0.32975
2.37732 6.51326 0.32975
2.27244 6.36259 0.32975
2.18879 6.27709 0.32975
2.08917 6.12494 0.32975
1.9951 5.98218 0.32975
1.90558 5.84603 0.32975
1.82323 5.72823 0.32975
1.74687 5.62601 0.32975
1.67413 5.53072 0.32975
1.60129 5.42578 0.32975
1.53695 5.35235 0.32975
1.47226 5.26937 0.32975
1.40383 5.15717 0.32975
1.33951 5.056 0.32975
1.27637 4.95017 0.32975
1.22611 4.91276 0.32975
1.17419 4.85904 0.32975
1.11561 4.75032 0.32975
1.06617 4.69548 0.32975
1.01993 4.65802 0.32975
0.964887 4.53665 0.32975
0.920364 4.49424 0.32975
0.876143 4.44643 0.32975
0.827912 4.34241 0.32975
0.789141 4.3346 0.32975
0.744953 4.24663 0.32975
0.706846 4.23209 0.32975
0.664671 4.13433 0.32975
0.627843 4.11908 0.32975
0.58882 4.03254 0.32975
0.553048 4.01162 0.32975
0.516588 3.9294 0.32975
0.482234 3.92285 0.32975
0.448 3.828 0.32975
0.414752 3.80985 0.32975
0.383304 3.70644 0.32975
0.350334 3.72972 0.32975
0.317581 3.73472 0.32975
0.289618 3.62754 0.32975
0.257864 3.62802 0.32975
0.227615 3.60327 0.32975
0.202387 3.51242 0.32975
0.168606 3.55002 0.32975
0.148532 3.42292 0.32975
0.119057 3.4162 0.32975
-0.547948 9.4758 0.32975
0.0708069 3.31058 0.32975
0.0413222 3.31213 0.32975
-0.80492 9.51688 0.32975
-0.00347705 3.21243 0.32975
-0.0320843 3.21232 0.32975
-1.12244 9.9154 0.32975
-0.0728908 3.11272 0.32975
-0.100555 3.11101 0.32975
-0.127318 3.10414 0.32975
-0.159918 3.12746 0.32975
-0.166452 3.02013 0.32975
-0.205258 3.07334 0.32975
-0.242875 3.11634 0.32975
-0.224603 2.91337 0.32975
-0.248834 2.90252 0.32975
-2.21652 10.6868 0.32975
-2.34674 10.8065 0.32975
-0.302058 2.79925 0.32975
-0.325388 2.78875 0.32975
-2.72155 11.0535 0.32975
-2.82329 11.0437 0.32975
-0.377365 2.69965 0.32975
-0.398486 2.68471 0.32975
-3.28523 11.4897 0.32975
-3.42629 11.579 0.32975
-0.446011 2.59639 0.32975
-0.465963 2.58095 0.32975
-3.88813 11.9134 0.32975
-3.99543 11.8845 0.32975
-0.572274 2.6579 0.32975
-0.537888 2.50282 0.32975
-4.57997 12.4447 0.32975
-4.69526 12.4169 0.32975
-0.621431 2.51942 0.32975
-0.601507 2.4137 0.32975
-0.619684 2.39806 0.32975
-0.680381 2.476 0.32975
0.446732 0.00271892 0.32975
-0.752265 2.51641 0.32975
-0.67686 2.30631 0.32975
-0.694266 2.29103 0.32975
-6.64469 13.9202 0.32975
-6.88457 14.0857 0.32975
-7.14007 14.2711 0.32975
-0.746328 2.19968 0.32975
-0.759176 2.1778 0.32975
0.448 0 0.32975
0.448 0 0.32975
0.448 0 0.32975
0.448 0 0.32975
-0.829509 2.08471 0.32975
-0.858251 2.09044 0.32975
0.448 0 0.32975
0.448 0 0.32975
0.448 0 0.32975
-0.90357 2.00378 0.32975
-0.914207 1.98202 0.32975
0.448 0 0.32975
0.448 0 0.32975
0.448 0 0.32975
0.446216 0.00241157 0.32975
-0.97108 1.88318 0.32975
-1.00146 1.88897 0.32975
0.446153 0.00236403 0.32975
-1.07467 1.91426 0.32975
-1.07055 1.87525 0.32975
-1.08495 1.85962 0.32975
-1.03748 1.77033 0.32975
-1.08989 1.80064 0.32975
0.448 0 0.32975
0.448 0 0.32975
0.448 0 0.32975
0.448 0 0.32975
-1.13151 1.69382 0.32975
-1.14072 1.67416 0.32975
0.448 0 0.32975
0.448 0 0.32975
0.448 0 0.32975
