-6.26103 -6.70903 0.32975
0.445897 -0.00213975 0.32975
-6.19502 -6.87905 0.32975
-6.13955 -6.94183 0.32975
-6.09373 -7.01514 0.32975
-3.08669 -3.85743 0.32975
-2.99602 -3.82497 0.32975
-2.88697 -3.76949 0.32975
-2.78309 -3.71694 0.32975
-2.67779 -3.65983 0.32975
-2.59624 -3.62799 0.32975
-2.58291 -3.67679 0.32975
-2.54442 -3.69533 0.32975
-2.28857 -3.44035 0.32975
-2.24121 -3.44203 0.32975
-2.32308 -3.61134 0.32975
-2.42085 -3.8071 0.32975
-2.34469 -3.77411 0.32975
-2.2082 -3.65595 0.32975
-2.2755 -3.8182 0.32975
-2.29943 -3.92374 0.32975
-2.18466 -3.83054 0.32975
-2.06669 -3.72818 0.32975
-2.11133 -3.86673 0.32975
-2.13413 -3.97614 0.32975
-2.1219 -4.03394 0.32975
-2.09773 -4.07402 0.32975
-2.07097 -4.11058 0.32975
-2.05251 -4.16155 0.32975
-2.03234 -4.21078 0.32975
-2.0095 -4.25651 0.32975
-1.99344 -4.31522 0.32975
-1.96926 -4.36085 0.32975
-1.95306 -4.42221 0.32975
-1.928 -4.4686 0.32975
-1.90138 -4.51311 0.32975
-1.87825 -4.56552 0.32975
-1.85973 -4.6286 0.32975
-1.83328 -4.67732 0.32975
-1.81218 -4.73857 0.32975
-1.78342 -4.78531 0.32975
-1.75858 -4.8419 0.32975
-1.73618 -4.90574 0.32975
-1.71242 -4.96863 0.32975
-1.69125 -5.03976 0.32975
-1.65599 -5.07949 0.32975
-1.60372 -5.07819 0.32975
-1.59891 -5.19638 0.32975
-1.58538 -5.29714 0.32975
-1.4939 -5.19385 0.32975
-1.46526 -5.25664 0.32975
-1.42833 -5.29859 0.32975
-1.37355 -5.29018 0.32975
0.447048 -0.00284497 0.32975
-1.25221 -5.23271 0.32975
-1.19626 -5.21492 0.32975
-1.13402 -5.17456 0.32975
-1.07887 -5.15461 0.32975
-1.02225 -5.12737 0.32975
-0.960079 -5.07737 0.32975
-0.911318 -5.07304 0.32975
-0.852223 -5.02759 0.32975
-0.804188 -5.02225 0.32975
-0.751209 -4.99506 0.32975
-0.696101 -4.95565 0.32975
-0.645237 -4.93127 0.32975
-0.593221 -4.89856 0.32975
-0.545849 -4.88492 0.32975
-0.498794 -4.87083 0.32975
-0.446048 -4.82385 0.32975
-0.402182 -4.82162 0.32975
-0.353801 -4.79138 0.32975
-0.306796 -4.7656 0.32975
-0.260155 -4.73838 0.32975
-0.215439 -4.72061 0.32975
-0.168997 -4.68656 0.32975
-0.125151 -4.66794 0.32975
-0.0834891 -4.66482 0.32975
-0.0383711 -4.62751 0.32975
0.0248406 -4.39467 0.32975
0.0735788 -4.27965 0.32975
0.113686 -4.24786 0.32975
0.160115 -4.11695 0.32975
0.227492 -3.60526 0.32975
0.262835 -3.53315 0.32975
0.293849 -3.53064 0.32975
0.324107 -3.54784 0.32975
0.354653 -3.56478 0.32975
0.38559 -3.57546 0.32975
0.416567 -3.60186 0.32975
0.448 -3.629 0.32975
0.479913 -3.65686 0.32975
0.51233 -3.68544 0.32975
0.544985 -3.70373 0.32975
0.578454 -3.73572 0.32975
0.612096 -3.75842 0.32975
0.64672 -3.7918 0.32975
0.681327 -3.81487 0.32975
0.717818 -3.85858 0.32975
0.752343 -3.86704 0.32975
0.788343 -3.89014 0.32975
0.825536 -3.92087 0.32975
0.864128 -3.95919 0.32975
0.902963 -3.99317 0.32975
0.942668 -4.02874 0.32975
1.00287 -4.21463 0.32975
1.21109 -5.42964 0.32975
1.28105 -5.57409 0.32975
1.34969 -5.69304 0.32975
1.42475 -5.83684 0.32975
1.50482 -5.99354 0.32975
1.58825 -6.15223 0.32975
1.68024 -6.33935 0.32975
1.7712 -6.50376 0.32975
1.87448 -6.71107 0.32975
1.98169 -6.91803 0.32975
2.09824 -7.14798 0.32975
2.22055 -7.3832 0.32975
2.3558 -7.65175 0.32975
2.50011 -7.93494 0.32975
2.65391 -8.23259 0.32975
2.82535 -8.57246 0.32975
3.00481 -8.91666 0.32975
3.21488 -9.34082 0.32975
3.42873 -9.74953 0.32975
3.65413 -10.1685 0.32975
4.06164 -11.1217 0.32975
4.26359 -11.4036 0.32975
4.57979 -11.9996 0.32975
4.97876 -12.7945 0.32975
5.42337 -13.6697 0.32975
5.91894 -14.6327 0.32975
6.47503 -15.701 0.32975
7.21948 -17.1904 0.32975
8.08136 -18.8932 0.32975
0.448 0 0.32975
0.448 0 0.32975
0.448 0 0.32975
0.448 0 0.32975
17.6938 -37.8426 0.32975
18.0319 -37.7087 0.32975
0.448 0 0.32975
0.448 0 0.32975
0.448 0 0.32975
0.448 0 0.32975
19.6544 -36.8952 0.32975
19.9541 -36.6856 0.32975
0.448 0 0.32975
9.59296 -16.498 0.32975
7.95697 -13.2721 0.32975
7.155 -11.6169 0.32975
6.11264 -9.61664 0.32975
5.70602 -8.75082 0.32975
2.35669 -3.11469 0.32975
2.17342 -2.76124 0.32975
2.08085 -2.56307 0.32975
2.09335 -2.53362 0.32975
2.11595 -2.52 0.32975
2.24245 -2.66038 0.32975
2.67681 -3.24294 0.32975
2.70617 -3.225 0.32975
2.73597 -3.20762 0.32975
2.7821 -3.21261 0.32975
2.80112 -3.18006 0.32975
2.82397 -3.15301 0.32975
2.79356 -3.05679 0.32975
2.70625 -2.89042 0.32975
2.64236 -2.75869 0.32975
2.57322 -2.62442 0.32975
2.50953 -2.50084 0.32975
2.44771 -2.38316 0.32975
2.3944 -2.27894 0.32975
2.34401 -2.18111 0.32975
2.2987 -2.09183 0.32975
2.25064 -2.00203 0.32975
2.21534 -1.92872 0.32975
2.17482 -1.85179 0.32975
2.13653 -1.77934 0.32975
2.10129 -1.71203 0.32975
2.07341 -1.65403 0.32975
2.04253 -1.59453 0.32975
2.02428 -1.54901 0.32975
2.00105 -1.49977 0.32975
1.96838 -1.44279 0.32975
1.94216 -1.39332 0.32975
1.91002 -1.3397 0.32975
1.90828 -1.31484 0.32975
1.86502 -1.25368 0.32975
1.84723 -1.21633 0.32975
1.8327 -1.18264 0.32975
1.81616 -1.14802 0.32975
1.79834 -1.11314 0.32975
1.76682 -1.06796 0.32975
1.74322 -1.03026 0.32975
1.73167 -1.00291 0.32975
1.72927 -0.98315 0.32975
1.69946 -0.943044 0.32975
1.69478 -0.92257 0.32975
1.69065 -0.902838 0.32975
1.67162 -0.872797 0.32975
1.65953 -0.84832 0.32975
1.63886 -0.818457 0.32975
1.63518 -0.800764 0.32975
1.62295 -0.777679 0.32975
1.60117 -0.748879 0.32975
1.58995 -0.727504 0.32975
1.58269 -0.709032 0.32975
1.58372 -0.695968 0.32975
1.58289 -0.681911 0.32975
1.55606 -0.652694 0.32975
1.54439 -0.633 0.32975
1.53072 -0.612575 0.32975
1.51853 -0.593407 0.32975
1.52104 -0.582611 0.32975
1.51725 -0.56853 0.32975
1.50798 -0.55179 0.32975
1.49048 -0.531169 0.32975
1.48612 -0.517589 0.32975
1.46993 -0.498428 0.32975
1.47063 -0.487769 0.32975
1.47032 -0.476713 0.32975
1.45533 -0.459065 0.32975
1.44376 -0.443343 0.32975
1.44668 -0.434238 0.32975
1.44122 -0.421599 0.32975
1.42269 -0.403731 0.32975
1.41505 -0.390715 0.32975
1.40819 -0.378229 0.32975
1.41332 -0.370553 0.32975
1.41184 -0.360363 0.32975
1.39239 -0.34373 0.32975
1.38687 -0.332472 0.32975
1.38217 -0.321661 0.32975
1.36313 -0.306199 0.32975
1.37908 -0.302528 0.32975
1.36643 -0.28958 0.32975
1.36223 -0.279507 0.32975
1.36751 -0.272371 0.32975
1.34197 -0.256343 0.32975
1.33165 -0.245058 0.32975
1.33375 -0.237337 0.32975
1.32708 -0.227345 0.32975
1.31933 -0.217246 0.32975
1.31244 -0.207533 0.32975
1.32104 -0.201556 0.32975
1.30421 -0.189818 0.32975
1.2941 -0.179844 0.32975
1.28976 -0.171257 0.32975
1.2922 -0.164096 0.32975
1.29655 -0.157269 0.32975
1.2841 -0.147427 0.32975
1.27648 -0.13864 0.32975
1.28062 -0.131874 0.32975
1.26394 -0.121943 0.32975
1.27091 -0.115653 0.32975
1.26991 -0.108206 0.32975
1.25792 -0.0994454 0.32975
1.25279 -0.0916947 0.32975
1.24859 -0.0841455 0.32975
1.24133 -0.076389 0.32975
1.24296 -0.0695503 0.32975
1.23058 -0.0615904 0.32975
1.24007 -0.0553867 0.32975
1.23653 -0.0482285 0.32975
1.21894 -0.0404033 0.32975
1.21427 -0.0334561 0.32975
1.21853 -0.0269075 0.32975
1.21474 -0.0200778 0.32975
1.21588 -0.0134036 0.32975
1.20297 -0.0065885 0.32975
1.201 0 0.32975
1.18997 0.00647505 0.32975
1.20289 0.0131765 0.32975
1.19874 0.019659 0.32975
1.18755 0.0258257 0.32975
1.17631 0.0317985 0.32975
1.18 0.0383622 0.32975
1.18263 0.0449316 0.32975
1.16924 0.050434 0.32975
1.16379 0.0563337 0.32975
1.16526 0.0627521 0.32975
1.14776 0.0673795 0.32975
1.15511 0.0743197 0.32975
1.15145 0.0801479 0.32975
1.14675 0.085796 0.32975
1.15986 0.0937178 0.32975
1.14911 0.0985345 0.32975
1.14427 0.104058 0.32975
1.13346 0.108566 0.32975
1.14136 0.116028 0.32975
1.13244 0.120685 0.32975
1.11661 0.12392 0.32975
1.11747 0.130132 0.32975
1.12513 0.137763 0.32975
1.11705 0.142212 0.32975
1.11579 0.148045 0.32975
1.11155 0.153192 0.32975
1.11018 0.158976 0.32975
1.12041 0.167652 0.32975
1.09763 0.168005 0.32975
1.09903 0.174444 0.32975
1.09941 0.180653 0.32975
1.1007 0.187158 0.32975
1.08562 0.18887 0.32975
1.08872 0.195889 0.32975
1.08699 0.201473 0.32975
1.09472 0.210131 0.32975
1.07674 0.210373 0.32975
1.07961 0.21748 0.32975
1.06732 0.219311 0.32975
1.08323 0.231206 0.32975
1.05871 0.228335 0.32975
1.06603 0.23724 0.32975
1.06208 0.241891 0.32975
1.05716 0.246117 0.32975
1.06146 0.254102 0.32975
1.05829 0.259055 0.32975
1.04959 0.261579 0.32975
1.04272 0.264786 0.32975
1.04857 0.273698 0.32975
1.0516 0.281464 0.32975
1.03919 0.281985 0.32975
1.03491 0.286256 0.32975
1.03418 0.29226 0.32975
1.03161 0.297364 0.32975
1.02456 0.300137 0.32975
1.03251 0.31079 0.32975
1.01747 0.309199 0.32975
1.0305 0.322883 0.32975
1.01634 0.321553 0.32975
1.00745 0.323 0.32975
1.01409 0.333453 0.32975
1.00773 0.33632 0.32975
1.01671 0.348507 0.32975
1.00178 0.346037 0.32975
1.00042 0.351931 0.32975
0.993136 0.354015 0.32975
1.00087 0.365934 0.32975
1.00014 0.372422 0.32975
0.990275 0.372695 0.32975
0.980449 0.372825 0.32975
0.986944 0.384425 0.32975
0.450427 0.00176336 0.32975
0.448 0 0.32975
0.448 0 0.32975
0.45038 0.00182628 0.32975
1.3219 0.682769 0.32975
1.30965 0.685389 0.32975
0.450331 0.00188796 0.32975
0.448 0 0.32975
0.448 0 0.32975
0.448 0 0.32975
0.448 0 0.32975
0.448 0 0.32975
22.9757 20.284 0.32975
0.448 0 0.32975
0.448 0 0.32975
0.448 0 0.32975
0.448 0 0.32975
1.2768 0.814456 0.32975
1.2541 0.806102 0.32975
0.448 0 0.32975
0.448 0 0.32975
15.9842 16.3717 0.32975
15.8584 16.5257 0.32975
15.7731 16.7244 0.32975
14.7607 15.8959 0.32975
14.634 16.0344 0.32975
13.6315 15.1659 0.32975
0.449948 0.00228122 0.32975
1.2142 0.913125 0.32975
1.21002 0.924406 0.32975
12.3327 14.6764 0.32975
12.2478 14.8343 0.32975
12.1443 14.9706 0.32975
11.2249 14.0447 0.32975
11.1248 14.1686 0.32975
11.0121 14.2765 0.32975
10.13 13.3261 0.32975
0.448 0 0.32975
1.15866 1.01493 0.32975
1.15771 1.03263 0.32975
0.449678 0.00248711 0.32975
8.83579 12.6726 0.32975
8.76899 12.8132 0.32975
8.69985 12.9528 0.32975
8.63366 13.0998 0.32975
8.54359 13.2108 0.32975
7.74918 12.1512 0.32975
1.12404 1.14769 0.32975
1.1035 1.13536 0.32975
1.09111 1.13668 0.32975
0.449454 0.00262386 0.32975
0.449431 0.00263645 0.32975
1.15643 1.33237 0.32975
1.12492 1.30036 0.32975
1.10946 1.2982 0.32975
1.09409 1.29586 0.32975
1.05251 1.23944 0.32975
1.04813 1.2582 0.32975
1.03967 1.26883 0.32975
5.38244 10.8276 0.32975
5.24831 10.7817 0.32975
5.18474 10.8938 0.32975
5.12192 11.0111 0.32975
5.06087 11.1364 0.32975
0.994176 1.35183 0.32975
0.983092 1.35841 0.32975
4.71688 11.1208 0.32975
4.60076 11.1071 0.32975
4.45135 10.9991 0.32975
4.31949 10.9328 0.32975
4.18878 10.864 0.32975
0.949341 1.49835 0.32975
0.924195 1.46558 0.32975
3.79365 10.6111 0.32975
3.68514 10.5882 0.32975
3.5645 10.5211 0.32975
3.44528 10.4528 0.32975
0.884133 1.57264 0.32975
0.871687 1.58122 0.32975
0.866636 1.61874 0.32975
2.99012 10.1959 0.32975
2.88377 10.1457 0.32975
2.77849 10.0945 0.32975
0.822441 1.68899 0.32975
0.808311 1.69513 0.32975
2.44985 9.83942 0.32975
2.36735 9.87419 0.32975
2.27145 9.83845 0.32975
0.770986 1.83174 0.32975
0.749872 1.80392 0.32975
0.744444 1.87167 0.32975
0.747018 2.00078 0.32975
0.728295 1.9944 0.32975
0.702526 1.93332 0.32975
0.68528 1.93249 0.32975
1.52253 9.43098 0.32975
0.669391 2.1064 0.32975
0.6441 2.03658 0.32975
0.627802 2.05515 0.32975
1.17626 9.25339 0.32975
0.59972 2.1697 0.32975
0.579743 2.15397 0.32975
0.56382 2.20997 0.32975
0.54815 2.29381 0.32975
0.527746 2.28361 0.32975
0.507814 2.28422 0.32975
0.489624 2.38464 0.32975
0.468839 2.38791 0.32975
0.448 2.389 0.32975
0.426236 2.49391 0.32975
0.404631 2.48462 0.32975
0.381746 2.53013 0.32975
0.357226 2.59942 0.32975
0.333936 2.61251 0.32975
0.306641 2.6973 0.32975
0.28268 2.70295 0.32975
0.250798 2.82011 0.32975
0.225725 2.82427 0.32975
0.191587 2.9308 0.32975
0.164296 2.94637 0.32975
0.128038 3.04423 0.32975
0.100013 3.05424 0.32975
0.0599682 3.16027 0.32975
0.0190912 3.25789 0.32975
-0.01141 3.26888 0.32975
-0.0576553 3.38342 0.32975
-0.104995 3.49148 0.32975
-0.142706 3.52992 0.32975
-0.19172 3.62803 0.32975
-0.240668 3.71572 0.32975
-0.299017 3.84307 0.32975
-0.357048 3.95694 0.32975
-0.415873 4.0642 0.32975
-0.477495 4.17464 0.32975
-0.548532 4.31646 0.32975
-0.620012 4.44859 0.32975
-0.700886 4.60793 0.32975
-0.782869 4.75941 0.32975
-0.870684 4.92139 0.32975
-0.961683 5.08315 0.32975
-1.0669 5.28309 0.32975
-1.18679 5.51897 0.32975
-1.30798 5.74357 0.32975
-1.45607 6.03894 0.32975
-1.59337 6.28268 0.32975
-1.77567 6.64585 0.32975
-1.91009 6.84839 0.32975
-1.97477 6.84169 0.32975
-2.02823 6.80337 0.32975
-2.08575 6.77682 0.32975
-2.13297 6.72365 0.32975
-2.19741 6.71575 0.32975
-2.24917 6.67572 0.32975
-2.37085 6.8053 0.32975
-2.72786 7.48186 0.32975
-3.28828 8.59285 0.32975
-3.85446 9.66348 0.32975
-4.2003 10.1998 0.32975
-4.26884 10.1153 0.32975
-4.05084 9.43202 0.32975
-4.19654 9.52272 0.32975
-6.65368 14.2438 0.32975
-6.76636 14.159 0.32975
-6.89057 14.0973 0.32975
-7.00955 14.0256 0.32975
-7.13739 13.9706 0.32975
-7.25999 13.9056 0.32975
-7.37907 13.8343 0.32975
-7.5055 13.7759 0.32975
-7.62897 13.712 0.32975
-7.75295 13.6487 0.32975
-7.87592 13.5834 0.32975
-7.99361 13.5094 0.32975
-8.11602 13.4428 0.32975
-8.24498 13.386 0.32975
-8.37251 13.3263 0.32975
-8.4935 13.2563 0.32975
-8.61393 13.1852 0.32975
-5.76555 8.87387 0.32975
-5.6941 8.6109 0.32975
-5.97003 8.83366 0.32975
-6.29253 9.10931 0.32975
-6.08952 8.67558 0.32975
-5.81859 8.16678 0.32975
-5.59595 7.7359 0.32975
-5.38185 7.32912 0.32975
-5.19323 6.96634 0.32975
-5.02227 6.63597 0.32975
-4.89421 6.3666 0.32975
-4.68913 6.01481 0.32975
-4.59709 5.80372 0.32975
-4.4534 5.54003 0.32975
-4.48951 5.48367 0.32975
-4.56218 5.46765 0.32975
-4.62334 5.43835 0.32975
-4.68368 5.40767 0.32975
-4.74388 5.37635 0.32975
-4.80742 5.34795 0.32975
-4.79732 5.24532 0.32975
