-2.21143 -2.65943 0.32975
-2.1734 -2.66756 0.32975
-2.16322 -2.704 0.32975
-2.14365 -2.73103 0.32975
-2.132 -2.76671 0.32975
-2.11181 -2.79354 0.32975
-2.10273 -2.83287 0.32975
-2.07791 -2.85502 0.32975
-2.06339 -2.88903 0.32975
-2.04458 -2.91844 0.32975
-2.0383 -2.96306 0.32975
-2.01871 -2.99236 0.32975
-1.98873 -3.00911 0.32975
-1.97732 -3.04904 0.32975
-1.96047 -3.0827 0.32975
-1.94139 -3.11391 0.32975
-1.93699 -3.16499 0.32975
-2.13294 -3.48794 0.32975
-2.14942 -3.57505 0.32975
-2.14135 -3.63014 0.32975
-2.11359 -3.65833 0.32975
-2.09177 -3.69538 0.32975
-2.0734 -3.73813 0.32975
-2.05283 -3.77834 0.32975
-2.03283 -3.82014 0.32975
-2.01176 -3.86105 0.32975
-2.00076 -3.91883 0.32975
-1.9696 -3.94517 0.32975
-1.94796 -3.98754 0.32975
-1.92322 -4.02553 0.32975
-1.908 -4.08071 0.32975
-1.88806 -4.12897 0.32975
-1.85775 -4.15969 0.32975
-1.8333 -4.20162 0.32975
-1.81298 -4.25228 0.32975
-1.78963 -4.29845 0.32975
-1.76657 -4.34633 0.32975
-1.73926 -4.38697 0.32975
-1.7158 -4.43645 0.32975
-1.69164 -4.48585 0.32975
-1.66636 -4.53426 0.32975
-1.64164 -4.58529 0.32975
-1.61985 -4.64447 0.32975
-1.59639 -4.70177 0.32975
-1.56622 -4.7452 0.32975
-1.54387 -4.80879 0.32975
-1.51756 -4.86493 0.32975
-1.48529 -4.90795 0.32975
-1.4621 -4.97598 0.32975
-1.42526 -5.01026 0.32975
-1.39891 -5.07434 0.32975
-1.37258 -5.14117 0.32975
-1.34328 -5.20224 0.32975
-1.30479 -5.23854 0.32975
-1.2828 -5.32687 0.32975
-1.24768 -5.37801 0.32975
-1.21413 -5.43659 0.32975
-1.17969 -5.495 0.32975
-1.15042 -5.57436 0.32975
0.0460734 -1.4493 0.32975
0.0615831 -1.44213 0.32975
0.0834468 -1.40962 0.32975
0.100116 -1.39529 0.32975
0.121643 -1.35937 0.32975
0.140042 -1.33391 0.32975
0.157322 -1.31117 0.32975
0.17522 -1.28333 0.32975
0.192012 -1.25822 0.32975
0.209107 -1.229 0.32975
0.222939 -1.21432 0.32975
0.234065 -1.21328 0.32975
0.249778 -1.18453 0.32975
0.264346 -1.15955 0.32975
0.276984 -1.14429 0.32975
0.28976 -1.12593 0.32975
0.301289 -1.11438 0.32975
0.311872 -1.10867 0.32975
0.323024 -1.0969 0.32975
0.333959 -1.08502 0.32975
0.345157 -1.06806 0.32975
0.355353 -1.05895 0.32975
0.367109 -1.02782 0.32975
0.376779 -1.01851 0.32975
0.38689 -0.999133 0.32975
0.395455 -1.00262 0.32975
0.404468 -0.99705 0.32975
0.414008 -0.973407 0.32975
0.422661 -0.967668 0.32975
0.431403 -0.950855 0.32975
0.439745 -0.945964 0.32975
0.448 -0.934 0.32975
0.456081 -0.925965 0.32975
0.464039 -0.91886 0.32975
0.47114 -0.883697 0.32975
0.478642 -0.877465 0.32975
0.486036 -0.87117 0.32975
0.492433 -0.847836 0.32975
0.500135 -0.852407 0.32975
0.50806 -0.858903 0.32975
0.513906 -0.837411 0.32975
0.521211 -0.836804 0.32975
0.526402 -0.814234 0.32975
0.532877 -0.807552 0.32975
0.539581 -0.8038 0.32975
0.545983 -0.798007 0.32975
0.551246 -0.784233 0.32975
0.555024 -0.761516 0.32975
0.561813 -0.761542 0.32975
0.569706 -0.768422 0.32975
0.572446 -0.743659 0.32975
0.579625 -0.746484 0.32975
0.583583 -0.731542 0.32975
0.587863 -0.719533 0.32975
0.594934 -0.722205 0.32975
0.60726 -0.749261 0.32975
0.614442 -0.750772 0.32975
0.63066 -0.791188 0.32975
0.665338 -0.905276 0.32975
0.731049 -1.13525 0.32975
0.736938 -1.11724 0.32975
0.691808 -0.909902 0.32975
0.659118 -0.761268 0.32975
0.666305 -0.761319 0.32975
0.673508 -0.761303 0.32975
0.679851 -0.75835 0.32975
0.68225 -0.742945 0.32975
0.689651 -0.743726 0.32975
0.693594 -0.734003 0.32975
0.700641 -0.733722 0.32975
0.701693 -0.716408 0.32975
0.705199 -0.706649 0.32975
0.713457 -0.709998 0.32975
0.716776 -0.700185 0.32975
0.727274 -0.708978 0.32975
0.752555 -0.753801 0.32975
0.76601 -0.767744 0.32975
0.774651 -0.769542 0.32975
0.77617 -0.75474 0.32975
0.782337 -0.750934 0.32975
0.793854 -0.758908 0.32975
0.796237 -0.746798 0.32975
0.807907 -0.754561 0.32975
0.810095 -0.742404 0.32975
0.817006 -0.740111 0.32975
0.824812 -0.739535 0.32975
0.828943 -0.731784 0.32975
0.835314 -0.728432 0.32975
0.843565 -0.728539 0.32975
0.847483 -0.720687 0.32975
0.855727 -0.720654 0.32975
0.8595 -0.712739 0.32975
0.868749 -0.714291 0.32975
0.877542 -0.714878 0.32975
0.882719 -0.709397 0.32975
0.888363 -0.704728 0.32975
0.896645 -0.704232 0.32975
0.926738 -0.737191 0.32975
1.07114 -0.941457 0.32975
1.09778 -0.963342 0.32975
1.09767 -0.945273 0.32975
1.1013 -0.933014 0.32975
1.1071 -0.924021 0.32975
1.11866 -0.923088 0.32975
1.12967 -0.92122 0.32975
1.1437 -0.923223 0.32975
1.14564 -0.909183 0.32975
1.16217 -0.914092 0.32975
1.17136 -0.909391 0.32975
1.20193 -0.931021 0.32975
1.21193 -0.926721 0.32975
1.2187 -0.918487 0.32975
1.22734 -0.912487 0.32975
1.24183 -0.913199 0.32975
1.24646 -0.902492 0.32975
1.25296 -0.894003 0.32975
1.26817 -0.895055 0.32975
1.2664 -0.877624 0.32975
1.28435 -0.88133 0.32975
1.2934 -0.875437 0.32975
1.30381 -0.870879 0.32975
1.32269 -0.874691 0.32975
1.331 -0.867726 0.32975
1.34214 -0.86346 0.32975
1.33949 -0.845988 0.32975
1.36512 -0.855226 0.32975
1.37328 -0.847866 0.32975
1.38065 -0.839759 0.32975
1.38494 -0.828938 0.32975
1.38837 -0.81745 0.32975
1.40231 -0.815057 0.32975
1.42394 -0.818911 0.32975
1.42796 -0.807819 0.32975
1.43808 -0.801754 0.32975
1.45365 -0.799931 0.32975
1.46375 -0.793588 0.32975
1.48729 -0.797477 0.32975
1.49341 -0.787776 0.32975
1.50186 -0.779813 0.32975
1.507 -0.769411 0.32975
1.50879 -0.756656 0.32975
1.53829 -0.76343 0.32975
1.53997 -0.750488 0.32975
1.55808 -0.748759 0.32975
1.56291 -0.73794 0.32975
1.58943 -0.741254 0.32975
1.59248 -0.729116 0.32975
1.61237 -0.727579 0.32975
1.62464 -0.721048 0.32975
1.64203 -0.717448 0.32975
1.64825 -0.707001 0.32975
1.66477 -0.7025 0.32975
1.66911 -0.69087 0.32975
1.67597 -0.680673 0.32975
1.68801 -0.673271 0.32975
1.70708 -0.669466 0.32975
1.72884 -0.666765 0.32975
1.73283 -0.654654 0.32975
1.74923 -0.648772 0.32975
1.78181 -0.650543 0.32975
1.78924 -0.639739 0.32975
1.80112 -0.630969 0.32975
1.81749 -0.624113 0.32975
1.83476 -0.617426 0.32975
1.86119 -0.614472 0.32975
1.86374 -0.600944 0.32975
1.87539 -0.591246 0.32975
1.89904 -0.586259 0.32975
1.91806 -0.579072 0.32975
1.93799 -0.571955 0.32975
1.95136 -0.562083 0.32975
1.93741 -0.542102 0.32975
1.9468 -0.530753 0.32975
1.97123 -0.52449 0.32975
1.97954 -0.512447 0.32975
1.98491 -0.499372 0.32975
2.01019 -0.492556 0.32975
2.02112 -0.480951 0.32975
2.04156 -0.472034 0.32975
2.07253 -0.465827 0.32975
2.08617 -0.454305 0.32975
2.11519 -0.446722 0.32975
2.12967 -0.43491 0.32975
2.1402 -0.421912 0.32975
2.16909 -0.413198 0.32975
2.19212 -0.402662 0.32975
2.20631 -0.389808 0.32975
2.23801 -0.380478 0.32975
2.26184 -0.36903 0.32975
2.27972 -0.35605 0.32975
2.29947 -0.343149 0.32975
2.32406 -0.3308 0.32975
2.37027 -0.321678 0.32975
2.39078 -0.307707 0.32975
2.39537 -0.291037 0.32975
2.43943 -0.279877 0.32975
2.4755 -0.266926 0.32975
2.48669 -0.25032 0.32975
2.51065 -0.23501 0.32975
2.54942 -0.220869 0.32975
2.58014 -0.205301 0.32975
2.60576 -0.188779 0.32975
2.63623 -0.172218 0.32975
2.7005 -0.15751 0.32975
2.72075 -0.139008 0.32975
2.76582 -0.121472 0.32975
2.79077 -0.102287 0.32975
2.84554 -0.083724 0.32975
2.85917 -0.063139 0.32975
2.92162 -0.0431776 0.32975
2.9549 -0.0218773 0.32975
2.986 0 0.32975
3.0299 0.0225318 0.32975
3.0736 0.0458298 0.32975
3.11908 0.069945 0.32975
3.16135 0.0947522 0.32975
3.22336 0.121175 0.32975
3.27712 0.148268 0.32975
3.32662 0.176064 0.32975
3.3968 0.2062 0.32975
3.44573 0.235927 0.32975
3.51329 0.268178 0.32975
3.58648 0.302201 0.32975
3.6613 0.337731 0.32975
3.70592 0.371194 0.32975
3.7909 0.410456 0.32975
3.87047 0.450576 0.32975
3.95058 0.492255 0.32975
4.04802 0.538026 0.32975
4.13603 0.584126 0.32975
4.24224 0.634938 0.32975
4.3242 0.683479 0.32975
4.44788 0.741334 0.32975
4.56004 0.799298 0.32975
4.68323 0.861668 0.32975
4.80663 0.926454 0.32975
4.9458 0.997137 0.32975
5.09964 1.07392 0.32975
5.25734 1.15462 0.32975
5.41883 1.23937 0.32975
5.61694 1.33678 0.32975
5.81855 1.43903 0.32975
6.03609 1.54971 0.32975
6.26075 1.66678 0.32975
6.50391 1.79384 0.32975
6.75005 1.92673 0.32975
6.81215 2.00661 0.32975
7.68269 2.35069 0.32975
7.85441 2.47815 0.32975
8.1918 2.6664 0.32975
9.02132 3.03597 0.32975
9.3234 3.23038 0.32975
9.89059 3.53044 0.32975
10.652 3.91696 0.32975
11.4967 4.3522 0.32975
12.7786 4.98189 0.32975
13.8027 5.53169 0.32975
15.4835 6.3822 0.32975
15.1136 6.3768 0.32975
0.448 0 0.32975
0.448 0 0.32975
0.448 0 0.32975
15.5807 7.21795 0.32975
15.4938 7.33833 0.32975
15.4346 7.47203 0.32975
33.883 17.036 0.32975
33.7375 17.3294 0.32975
33.5921 17.623 0.32975
33.4449 17.9159 0.32975
33.2795 18.1988 0.32975
0.448 0 0.32975
0.448 0 0.32975
0.448 0 0.32975
16.9305 9.90367 0.32975
16.9312 10.1009 0.32975
13.2383 7.99224 0.32975
12.1846 7.47706 0.32975
10.9314 6.80799 0.32975
10.3454 6.55094 0.32975
9.34689 6.00238 0.32975
8.73459 5.69521 0.32975
8.16605 5.40424 0.32975
7.66351 5.14677 0.32975
7.20976 4.91271 0.32975
6.83545 4.72646 0.32975
6.66298 4.68332 0.32975
6.58856 4.71181 0.32975
5.83248 4.20682 0.32975
5.60069 4.09864 0.32975
5.35257 3.97164 0.32975
5.12482 3.85527 0.32975
4.91787 3.75067 0.32975
4.72148 3.6499 0.32975
4.54532 3.56174 0.32975
4.37927 3.47809 0.32975
4.22095 3.39718 0.32975
4.07909 3.32728 0.32975
3.93217 3.24904 0.32975
3.80286 3.18364 0.32975
3.67568 3.11693 0.32975
3.56419 3.06227 0.32975
3.44472 2.99672 0.32975
3.35327 2.95642 0.32975
3.24886 2.90038 0.32975
3.14979 2.84709 0.32975
3.12621 2.87203 0.32975
3.11523 2.91077 0.32975
3.09843 2.9436 0.32975
3.0627 2.95538 0.32975
3.04075 2.98261 0.32975
3.02956 3.02261 0.32975
3.00951 3.05269 0.32975
3.00058 3.09653 0.32975
2.97787 3.12413 0.32975
2.94179 3.13513 0.32975
2.40273 2.50193 0.32975
2.28768 2.39751 0.32975
2.239 2.37674 0.32975
2.18964 2.35369 0.32975
2.13788 2.32592 0.32975
2.09313 2.30639 0.32975
2.04656 2.28298 0.32975
1.99599 2.25234 0.32975
1.94887 2.22514 0.32975
1.91119 2.21063 0.32975
1.87713 2.20067 0.32975
1.82349 2.15908 0.32975
1.78976 2.14726 0.32975
1.75268 2.12904 0.32975
1.72478 2.12492 0.32975
1.67777 2.08773 0.32975
1.6415 2.0672 0.32975
1.6111 2.05578 0.32975
1.57809 2.03874 0.32975
1.54881 2.02743 0.32975
1.50947 1.99634 0.32975
1.47955 1.98158 0.32975
1.45087 1.96823 0.32975
1.41848 1.94648 0.32975
1.40146 1.95488 0.32975
1.36757 1.92792 0.32975
1.33465 1.90143 0.32975
1.30807 1.88726 0.32975
1.28222 1.87368 0.32975
1.26185 1.87172 0.32975
1.23454 1.85298 0.32975
1.20648 1.83113 0.32975
1.18972 1.83582 0.32975
1.16854 1.8292 0.32975
1.14001 1.80274 0.32975
1.1204 1.79841 0.32975
1.09852 1.7873 0.32975
1.07923 1.78254 0.32975
1.05844 1.77285 0.32975
1.03152 1.74397 0.32975
1.01443 1.74329 0.32975
0.99739 1.74244 0.32975
0.972223 1.71465 0.32975
0.952695 1.70382 0.32975
0.93257 1.6899 0.32975
0.917538 1.6931 0.32975
0.902486 1.69617 0.32975
0.881408 1.67586 0.32975
0.861929 1.66018 0.32975
0.848125 1.66664 0.32975
0.826818 1.64084 0.32975
0.81032 1.63432 0.32975
0.79251 1.62079 0.32975
0.779948 1.63157 0.32975
0.760163 1.60594 0.32975
0.744862 1.60172 0.32975
0.731394 1.60721 0.32975
0.715377 1.59778 0.32975
0.700173 1.59215 0.32975
0.683756 1.57748 0.32975
0.668729 1.57057 0.32975
0.653318 1.55954 0.32975
0.639701 1.56128 0.32975
0.625163 1.55494 0.32975
0.609705 1.53853 0.32975
0.596082 1.53789 0.32975
0.582307 1.53514 0.32975
0.567493 1.51831 0.32975
0.554309 1.52029 0.32975
0.540977 1.52016 0.32975
0.526347 1.49495 0.32975
0.513211 1.49358 0.32975
0.499966 1.48809 0.32975
0.487004 1.48949 0.32975
0.473777 1.47678 0.32975
0.460819 1.46894 0.32975
0.448 1.467 0.32975
0.435355 1.44894 0.32975
0.422816 1.44278 0.32975
0.410698 1.42451 0.32975
0.39771 1.44012 0.32975
0.386366 1.41166 0.32975
0.373945 1.41306 0.32975
0.362166 1.40338 0.32975
0.348737 1.41953 0.32975
0.337215 1.40765 0.32975
0.324151 1.41559 0.32975
0.314391 1.38758 0.32975
0.30281 1.38139 0.32975
0.292119 1.36815 0.32975
0.279577 1.3717 0.32975
0.267874 1.36819 0.32975
0.257472 1.35568 0.32975
0.244615 1.36089 0.32975
0.231808 1.36499 0.32975
0.224195 1.3374 0.32975
0.212533 1.3354 0.32975
0.197062 1.35394 0.32975
0.188881 1.33305 0.32975
0.177856 1.3278 0.32975
0.168151 1.31659 0.32975
0.158188 1.30726 0.32975
0.146791 1.30468 0.32975
0.135884 1.30006 0.32975
0.126486 1.28952 0.32975
0.114243 1.29054 0.32975
0.105841 1.27695 0.32975
0.0923056 1.28259 0.32975
0.0860882 1.26214 0.32975
0.0750879 1.25893 0.32975
0.0644084 1.25467 0.32975
0.0516699 1.257 0.32975
0.0428789 1.24684 0.32975
0.0326485 1.24136 0.32975
0.0224821 1.23579 0.32975
0.0107128 1.23486 0.32975
0.000979529 1.22818 0.32975
-0.00832026 1.22048 0.32975
-0.0232539 1.22766 0.32975
-0.0339491 1.2235 0.32975
-0.0382392 1.20348 0.32975
-0.0441307 1.18811 0.32975
0.0494544 0.938915 0.32975
0.0448649 0.927148 0.32975
0.0396363 0.917199 0.32975
0.0229393 0.93271 0.32975
0.0220007 0.913558 0.32975
0.020933 0.895365 0.32975
0.0131359 0.891604 0.32975
0.00403322 0.89046 0.32975
-0.00644441 0.891898 0.32975
-0.010978 0.881689 0.32975
-0.0256966 0.890894 0.32975
-0.0286814 0.877938 0.32975
-0.0377794 0.876369 0.32975
-0.0380221 0.859041 0.32975
-0.0560001 0.872954 0.32975
-0.041267 0.83061 0.32975
-0.0387109 0.810023 0.32975
-0.0342661 0.786987 0.32975
-0.0517138 0.799709 0.32975
-0.0575988 0.793631 0.32975
-0.0830228 0.817704 0.32975
-0.0774442 0.793859 0.32975
-0.103924 0.81826 0.32975
-0.0917852 0.785392 0.32975
-0.109516 0.796216 0.32975
-0.110636 0.783179 0.32975
-0.125091 0.788792 0.32975
-0.220581 0.903535 0.32975
-0.295241 0.986315 0.32975
-0.139455 0.765586 0.32975
-0.0993229 0.700542 0.32975
-0.115998 0.709043 0.32975
-0.116501 0.6971 0.32975
-0.119382 0.688289 0.32975
-0.135008 0.694802 0.32975
-0.145596 0.695011 0.32975
-0.150326 0.688295 0.32975
-0.158297 0.685295 0.32975
-0.164924 0.680721 0.32975
-0.177596 0.682719 0.32975
-0.184212 0.677965 0.32975
-0.184598 0.666619 0.32975
-0.196643 0.667547 0.32975
-0.198939 0.65833 0.32975
-0.193346 0.641346 0.32975
