-3.5019 -3.9499 0.32975
-3.4841 -4.00133 0.32975
-3.47335 -4.06067 0.32975
0.445935 -0.00217612 0.32975
-3.45371 -4.18407 0.32975
0.445973 -0.00221183 0.32975
0.445993 -0.00222943 0.32975
0.448 0 0.32975
0.448 0 0.32975
-3.10708 -4.16246 0.32975
-3.04041 -4.15732 0.32975
-2.97474 -4.15211 0.32975
-2.91068 -4.14763 0.32975
-2.85631 -4.15408 0.32975
-2.79284 -4.14809 0.32975
-2.72547 -4.13575 0.32975
-2.6682 -4.13533 0.32975
-2.61236 -4.13584 0.32975
-2.55735 -4.1365 0.32975
-2.50081 -4.13408 0.32975
-2.43537 -4.11788 0.32975
-2.3761 -4.10909 0.32975
-2.32671 -4.11368 0.32975
-2.27526 -4.11439 0.32975
-2.22019 -4.10865 0.32975
-2.16381 -4.09973 0.32975
-2.11204 -4.09692 0.32975
-2.05581 -4.08585 0.32975
-2.00822 -4.08783 0.32975
-1.96027 -4.08843 0.32975
-1.793 -3.88153 0.32975
-1.69306 -3.78431 0.32975
-1.6265 -3.7425 0.32975
-1.30747 -3.23317 0.32975
-1.24022 -3.17508 0.32975
-1.20275 -3.17106 0.32975
-1.18727 -3.20941 0.32975
-1.17304 -3.2513 0.32975
-1.15425 -3.28509 0.32975
-1.13198 -3.31249 0.32975
-1.11146 -3.34428 0.32975
-1.09134 -3.37778 0.32975
-1.07401 -3.41849 0.32975
-1.0509 -3.44723 0.32975
-1.02662 -3.47399 0.32975
-1.01079 -3.52183 0.32975
-0.988242 -3.55482 0.32975
-0.959731 -3.57373 0.32975
-0.939601 -3.61482 0.32975
-0.920611 -3.66051 0.32975
-0.902637 -3.71085 0.32975
-0.87688 -3.74134 0.32975
-0.859481 -3.7972 0.32975
-0.833911 -3.83123 0.32975
-0.803828 -3.85273 0.32975
-0.787901 -3.91978 0.32975
-0.864457 -4.29285 0.32975
-1.11096 -5.26296 0.32975
-1.08482 -5.34558 0.32975
-1.06724 -5.46378 0.32975
-1.05315 -5.60237 0.32975
-1.04151 -5.75951 0.32975
-1.02966 -5.92657 0.32975
-1.01407 -6.08995 0.32975
-1.00271 -6.28371 0.32975
-0.982882 -6.45429 0.32975
-0.964344 -6.64456 0.32975
-0.946379 -6.85359 0.32975
-0.927733 -7.07753 0.32975
-0.906739 -7.30952 0.32975
-0.887181 -7.57219 0.32975
-0.861982 -7.82815 0.32975
-0.840394 -8.1346 0.32975
-0.814293 -8.4462 0.32975
-0.789946 -8.80843 0.32975
-0.755843 -9.1441 0.32975
-0.725236 -9.55524 0.32975
-0.687768 -9.96851 0.32975
-0.648295 -10.4305 0.32975
-0.593557 -10.817 0.32975
-0.57608 -11.7053 0.32975
-0.505121 -12.1106 0.32975
-0.456044 -12.9284 0.32975
-0.386962 -13.6515 0.32975
-0.311656 -14.4951 0.32975
-0.229541 -15.5182 0.32975
-0.134088 -16.6688 0.32975
-0.0239968 -18.0248 0.32975
0.105286 -19.634 0.32975
0.260956 -21.4332 0.32975
0.448 0 0.32975
0.448 0 0.32975
0.448 0 0.32975
0.448 0 0.32975
1.89671 -41.4857 0.32975
2.26104 -41.5254 0.32975
0.448 0 0.32975
0.448 0 0.32975
0.448 0 0.32975
0.448 0 0.32975
4.06645 -41.359 0.32975
4.42579 -41.3109 0.32975
0.448 0 0.32975
0.812061 -3.19533 0.32975
0.809221 -2.94191 0.32975
0.833705 -2.92972 0.32975
0.865937 -2.97377 0.32975
0.931337 -3.23408 0.32975
1.05387 -3.82532 0.32975
1.08772 -3.82284 0.32975
1.12262 -3.82598 0.32975
1.15781 -3.82978 0.32975
1.19063 -3.82049 0.32975
1.22414 -3.81485 0.32975
1.25636 -3.80304 0.32975
1.28692 -3.78412 0.32975
1.2648 -3.53794 0.32975
1.24732 -3.32939 0.32975
1.23497 -3.15637 0.32975
1.21817 -2.97802 0.32975
1.20323 -2.81857 0.32975
1.19359 -2.68853 0.32975
1.1834 -2.56465 0.32975
1.17423 -2.4517 0.32975
1.16109 -2.33243 0.32975
1.15195 -2.23265 0.32975
1.14143 -2.13417 0.32975
1.1467 -2.08821 0.32975
1.13886 -2.00639 0.32975
1.12296 -1.90602 0.32975
1.12144 -1.85025 0.32975
1.11585 -1.78623 0.32975
1.116 -1.74019 0.32975
1.10953 -1.6794 0.32975
1.10431 -1.62443 0.32975
1.10507 -1.5863 0.32975
1.10326 -1.54369 0.32975
1.08201 -1.45813 0.32975
1.08332 -1.42696 0.32975
1.0829 -1.39315 0.32975
1.08024 -1.35584 0.32975
1.07913 -1.32319 0.32975
1.0683 -1.27179 0.32975
1.07 -1.24754 0.32975
1.06906 -1.2189 0.32975
1.0672 -1.18948 0.32975
1.05597 -1.14342 0.32975
1.06306 -1.1328 0.32975
1.06177 -1.10727 0.32975
1.05516 -1.07315 0.32975
1.048 -1.03923 0.32975
1.05502 -1.03051 0.32975
1.05368 -1.00803 0.32975
1.04887 -0.980536 0.32975
1.04045 -0.948118 0.32975
1.03527 -0.921827 0.32975
1.0422 -0.91499 0.32975
1.0314 -0.881417 0.32975
1.03292 -0.867173 0.32975
1.03706 -0.857091 0.32975
1.03534 -0.838812 0.32975
1.03625 -0.824699 0.32975
1.02814 -0.7985 0.32975
1.02438 -0.778937 0.32975
1.02454 -0.765093 0.32975
1.02632 -0.753686 0.32975
1.02241 -0.735214 0.32975
1.01822 -0.716869 0.32975
1.0232 -0.710311 0.32975
1.01538 -0.688289 0.32975
1.02265 -0.684844 0.32975
1.01042 -0.658512 0.32975
1.01877 -0.656597 0.32975
1.01123 -0.636612 0.32975
1.01475 -0.629444 0.32975
1.01077 -0.614152 0.32975
1.00315 -0.595322 0.32975
0.999372 -0.581025 0.32975
1.01623 -0.58842 0.32975
1.00592 -0.567747 0.32975
0.997422 -0.549422 0.32975
0.997916 -0.540401 0.32975
1.00045 -0.533498 0.32975
0.993482 -0.517643 0.32975
0.992859 -0.508089 0.32975
0.993585 -0.499937 0.32975
0.986037 -0.484451 0.32975
0.991742 -0.481062 0.32975
1.00045 -0.480235 0.32975
0.981045 -0.455263 0.32975
0.990359 -0.455094 0.32975
0.985051 -0.44271 0.32975
0.985785 -0.43549 0.32975
0.988782 -0.430158 0.32975
0.990939 -0.424191 0.32975
0.984307 -0.411523 0.32975
0.991072 -0.409234 0.32975
0.983369 -0.396152 0.32975
0.99085 -0.394404 0.32975
0.983688 -0.382103 0.32975
0.978811 -0.371678 0.32975
0.986979 -0.37043 0.32975
0.987704 -0.364035 0.32975
0.989192 -0.358207 0.32975
0.994813 -0.355105 0.32975
0.97765 -0.337424 0.32975
0.984814 -0.335439 0.32975
0.968111 -0.318724 0.32975
0.981158 -0.320354 0.32975
0.976179 -0.311121 0.32975
0.978008 -0.306 0.32975
0.984139 -0.303333 0.32975
0.980643 -0.295249 0.32975
0.967381 -0.282001 0.32975
0.985715 -0.285908 0.32975
0.977545 -0.275664 0.32975
0.97904 -0.270578 0.32975
0.969747 -0.260133 0.32975
0.981884 -0.260392 0.32975
0.976915 -0.25228 0.32975
0.969127 -0.243006 0.32975
0.971228 -0.238449 0.32975
0.964153 -0.229806 0.32975
0.977144 -0.230078 0.32975
0.966244 -0.219982 0.32975
0.958905 -0.211624 0.32975
0.962587 -0.207907 0.32975
0.975547 -0.207806 0.32975
0.958668 -0.196027 0.32975
0.956613 -0.190163 0.32975
0.96671 -0.188795 0.32975
0.956084 -0.179922 0.32975
0.965199 -0.178086 0.32975
0.969578 -0.174518 0.32975
0.955864 -0.165015 0.32975
0.962053 -0.16208 0.32975
0.959623 -0.156419 0.32975
0.952339 -0.149392 0.32975
0.95074 -0.144158 0.32975
0.949088 -0.138964 0.32975
0.950281 -0.134586 0.32975
0.956277 -0.13145 0.32975
0.960316 -0.127735 0.32975
0.953632 -0.121392 0.32975
0.947852 -0.1154 0.32975
0.962508 -0.114064 0.32975
0.959571 -0.108738 0.32975
0.96442 -0.105067 0.32975
0.957465 -0.0990299 0.32975
0.941594 -0.0914822 0.32975
0.955176 -0.0894288 0.32975
0.952978 -0.0845044 0.32975
0.962586 -0.0815024 0.32975
0.948442 -0.0747916 0.32975
0.954027 -0.0711174 0.32975
0.959586 -0.0673515 0.32975
0.955191 -0.0622752 0.32975
0.947767 -0.0569413 0.32975
0.954212 -0.0532051 0.32975
0.959634 -0.0492647 0.32975
0.941116 -0.0431421 0.32975
0.942471 -0.0389157 0.32975
0.941794 -0.0345295 0.32975
0.938084 -0.0299749 0.32975
0.954305 -0.0265343 0.32975
0.94153 -0.021548 0.32975
0.95669 -0.0177639 0.32975
0.946829 -0.0130623 0.32975
0.948924 -0.00874372 0.32975
0.946981 -0.00435452 0.32975
0.952 0 0.32975
0.940981 0.00430216 0.32975
0.946924 0.0087087 0.32975
0.948828 0.0131147 0.32975
0.944697 0.0173451 0.32975
0.936535 0.0213299 0.32975
0.945318 0.0260633 0.32975
0.946069 0.0304632 0.32975
0.936806 0.0341807 0.32975
0.942471 0.0389157 0.32975
0.941116 0.0431421 0.32975
0.942712 0.0476353 0.32975
0.944266 0.0521596 0.32975
0.926902 0.054564 0.32975
0.93931 0.0603253 0.32975
0.930834 0.0635662 0.32975
0.92828 0.0674989 0.32975
0.937563 0.0731656 0.32975
0.919127 0.0746193 0.32975
0.934239 0.0813685 0.32975
0.934495 0.0857822 0.32975
0.919962 0.087473 0.32975
0.935869 0.094832 0.32975
0.934043 0.0988865 0.32975
0.925336 0.101461 0.32975
0.924432 0.105623 0.32975
0.922518 0.109551 0.32975
0.931268 0.116022 0.32975
0.920534 0.117816 0.32975
0.93401 0.125691 0.32975
0.91744 0.125786 0.32975
0.924997 0.132283 0.32975
0.92767 0.137543 0.32975
0.934122 0.143996 0.32975
0.934759 0.148817 0.32975
0.923905 0.150052 0.32975
0.914969 0.151727 0.32975
0.925007 0.159604 0.32975
0.916032 0.161156 0.32975
0.913665 0.164901 0.32975
1.01745 0.207264 0.32975
1.16268 0.267208 0.32975
0.450801 0.0010751 0.32975
0.448 0 0.32975
24.8051 9.84091 0.32975
0.448 0 0.32975
23.456 9.76632 0.32975
0.448 0 0.32975
0.448 0 0.32975
0.448 0 0.32975
20.8028 9.49158 0.32975
20.7625 9.68951 0.32975
19.5878 9.33511 0.32975
19.4949 9.49643 0.32975
1.34346 0.45626 0.32975
1.32525 0.456669 0.32975
0.450649 0.00140841 0.32975
16.8652 8.9138 0.32975
16.8218 9.07612 0.32975
16.8098 9.25707 0.32975
16.7622 9.419 0.32975
15.5808 8.9139 0.32975
15.5247 9.05901 0.32975
15.5176 9.23464 0.32975
14.3314 8.67531 0.32975
14.2349 8.78324 0.32975
1.3328 0.574594 0.32975
1.31524 0.574014 0.32975
0.450487 0.00167758 0.32975
12.9162 8.56916 0.32975
12.8139 8.65871 0.32975
12.7989 8.80984 0.32975
12.8057 8.97842 0.32975
12.7768 9.1228 0.32975
11.7447 8.51267 0.32975
11.5661 8.53118 0.32975
11.4951 8.63096 0.32975
1.3167 0.690991 0.32975
1.30675 0.695399 0.32975
1.32611 0.723857 0.32975
10.3162 8.28039 0.32975
10.2169 8.34346 0.32975
10.1822 8.46185 0.32975
10.1477 8.58159 0.32975
10.1512 8.73684 0.32975
10.0879 8.83334 0.32975
0.448 0 0.32975
1.3141 0.821895 0.32975
1.30473 0.827338 0.32975
1.31745 0.854408 0.32975
0.450121 0.00212132 0.32975
1.40754 0.97644 0.32975
1.37954 0.964635 0.32975
1.36489 0.966199 0.32975
1.37006 0.98879 0.32975
1.36005 0.995324 0.32975
1.30382 0.950482 0.32975
1.28555 0.94668 0.32975
8.00711 8.69576 0.32975
7.87314 8.69372 0.32975
7.72564 8.67316 0.32975
7.57844 8.64991 0.32975
7.46052 8.65974 0.32975
7.32305 8.64312 0.32975
1.28776 1.07485 0.32975
1.282 1.08689 0.32975
6.92172 8.59092 0.32975
6.78524 8.56429 0.32975
6.67559 8.57154 0.32975
6.55467 8.56124 0.32975
1.29288 1.20661 0.32975
1.27439 1.2024 0.32975
1.26554 1.21205 0.32975
6.07831 8.50647 0.32975
5.96301 8.49238 0.32975
5.84732 8.47524 0.32975
1.2752 1.3238 0.32975
1.25631 1.31903 0.32975
5.49022 8.39167 0.32975
5.41071 8.42501 0.32975
5.3045 8.41171 0.32975
5.19299 8.38675 0.32975
1.24357 1.43525 0.32975
1.24247 1.46323 0.32975
4.89577 8.36505 0.32975
0.449385 0.00266103 0.32975
1.33192 1.73479 0.32975
1.24134 1.59119 0.32975
1.25022 1.64479 0.32975
1.29395 1.77358 0.32975
1.23872 1.6957 0.32975
1.22721 1.70982 0.32975
1.21551 1.72386 0.32975
4.06147 8.3104 0.32975
1.22008 1.81892 0.32975
1.2038 1.82466 0.32975
3.78612 8.26214 0.32975
1.22425 1.97062 0.32975
1.19735 1.95212 0.32975
3.53333 8.25208 0.32975
1.20626 2.0833 0.32975
1.19105 2.09832 0.32975
3.26124 8.17023 0.32975
1.18637 2.20675 0.32975
1.17326 2.23213 0.32975
1.18172 2.32707 0.32975
1.16168 2.33434 0.32975
1.18246 2.47951 0.32975
1.15639 2.47044 0.32975
1.16687 2.59217 0.32975
1.13775 2.57419 0.32975
1.14931 2.71178 0.32975
1.1278 2.72653 0.32975
1.1355 2.86363 0.32975
1.11228 2.87731 0.32975
1.10836 2.97868 0.32975
1.10854 3.10757 0.32975
1.09794 3.19455 0.32975
1.07786 3.24035 0.32975
1.0676 3.34307 0.32975
1.06133 3.47834 0.32975
1.0524 3.61178 0.32975
1.03776 3.72358 0.32975
1.02638 3.87002 0.32975
1.01082 4.00464 0.32975
0.990989 4.12441 0.32975
0.973745 4.28184 0.32975
0.96149 4.50684 0.32975
0.942001 4.70011 0.32975
0.916877 4.86948 0.32975
0.896155 5.12243 0.32975
0.868306 5.34049 0.32975
0.841914 5.63324 0.32975
0.811849 5.94888 0.32975
0.777507 6.28737 0.32975
0.736281 6.60271 0.32975
0.693903 7.04171 0.32975
0.638358 7.26951 0.32975
0.574844 7.26689 0.32975
0.511355 7.25972 0.32975
0.448001 7.249 0.32975
0.384856 7.23572 0.32975
0.322046 7.2159 0.32975
0.25861 7.23252 0.32975
0.174388 7.83522 0.32975
0.0395052 9.35609 0.32975
-0.128165 10.9939 0.32975
-0.238186 11.219 0.32975
-0.303556 10.7478 0.32975
-0.373783 10.4417 0.32975
-0.503481 10.8755 0.32975
-1.07806 15.8487 0.32975
-1.21693 15.8407 0.32975
-1.35544 15.8286 0.32975
-1.4935 15.8123 0.32975
-1.63206 15.7997 0.32975
-1.76916 15.776 0.32975
-1.9103 15.7797 0.32975
-2.04681 15.7517 0.32975
-1.05823 9.00084 0.32975
-1.13237 8.96274 0.32975
-1.17481 8.75589 0.32975
-1.24677 8.71881 0.32975
-2.74707 15.7043 0.32975
-2.88524 15.6817 0.32975
-3.02412 15.6617 0.32975
-3.16606 15.6542 0.32975
-2.16869 10.8993 0.32975
-2.13234 10.3492 0.32975
-2.22281 10.3272 0.32975
-2.50642 11.026 0.32975
-2.5758 10.9035 0.32975
-2.50738 10.3066 0.32975
-2.45407 9.79722 0.32975
-2.41549 9.36605 0.32975
-2.37743 8.96112 0.32975
-2.33686 8.57092 0.32975
-2.30684 8.23335 0.32975
-2.28515 7.93763 0.32975
-2.2278 7.55621 0.32975
-2.22455 7.34276 0.32975
-2.18486 7.0419 0.32975
-2.22901 6.97385 0.32975
-2.29489 6.96325 0.32975
-2.36679 6.96686 0.32975
-2.43399 6.95774 0.32975
-2.5028 6.95165 0.32975
-2.56614 6.93206 0.32975
-2.57772 6.79586 0.32975
-2.55894 6.59813 0.32975
-2.54118 6.41031 0.32975
-2.52683 6.23686 0.32975
-2.52196 6.08933 0.32975
-2.50851 5.92984 0.32975
-2.46753 5.72204 0.32975
-2.50211 5.66711 0.32975
-2.48667 5.51931 0.32975
-2.44501 5.32827 0.32975
-2.42789 5.18824 0.32975
-2.41692 5.06373 0.32975
-2.404 4.93981 0.32975
-2.38762 4.81392 0.32975
-2.37286 4.69471 0.32975
-2.3505 4.56674 0.32975
-2.35739 4.48957 0.32975
-2.36637 4.41769 0.32975
-2.35253 4.31244 0.32975
-2.33763 4.20862 0.32975
-2.31665 4.09876 0.32975
-2.34665 4.06624 0.32975
-2.31836 3.95077 0.32975
-2.29292 3.84263 0.32975
-2.31518 3.80319 0.32975
-2.28224 3.6897 0.32975
-2.28183 3.62261 0.32975
-2.28047 3.55581 0.32975
-2.23936 3.43967 0.32975
-2.27426 3.42234 0.32975
-2.23794 3.31686 0.32975
-2.26615 3.29252 0.32975
-2.23242 3.19441 0.32975
-2.24981 3.15873 0.32975
-2.22806 3.07846 0.32975
-2.2376 3.03552 0.32975
-2.23388 2.97852 0.32975
-2.23139 2.92404 0.32975
-2.30932 2.95686 0.32975
-2.21662 2.80792 0.32975
0.445916 0.00215802 0.32975
-2.19723 2.69181 0.32975
0.448 0 0.32975
