-2.8556 -3.3036 0.32975
-2.84908 -3.35513 0.32975
-2.8551 -3.42046 0.32975
-2.85335 -3.4789 0.32975
-2.85696 -3.54414 0.32975
-2.85429 -3.60381 0.32975
-2.86687 -3.68154 0.32975
-2.86179 -3.74103 0.32975
-2.87231 -3.81959 0.32975
-2.87458 -3.89024 0.32975
-2.87521 -3.96045 0.32975
-2.87933 -4.03637 0.32975
-2.88677 -4.1181 0.32975
-2.87685 -4.17991 0.32975
-2.89073 -4.27338 0.32975
-2.89349 -4.35472 0.32975
-2.89629 -4.43802 0.32975
-2.89966 -4.52411 0.32975
-2.90767 -4.61868 0.32975
-2.91717 -4.7178 0.32975
-2.92635 -4.81907 0.32975
-2.92778 -4.91179 0.32975
-2.93176 -5.0107 0.32975
-2.9282 -5.10088 0.32975
-2.9353 -5.20982 0.32975
-2.95311 -5.33867 0.32975
-2.95143 -5.44023 0.32975
-2.95347 -5.55069 0.32975
-2.96516 -5.68045 0.32975
-2.96773 -5.79876 0.32975
-2.9775 -5.93314 0.32975
-2.98321 -6.06464 0.32975
-2.9893 -6.20105 0.32975
-2.99518 -6.34154 0.32975
-3.00215 -6.48878 0.32975
-3.01004 -6.64282 0.32975
-3.02003 -6.8064 0.32975
-3.02654 -6.96885 0.32975
-3.0388 -7.14901 0.32975
-3.04603 -7.32538 0.32975
-3.05255 -7.50695 0.32975
-1.16474 -3.53884 0.32975
-1.12648 -3.53633 0.32975
-1.10792 -3.57837 0.32975
-1.14618 -3.75566 0.32975
-1.15659 -3.87383 0.32975
-1.01784 -3.62807 0.32975
-1.01031 -3.70213 0.32975
-1.17182 -4.21978 0.32975
-1.16996 -4.32743 0.32975
-0.901611 -3.70803 0.32975
-0.799436 -3.52265 0.32975
-0.765718 -3.52489 0.32975
-0.770767 -3.64251 0.32975
-0.832567 -3.94118 0.32975
-0.799929 -3.95793 0.32975
-0.759495 -3.94954 0.32975
-0.721291 -3.94746 0.32975
-0.682113 -3.94117 0.32975
-0.64554 -3.94318 0.32975
-0.613676 -3.96223 0.32975
-0.577807 -3.9665 0.32975
-0.534203 -3.9394 0.32975
-0.500255 -3.94977 0.32975
-0.466201 -3.95984 0.32975
-0.430312 -3.96181 0.32975
-0.393418 -3.95856 0.32975
-0.356848 -3.95596 0.32975
0.173998 -1.40962 0.32975
0.190683 -1.38836 0.32975
0.202635 -1.39153 0.32975
0.215778 -1.3877 0.32975
0.231025 -1.36992 0.32975
0.24284 -1.37275 0.32975
0.257054 -1.35865 0.32975
0.269832 -1.35332 0.32975
0.281892 -1.35284 0.32975
0.294836 -1.3443 0.32975
0.307932 -1.33266 0.32975
0.321388 -1.31492 0.32975
0.333652 -1.30701 0.32975
0.344983 -1.30895 0.32975
0.356061 -1.31479 0.32975
0.367721 -1.31255 0.32975
0.379545 -1.30621 0.32975
0.3916 -1.29177 0.32975
0.402701 -1.29721 0.32975
0.414075 -1.29556 0.32975
0.425591 -1.2838 0.32975
0.436944 -1.26695 0.32975
0.448 -1.262 0.32975
0.459109 -1.27295 0.32975
0.470077 -1.26481 0.32975
0.480643 -1.24657 0.32975
0.491555 -1.24724 0.32975
0.502219 -1.24182 0.32975
0.513525 -1.25028 0.32975
0.5237 -1.23769 0.32975
0.534219 -1.23299 0.32975
0.545368 -1.23717 0.32975
0.556073 -1.23528 0.32975
0.565315 -1.21836 0.32975
0.576674 -1.22426 0.32975
0.585315 -1.2052 0.32975
0.596559 -1.20991 0.32975
0.608678 -1.22047 0.32975
0.615286 -1.1903 0.32975
0.626406 -1.19374 0.32975
0.63666 -1.19115 0.32975
0.646882 -1.18847 0.32975
0.656725 -1.18374 0.32975
0.665771 -1.17499 0.32975
0.677162 -1.17893 0.32975
0.686643 -1.17297 0.32975
0.694999 -1.16204 0.32975
0.704697 -1.15789 0.32975
0.715242 -1.15755 0.32975
0.7265 -1.16004 0.32975
0.734194 -1.14786 0.32975
0.744199 -1.14532 0.32975
0.754183 -1.14269 0.32975
0.763341 -1.13708 0.32975
0.775457 -1.14198 0.32975
0.786262 -1.14195 0.32975
0.797969 -1.1447 0.32975
0.800728 -1.11871 0.32975
0.813258 -1.12415 0.32975
0.824006 -1.12376 0.32975
0.839007 -1.13557 0.32975
0.841892 -1.11232 0.32975
0.854662 -1.11729 0.32975
0.860194 -1.10246 0.32975
0.871591 -1.10349 0.32975
0.881937 -1.10161 0.32975
0.889661 -1.09315 0.32975
0.901863 -1.09572 0.32975
0.90789 -1.08343 0.32975
0.915334 -1.07479 0.32975
0.925102 -1.07159 0.32975
0.936509 -1.07193 0.32975
0.942886 -1.06129 0.32975
0.952989 -1.05873 0.32975
0.971415 -1.07316 0.32975
0.969605 -1.04618 0.32975
0.980531 -1.04515 0.32975
1.01503 -1.08925 0.32975
1.04094 -1.11516 0.32975
1.05351 -1.11522 0.32975
1.06516 -1.11339 0.32975
1.07929 -1.1158 0.32975
1.094 -1.1189 0.32975
1.0946 -1.09772 0.32975
1.11034 -1.10232 0.32975
1.12307 -1.10161 0.32975
1.17346 -1.16098 0.32975
1.19323 -1.16978 0.32975
1.20341 -1.16324 0.32975
1.22568 -1.17495 0.32975
1.24709 -1.18469 0.32975
1.26193 -1.18427 0.32975
1.28255 -1.19187 0.32975
1.28828 -1.17803 0.32975
1.38199 -1.28553 0.32975
1.56865 -1.51447 0.32975
1.59145 -1.51741 0.32975
1.60708 -1.51054 0.32975
1.6313 -1.51456 0.32975
1.65257 -1.51435 0.32975
1.67958 -1.52087 0.32975
1.70807 -1.52859 0.32975
1.73165 -1.52979 0.32975
1.76118 -1.53754 0.32975
1.77849 -1.53055 0.32975
1.80637 -1.53536 0.32975
1.83511 -1.54054 0.32975
1.8512 -1.53133 0.32975
1.87201 -1.52707 0.32975
1.90456 -1.53489 0.32975
1.93526 -1.54011 0.32975
1.96196 -1.54062 0.32975
1.99586 -1.54786 0.32975
2.02856 -1.55322 0.32975
2.06508 -1.56159 0.32975
2.08372 -1.55224 0.32975
2.11695 -1.55632 0.32975
2.15332 -1.56264 0.32975
2.1825 -1.56175 0.32975
2.20879 -1.55782 0.32975
2.25553 -1.57126 0.32975
2.26537 -1.55218 0.32975
2.27655 -1.53433 0.32975
2.30684 -1.53231 0.32975
2.35434 -1.54372 0.32975
2.39278 -1.54695 0.32975
2.41172 -1.53423 0.32975
2.45439 -1.53956 0.32975
2.49969 -1.54606 0.32975
2.53803 -1.54654 0.32975
2.57005 -1.54176 0.32975
2.62657 -1.55396 0.32975
2.65643 -1.54636 0.32975
2.70528 -1.55139 0.32975
2.74775 -1.5512 0.32975
2.78705 -1.54818 0.32975
2.84492 -1.55658 0.32975
2.90649 -1.56623 0.32975
2.94381 -1.55955 0.32975
3.0008 -1.56436 0.32975
3.05807 -1.56829 0.32975
3.11388 -1.57032 0.32975
3.17771 -1.576 0.32975
3.22966 -1.57379 0.32975
3.30626 -1.58436 0.32975
3.37358 -1.58846 0.32975
3.44296 -1.59245 0.32975
3.49222 -1.58472 0.32975
3.56652 -1.58897 0.32975
3.63397 -1.58846 0.32975
3.72231 -1.59699 0.32975
3.8011 -1.59935 0.32975
3.89288 -1.60637 0.32975
3.98138 -1.61025 0.32975
4.08391 -1.61881 0.32975
4.17952 -1.62251 0.32975
4.25889 -1.61763 0.32975
4.36987 -1.62449 0.32975
4.48589 -1.63141 0.32975
4.60883 -1.63899 0.32975
4.7322 -1.64455 0.32975
4.86347 -1.65088 0.32975
5.00175 -1.65743 0.32975
5.15649 -1.66737 0.32975
5.30135 -1.67114 0.32975
5.46937 -1.68013 0.32975
5.65503 -1.69187 0.32975
5.84222 -1.70079 0.32975
6.03856 -1.7092 0.32975
6.24598 -1.71744 0.32975
6.47415 -1.72797 0.32975
6.71931 -1.73919 0.32975
6.98056 -1.75039 0.32975
7.26279 -1.76242 0.32975
7.56997 -1.77571 0.32975
7.80592 -1.76648 0.32975
8.56158 -1.87317 0.32975
8.76409 -1.84363 0.32975
9.12026 -1.84335 0.32975
9.52602 -1.84695 0.32975
10.3546 -1.92565 0.32975
10.8351 -1.92514 0.32975
11.5015 -1.94903 0.32975
12.313 -1.98552 0.32975
13.2623 -2.02958 0.32975
14.5573 -2.10865 0.32975
15.6981 -2.14326 0.32975
17.253 -2.21242 0.32975
19.2776 -2.31198 0.32975
0.448 0 0.32975
0.448 0 0.32975
0.448 0 0.32975
0.448 0 0.32975
38.7167 -3.01181 0.32975
38.7006 -2.67488 0.32975
38.7205 -2.34085 0.32975
38.7325 -2.0064 0.32975
38.7605 -1.67276 0.32975
38.7956 -1.33913 0.32975
38.8209 -1.00483 0.32975
38.8232 -0.669846 0.32975
0.448 0 0.32975
0.448 0 0.32975
0.448 0 0.32975
16.4406 0.27915 0.32975
14.5532 0.369358 0.32975
13.2172 0.445911 0.32975
11.9251 0.501099 0.32975
10.8377 0.544503 0.32975
9.95024 0.581181 0.32975
9.22158 0.613509 0.32975
8.97962 0.671453 0.32975
8.02207 0.662645 0.32975
7.61983 0.690568 0.32975
7.21075 0.710793 0.32975
6.84958 0.729369 0.32975
6.53231 0.747059 0.32975
6.22713 0.760837 0.32975
5.95488 0.773941 0.32975
5.69473 0.784128 0.32975
5.45558 0.793123 0.32975
5.25417 0.804277 0.32975
5.05887 0.813021 0.32975
5.0044 0.844479 0.32975
5.01355 0.887452 0.32975
5.00563 0.927261 0.32975
4.98171 0.963671 0.32975
4.9702 1.00255 0.32975
4.21297 0.869211 0.32975
4.00396 0.853709 0.32975
3.90225 0.861242 0.32975
3.79295 0.865063 0.32975
3.69834 0.870926 0.32975
3.59907 0.873869 0.32975
3.50866 0.87763 0.32975
3.4376 0.88556 0.32975
3.34847 0.886763 0.32975
3.27482 0.891292 0.32975
3.19465 0.892441 0.32975
3.12607 0.896069 0.32975
3.05669 0.898243 0.32975
2.98465 0.898274 0.32975
2.91375 0.897461 0.32975
2.88241 0.910189 0.32975
2.82116 0.910972 0.32975
2.76753 0.913688 0.32975
2.69642 0.908421 0.32975
2.65422 0.913848 0.32975
2.61303 0.918999 0.32975
2.57191 0.923503 0.32975
2.51079 0.918411 0.32975
2.48631 0.928913 0.32975
2.42466 0.92173 0.32975
2.39036 0.92646 0.32975
2.34985 0.927593 0.32975
2.31036 0.928538 0.32975
2.27456 0.93068 0.32975
2.22734 0.926268 0.32975
2.20065 0.931901 0.32975
2.16785 0.9338 0.32975
2.13252 0.933743 0.32975
2.10168 0.935605 0.32975
2.07613 0.94 0.32975
2.04115 0.938439 0.32975
2.02347 0.94664 0.32975
1.9836 0.94102 0.32975
1.95837 0.943786 0.32975
1.92056 0.938125 0.32975
1.90309 0.944949 0.32975
1.86644 0.938845 0.32975
1.84327 0.941122 0.32975
1.81852 0.941934 0.32975
1.79223 0.941239 0.32975
1.77012 0.943062 0.32975
1.75214 0.94751 0.32975
1.39173 0.698322 0.32975
1.34167 0.673431 0.32975
1.3191 0.66842 0.32975
1.30536 0.66984 0.32975
1.29635 0.674806 0.32975
1.22515 0.62932 0.32975
1.18799 0.609999 0.32975
1.18953 0.622218 0.32975
1.17419 0.620223 0.32975
1.1378 0.599638 0.32975
1.07862 0.557926 0.32975
1.0767 0.566084 0.32975
1.05257 0.553984 0.32975
1.04771 0.559239 0.32975
1.04281 0.564451 0.32975
1.0321 0.564063 0.32975
1.02502 0.567036 0.32975
1.01015 0.56215 0.32975
0.99541 0.557049 0.32975
0.981498 0.552453 0.32975
0.977345 0.557813 0.32975
0.975867 0.566068 0.32975
0.964826 0.564017 0.32975
0.957878 0.566276 0.32975
0.937676 0.553478 0.32975
0.941356 0.567542 0.32975
0.927942 0.56194 0.32975
0.913378 0.554616 0.32975
0.909157 0.559428 0.32975
0.902369 0.561099 0.32975
0.893721 0.560347 0.32975
0.881426 0.55476 0.32975
0.877177 0.559314 0.32975
0.870474 0.560642 0.32975
0.864971 0.563504 0.32975
0.855923 0.561458 0.32975
0.845782 0.557669 0.32975
0.836311 0.554566 0.32975
0.823527 0.546396 0.32975
0.82937 0.565404 0.32975
0.813934 0.552866 0.32975
0.806372 0.551845 0.32975
0.802618 0.556638 0.32975
0.791918 0.550383 0.32975
0.786057 0.551658 0.32975
0.78329 0.558016 0.32975
0.77384 0.553166 0.32975
0.765 0.54906 0.32975
0.757734 0.547454 0.32975
0.755854 0.555384 0.32975
0.747179 0.551018 0.32975
0.737664 0.544779 0.32975
0.735208 0.551721 0.32975
0.730836 0.555097 0.32975
0.718842 0.543225 0.32975
0.718913 0.555455 0.32975
0.704585 0.537941 0.32975
0.706642 0.55466 0.32975
0.700548 0.554166 0.32975
0.696516 0.558176 0.32975
0.689243 0.554821 0.32975
0.68322 0.554144 0.32975
0.678375 0.556175 0.32975
0.67164 0.553529 0.32975
0.662403 0.544294 0.32975
0.658004 0.547078 0.32975
0.656373 0.55732 0.32975
0.64945 0.553479 0.32975
0.644278 0.554273 0.32975
0.640411 0.558801 0.32975
0.631402 0.548131 0.32975
0.631247 0.563977 0.32975
0.625116 0.561739 0.32975
0.616991 0.552744 0.32975
0.616137 0.567621 0.32975
0.604838 0.546958 0.32975
0.601929 0.555051 0.32975
0.59475 0.54768 0.32975
0.590967 0.552812 0.32975
0.583718 0.544336 0.32975
0.580597 0.552306 0.32975
0.577797 0.562212 0.32975
0.569639 0.548678 0.32975
0.569005 0.569282 0.32975
0.563434 0.567376 0.32975
0.558478 0.568362 0.32975
0.55315 0.567338 0.32975
0.549237 0.574143 0.32975
0.544388 0.575991 0.32975
0.538419 0.570884 0.32975
0.534468 0.578574 0.32975
0.529834 0.582278 0.32975
0.522139 0.563141 0.32975
0.517466 0.565751 0.32975
0.5123 0.564349 0.32975
0.506954 0.56091 0.32975
0.50292 0.570362 0.32975
0.498725 0.579785 0.32975
0.493742 0.581203 0.32975
0.48818 0.574597 0.32975
0.482431 0.562948 0.32975
0.478146 0.575211 0.32975
0.473081 0.574453 0.32975
0.467997 0.572651 0.32975
0.462816 0.565806 0.32975
0.457878 0.565914 0.32975
0.453044 0.577978 0.32975
0.448 0.575 0.32975
0.443061 0.565978 0.32975
0.437843 0.581911 0.32975
0.432896 0.576802 0.32975
0.428142 0.568653 0.32975
0.422875 0.575452 0.32975
0.417645 0.579205 0.32975
0.412714 0.576922 0.32975
0.407471 0.579585 0.32975
0.403749 0.562261 0.32975
0.398583 0.564842 0.32975
0.392314 0.578325 0.32975
0.386119 0.588757 0.32975
0.38155 0.583227 0.32975
0.37695 0.578654 0.32975
0.370729 0.586935 0.32975
0.365192 0.58921 0.32975
0.360054 0.588464 0.32975
0.353827 0.594588 0.32975
0.351117 0.57895 0.32975
0.343985 0.5899 0.32975
0.340663 0.579137 0.32975
0.33237 0.594866 0.32975
0.32818 0.588935 0.32975
0.321798 0.593736 0.32975
0.315755 0.596517 0.32975
0.310105 0.597289 0.32975
0.306299 0.590229 0.32975
0.301396 0.587999 0.32975
0.294016 0.595411 0.32975
0.286238 0.603704 0.32975
0.282579 0.596487 0.32975
0.276002 0.599827 0.32975
0.275035 0.583921 0.32975
0.268484 0.587171 0.32975
0.258255 0.601795 0.32975
0.253319 0.599166 0.32975
0.24905 0.594599 0.32975
0.241915 0.598513 0.32975
0.237368 0.594807 0.32975
0.229107 0.601403 0.32975
0.197602 0.669721 0.32975
0.099308 0.908374 0.32975
0.0470477 1.01788 0.32975
0.0378059 1.01527 0.32975
0.0255177 1.01996 0.32975
0.00764622 1.03741 0.32975
-0.00138993 1.03353 0.32975
-0.00591828 1.01952 0.32975
-0.0272386 1.04282 0.32975
-0.0287135 1.02232 0.32975
-0.0509624 1.0461 0.32975
-0.0543733 1.03002 0.32975
-0.0660198 1.03096 0.32975
-0.0858927 1.04782 0.32975
-0.0867047 1.02716 0.32975
-0.0970563 1.0251 0.32975
-0.11123 1.02997 0.32975
-0.123591 1.03118 0.32975
-0.143893 1.04617 0.32975
-0.148 1.0323 0.32975
-0.156986 1.02706 0.32975
-0.178801 1.04317 0.32975
-0.196763 1.05216 0.32975
-0.203801 1.0431 0.32975
-0.220938 1.05002 0.32975
-0.239879 1.05924 0.32975
-0.240266 1.03986 0.32975
-0.252669 1.03878 0.32975
-0.26284 1.03428 0.32975
-0.282163 1.04278 0.32975
-0.292396 1.038 0.32975
-0.311418 1.04525 0.32975
-0.324675 1.04421 0.32975
-0.341581 1.04781 0.32975
-0.355565 1.04723 0.32975
-0.378217 1.05751 0.32975
-0.382435 1.044 0.32975
-0.397177 1.04371 0.32975
-0.425336 1.05944 0.32975
-0.426834 1.04259 0.32975
-0.439146 1.03871 0.32975
-0.46261 1.04754 0.32975
-0.479668 1.04854 0.32975
-0.492797 1.04486 0.32975
-0.511338 1.04693 0.32975
-0.530667 1.04949 0.32975
-0.559063 1.06122 0.32975
-0.562728 1.04664 0.32975
-0.578131 1.0442 0.32975
-0.603468 1.05147 0.32975
