-2.5466 -2.9946 0.32975
-3.47499 -3.99206 0.32975
-3.58588 -4.17721 0.32975
0.448 0 0.32975
0.448 0 0.32975
0.445973 -0.00221183 0.32975
-3.93548 -4.86834 0.32975
-3.93921 -4.95884 0.32975
-3.92529 -5.03089 0.32975
-3.96695 -5.16924 0.32975
-4.20193 -5.54157 0.32975
-4.24181 -5.68919 0.32975
-4.29393 -5.85579 0.32975
-4.33727 -6.01591 0.32975
-4.34369 -6.13309 0.32975
-4.50671 -6.4571 0.32975
-4.63252 -6.74208 0.32975
-4.72993 -6.99757 0.32975
-4.79504 -7.21643 0.32975
-4.95138 -7.56965 0.32975
-5.14208 -7.98346 0.32975
-5.21436 -8.23879 0.32975
-5.60358 -8.97184 0.32975
-5.70058 -9.28949 0.32975
-5.64923 -9.38892 0.32975
-5.56008 -9.4308 0.32975
-5.46749 -9.46676 0.32975
-5.37577 -9.50353 0.32975
-5.36214 -9.6697 0.32975
-5.75057 -10.5231 0.32975
-6.155 -11.4367 0.32975
-6.95805 -13.0901 0.32975
-6.86632 -13.1954 0.32975
-6.44169 -12.6892 0.32975
-6.26497 -12.6253 0.32975
-6.4713 -13.2919 0.32975
-8.53647 -17.633 0.32975
-8.37913 -17.7045 0.32975
-8.2221 -17.7763 0.32975
-8.06191 -17.8414 0.32975
-7.90547 -17.9141 0.32975
-7.74261 -17.9726 0.32975
-7.58017 -18.0316 0.32975
-7.4245 -18.1055 0.32975
-7.26308 -18.1662 0.32975
-7.09813 -18.218 0.32975
-6.94561 -18.2998 0.32975
-6.78747 -18.3683 0.32975
-4.6781 -13.3539 0.32975
-4.65312 -13.6436 0.32975
-4.72198 -14.2044 0.32975
-4.20293 -13.1338 0.32975
-3.4917 -11.4417 0.32975
-3.07091 -10.5169 0.32975
-2.97035 -10.5206 0.32975
-2.88502 -10.571 0.32975
-2.79616 -10.6112 0.32975
-2.69236 -10.6017 0.32975
-2.57326 -10.5364 0.32975
-2.1982 -9.54187 0.32975
-1.95332 -8.96186 0.32975
-1.72079 -8.38609 0.32975
-1.54229 -7.98262 0.32975
-1.35887 -7.52614 0.32975
-1.21596 -7.20742 0.32975
-1.08656 -6.92194 0.32975
-0.951037 -6.58196 0.32975
-0.844502 -6.35285 0.32975
-0.735779 -6.09001 0.32975
-0.289143 -3.97727 0.32975
-0.238431 -3.89295 0.32975
-0.181986 -3.76465 0.32975
-0.122673 -3.60309 0.32975
-0.0739151 -3.49221 0.32975
-0.0315908 -3.41246 0.32975
-0.00453438 -3.43734 0.32975
0.024748 -3.44711 0.32975
0.0551849 -3.44769 0.32975
0.084868 -3.45497 0.32975
0.11369 -3.47194 0.32975
0.143216 -3.48369 0.32975
0.172687 -3.49818 0.32975
0.202876 -3.50544 0.32975
0.232376 -3.52541 0.32975
0.262835 -3.53315 0.32975
0.292628 -3.55861 0.32975
0.323863 -3.55483 0.32975
0.354574 -3.56778 0.32975
0.38545 -3.58345 0.32975
0.416698 -3.58686 0.32975
0.448 -3.603 0.32975
0.479634 -3.62486 0.32975
0.51137 -3.63045 0.32975
0.546922 -3.77771 0.32975
0.590669 -4.08551 0.32975
0.626971 -4.09909 0.32975
0.663677 -4.11535 0.32975
0.700985 -4.13627 0.32975
0.738814 -4.15884 0.32975
0.775802 -4.16512 0.32975
0.813357 -4.17605 0.32975
0.85199 -4.1956 0.32975
0.891514 -4.21976 0.32975
0.930472 -4.2346 0.32975
0.969479 -4.2471 0.32975
1.00965 -4.26619 0.32975
1.05118 -4.29182 0.32975
1.0926 -4.3131 0.32975
1.13131 -4.31422 0.32975
1.17305 -4.33275 0.32975
1.21535 -4.35187 0.32975
1.25877 -4.3745 0.32975
1.30053 -4.38591 0.32975
1.34615 -4.41456 0.32975
1.39026 -4.43297 0.32975
1.43237 -4.44019 0.32975
1.48187 -4.47821 0.32975
1.52208 -4.47387 0.32975
1.56955 -4.49829 0.32975
1.61928 -4.52899 0.32975
1.66652 -4.54758 0.32975
1.71311 -4.56183 0.32975
1.76389 -4.58906 0.32975
1.81355 -4.61001 0.32975
1.86308 -4.62852 0.32975
1.91424 -4.65032 0.32975
1.9628 -4.66208 0.32975
2.01707 -4.68946 0.32975
2.069 -4.70774 0.32975
2.12671 -4.74054 0.32975
2.18067 -4.76048 0.32975
2.23126 -4.76954 0.32975
2.29252 -4.80514 0.32975
2.35087 -4.83073 0.32975
2.40644 -4.84732 0.32975
2.46972 -4.88086 0.32975
2.53216 -4.90997 0.32975
2.58809 -4.92186 0.32975
2.65333 -4.95324 0.32975
0.929044 -1.05556 0.32975
0.935279 -1.04497 0.32975
0.925006 -1.00006 0.32975
0.922756 -0.973394 0.32975
0.923201 -0.953105 0.32975
0.911978 -0.910609 0.32975
0.915751 -0.898542 0.32975
0.914185 -0.876767 0.32975
0.913707 -0.857726 0.32975
0.910024 -0.833513 0.32975
0.908416 -0.813783 0.32975
0.912 -0.803672 0.32975
0.904277 -0.774605 0.32975
0.905869 -0.762022 0.32975
0.904141 -0.744355 0.32975
0.90479 -0.731017 0.32975
0.90363 -0.715196 0.32975
0.896238 -0.690226 0.32975
0.900588 -0.683786 0.32975
0.899269 -0.669033 0.32975
0.896027 -0.651884 0.32975
0.89711 -0.641396 0.32975
0.882947 -0.609773 0.32975
0.897068 -0.618089 0.32975
0.898876 -0.609324 0.32975
0.883112 -0.577413 0.32975
0.888134 -0.573595 0.32975
0.890661 -0.56658 0.32975
0.89372 -0.560347 0.32975
0.886636 -0.541671 0.32975
0.880533 -0.524705 0.32975
0.885738 -0.521676 0.32975
0.879233 -0.50491 0.32975
0.884935 -0.502637 0.32975
0.886654 -0.495809 0.32975
0.882935 -0.483044 0.32975
0.879702 -0.47112 0.32975
0.887889 -0.471723 0.32975
0.88304 -0.458437 0.32975
0.887719 -0.455342 0.32975
0.879059 -0.438649 0.32975
0.883578 -0.435578 0.32975
0.881656 -0.426153 0.32975
0.879604 -0.416795 0.32975
0.877422 -0.407506 0.32975
0.882424 -0.405107 0.32975
0.873409 -0.389816 0.32975
0.877538 -0.386757 0.32975
0.877901 -0.380344 0.32975
0.881958 -0.377234 0.32975
0.880671 -0.369536 0.32975
0.874687 -0.358033 0.32975
0.879338 -0.355568 0.32975
0.862219 -0.335428 0.32975
0.878434 -0.342383 0.32975
0.879042 -0.336767 0.32975
0.883551 -0.33421 0.32975
0.873673 -0.320767 0.32975
0.866006 -0.309308 0.32975
0.892959 -0.323282 0.32975
0.887622 -0.31358 0.32975
0.872321 -0.297113 0.32975
0.879018 -0.29623 0.32975
0.878271 -0.290221 0.32975
0.880787 -0.286455 0.32975
0.885786 -0.284302 0.32975
0.876443 -0.272948 0.32975
0.872872 -0.26549 0.32975
0.876025 -0.262294 0.32975
0.884298 -0.262154 0.32975
0.8814 -0.255292 0.32975
0.883611 -0.2515 0.32975
0.877085 -0.242765 0.32975
0.874814 -0.236587 0.32975
0.879499 -0.234285 0.32975
0.871815 -0.225346 0.32975
0.868443 -0.218869 0.32975
0.876574 -0.218369 0.32975
0.878463 -0.214621 0.32975
0.874927 -0.208226 0.32975
0.875825 -0.204062 0.32975
0.876684 -0.199898 0.32975
0.879322 -0.196565 0.32975
0.870058 -0.187912 0.32975
0.879935 -0.187811 0.32975
0.870512 -0.179346 0.32975
0.882223 -0.179861 0.32975
0.886558 -0.177189 0.32975
0.895531 -0.176287 0.32975
0.91479 -0.179184 0.32975
0.921956 -0.177205 0.32975
1.00994 -0.204528 0.32975
1.12105 -0.238338 0.32975
1.13823 -0.237665 0.32975
1.0426 -0.19895 0.32975
0.986298 -0.174904 0.32975
0.962053 -0.16208 0.32975
0.951973 -0.15408 0.32975
0.936998 -0.144848 0.32975
0.939205 -0.140851 0.32975
0.935597 -0.135223 0.32975
0.942554 -0.132515 0.32975
0.943692 -0.128195 0.32975
0.941881 -0.123138 0.32975
0.962384 -0.123493 0.32975
0.951749 -0.1163 0.32975
0.962508 -0.114064 0.32975
0.960549 -0.108946 0.32975
0.9654 -0.105266 0.32975
0.938814 -0.0954046 0.32975
0.94356 -0.0918467 0.32975
0.938434 -0.0864768 0.32975
0.938184 -0.0820287 0.32975
0.945795 -0.078843 0.32975
0.959321 -0.0764175 0.32975
0.968881 -0.073205 0.32975
0.963551 -0.0678736 0.32975
1.00482 -0.0683687 0.32975
1.03421 -0.0667899 0.32975
1.03775 -0.0619854 0.32975
1.03628 -0.0566448 0.32975
1.04273 -0.052032 0.32975
1.03518 -0.0462124 0.32975
1.04255 -0.0415749 0.32975
1.05586 -0.0371786 0.32975
1.05317 -0.0317156 0.32975
1.04943 -0.0262589 0.32975
1.06362 -0.0214981 0.32975
1.06879 -0.0162559 0.32975
1.04991 -0.0105064 0.32975
1.06198 -0.00535806 0.32975
1.065 0 0.32975
1.06398 0.00537552 0.32975
1.05691 0.0106285 0.32975
1.06179 0.0160727 0.32975
1.07961 0.0220565 0.32975
1.0744 0.0273493 0.32975
1.07414 0.0328146 0.32975
1.07982 0.0386437 0.32975
1.09043 0.0449232 0.32975
1.08005 0.0497431 0.32975
1.07361 0.0547338 0.32975
1.10994 0.0637374 0.32975
1.43954 0.104215 0.32975
1.46939 0.116373 0.32975
1.47231 0.125769 0.32975
1.48109 0.136008 0.32975
1.48283 0.145436 0.32975
1.48152 0.154461 0.32975
1.49594 0.165977 0.32975
1.49839 0.175776 0.32975
1.48697 0.183199 0.32975
1.49222 0.193534 0.32975
1.49834 0.204165 0.32975
1.51318 0.216713 0.32975
1.52005 0.227871 0.32975
1.53169 0.240248 0.32975
1.51299 0.245871 0.32975
1.53608 0.261225 0.32975
1.5454 0.273614 0.32975
1.54491 0.283681 0.32975
1.54529 0.294018 0.32975
1.54558 0.304384 0.32975
1.56306 0.319739 0.32975
1.55927 0.329174 0.32975
1.5707 0.343244 0.32975
1.57339 0.354833 0.32975
1.58071 0.368039 0.32975
1.58599 0.380766 0.32975
1.5883 0.392635 0.32975
1.59142 0.404908 0.32975
1.60194 0.420001 0.32975
1.60854 0.433907 0.32975
1.61031 0.446168 0.32975
1.62312 0.462891 0.32975
1.6246 0.475376 0.32975
1.63426 0.491365 0.32975
1.63453 0.503652 0.32975
1.65485 0.524754 0.32975
1.65388 0.536892 0.32975
1.65643 0.550713 0.32975
1.65792 0.564195 0.32975
1.68183 0.588508 0.32975
1.67575 0.598815 0.32975
1.67943 0.613968 0.32975
1.68204 0.628777 0.32975
1.69869 0.651065 0.32975
1.7062 0.668997 0.32975
1.71525 0.688063 0.32975
1.72669 0.708792 0.32975
1.72655 0.72337 0.32975
1.72019 0.7345 0.32975
1.73872 0.760293 0.32975
1.75518 0.785433 0.32975
1.76789 0.808828 0.32975
1.77095 0.826674 0.32975
1.78056 0.848933 0.32975
1.7731 0.86053 0.32975
1.76554 0.87206 0.32975
1.7612 0.885762 0.32975
1.77237 0.910215 0.32975
1.78568 0.93665 0.32975
1.78803 0.955837 0.32975
1.79582 0.97925 0.32975
1.80973 1.00763 0.32975
1.82165 1.03512 0.32975
1.8332 1.0629 0.32975
1.84751 1.09341 0.32975
1.86296 1.12551 0.32975
1.87251 1.15354 0.32975
1.88939 1.18819 0.32975
1.89353 1.21294 0.32975
1.92775 1.26383 0.32975
1.931 1.28916 0.32975
1.94366 1.32325 0.32975
1.95361 1.35566 0.32975
1.97785 1.40185 0.32975
1.99189 1.4397 0.32975
2.00756 1.47996 0.32975
2.04134 1.53867 0.32975
2.06066 1.58476 0.32975
2.07717 1.62917 0.32975
2.10355 1.6847 0.32975
2.10198 1.71275 0.32975
2.12965 1.77209 0.32975
2.15504 1.83058 0.32975
2.17751 1.88743 0.32975
2.2038 1.95001 0.32975
2.23442 2.01918 0.32975
2.2456 2.0679 0.32975
2.2749 2.13902 0.32975
2.31144 2.22076 0.32975
2.34288 2.29867 0.32975
2.3819 2.38817 0.32975
2.41577 2.47382 0.32975
2.45506 2.56891 0.32975
2.49648 2.66963 0.32975
2.54111 2.77765 0.32975
2.57925 2.88022 0.32975
2.63339 3.00793 0.32975
2.69009 3.1433 0.32975
2.74001 3.27333 0.32975
2.80652 3.43166 0.32975
2.87713 3.60134 0.32975
2.95435 3.78668 0.32975
3.02578 3.96943 0.32975
3.11086 4.17985 0.32975
3.21153 4.42257 0.32975
3.31652 4.68099 0.32975
3.44655 4.99043 0.32975
3.56276 5.28782 0.32975
3.7095 5.64908 0.32975
3.8211 5.96194 0.32975
4.21836 6.80192 0.32975
4.32062 7.13248 0.32975
4.54179 7.6993 0.32975
4.90018 8.55256 0.32975
5.22353 9.3725 0.32975
5.68458 10.5029 0.32975
6.33138 12.0627 0.32975
7.03181 13.8032 0.32975
7.80536 15.7779 0.32975
6.20685 12.6366 0.32975
6.11466 12.7275 0.32975
5.97546 12.7123 0.32975
5.85142 12.7297 0.32975
5.77342 12.8567 0.32975
5.67676 12.9416 0.32975
0.448 0 0.32975
0.448 0 0.32975
13.7051 35.4577 0.32975
13.3579 35.4696 0.32975
0.448 0 0.32975
0.448 0 0.32975
0.448 0 0.32975
7.04057 20.2898 0.32975
6.25403 18.4144 0.32975
5.52591 16.6091 0.32975
4.89341 15.0074 0.32975
4.46404 14.0056 0.32975
4.12092 13.2441 0.32975
3.68505 12.0808 0.32975
3.45607 11.6313 0.32975
3.09777 10.6276 0.32975
2.87233 10.0981 0.32975
2.65882 9.57611 0.32975
2.46435 9.09517 0.32975
2.28802 8.65661 0.32975
2.13087 8.27154 0.32975
1.99851 7.9767 0.32975
1.91099 7.89357 0.32975
1.75731 7.42545 0.32975
1.62017 7.0046 0.32975
1.52568 6.80418 0.32975
1.42916 6.56509 0.32975
1.34247 6.36445 0.32975
1.25922 6.16183 0.32975
1.18068 5.96719 0.32975
1.10673 5.78159 0.32975
1.03953 5.628 0.32975
0.974193 5.46473 0.32975
0.913935 5.32566 0.32975
0.85536 5.17599 0.32975
0.80013 5.0357 0.32975
0.748114 4.90683 0.32975
0.698899 4.78743 0.32975
0.651703 4.66556 0.32975
0.607038 4.55422 0.32975
0.564539 4.45047 0.32975
0.524127 4.36134 0.32975
0.485001 4.23984 0.32975
0.448 4.223 0.32975
0.411009 4.23884 0.32975
0.373461 4.27035 0.32975
0.336774 4.24754 0.32975
0.299293 4.2584 0.32975
0.261179 4.27892 0.32975
0.223375 4.28612 0.32975
0.183782 4.31993 0.32975
0.145187 4.33043 0.32975
0.106467 4.33958 0.32975
0.116023 3.79451 0.32975
0.125095 3.35349 0.32975
0.100756 3.3038 0.32975
0.0756746 3.26786 0.32975
0.0533872 3.21386 0.32975
0.032927 3.15279 0.32975
0.0133629 3.09261 0.32975
-0.00651331 3.04122 0.32975
-0.0295937 3.01541 0.32975
-0.0456579 2.94998 0.32975
-0.0623523 2.89435 0.32975
-0.0801188 2.84947 0.32975
-0.0979046 2.80844 0.32975
-0.119401 2.78887 0.32975
-0.133529 2.73588 0.32975
-0.147858 2.68774 0.32975
-0.163866 2.65029 0.32975
-0.183703 2.63123 0.32975
-0.192367 2.56837 0.32975
-0.206744 2.53171 0.32975
-0.221824 2.49982 0.32975
-0.238536 2.47557 0.32975
-0.247709 2.42622 0.32975
-0.263174 2.40088 0.32975
-0.273281 2.3592 0.32975
-0.290834 2.34328 0.32975
-0.305383 2.31868 0.32975
-0.315752 2.28262 0.32975
-0.322295 2.2371 0.32975
-0.333776 2.20767 0.32975
-0.351301 2.19606 0.32975
-0.360279 2.16184 0.32975
-0.368362 2.1267 0.32975
-0.381026 2.1046 0.32975
-0.396738 2.0908 0.32975
-0.406532 2.06302 0.32975
-0.415515 2.03432 0.32975
-0.42526 2.00836 0.32975
-0.437466 1.98879 0.32975
-0.442761 1.9546 0.32975
-0.452177 1.93044 0.32975
-0.459948 1.90355 0.32975
-0.469949 1.88207 0.32975
-0.481876 1.86504 0.32975
-0.488582 1.83815 0.32975
-0.506896 1.83434 0.32975
-0.513008 1.80739 0.32975
-0.516815 1.77697 0.32975
-0.524528 1.75449 0.32975
-0.53537 1.7381 0.32975
-0.5435 1.71733 0.32975
-0.548805 1.69224 0.32975
-0.559929 1.67748 0.32975
-0.566692 1.65583 0.32975
-0.575274 1.63758 0.32975
-0.580928 1.61509 0.32975
-0.588992 1.59683 0.32975
-0.603992 1.58939 0.32975
-0.609993 1.56854 0.32975
-0.609481 1.53864 0.32975
-0.622867 1.52936 0.32975
-0.623397 1.50204 0.32975
-0.632937 1.48778 0.32975
-0.640526 1.47106 0.32975
-0.661145 1.47189 0.32975
-0.663598 1.44866 0.32975
-0.663884 1.42315 0.32975
-0.689334 1.42982 0.32975
-0.68163 1.39498 0.32975
-0.688036 1.37812 0.32975
-0.696162 1.36356 0.32975
-0.698276 1.34212 0.32975
-0.702727 1.32376 0.32975
-0.715561 1.31517 0.32975
-0.722309 1.29976 0.32975
-0.734958 1.29097 0.32975
-0.719581 1.25208 0.32975
-0.730463 1.24184 0.32975
-0.737087 1.22719 0.32975
-0.740041 1.20896 0.32975
-0.759738 1.20774 0.32975
