-2.09617 -2.54417 0.32975
-2.58063 -3.08195 0.32975
-2.55292 -3.10755 0.32975
-2.52982 -3.13797 0.32975
-2.50505 -3.16676 0.32975
-2.48136 -3.19683 0.32975
-2.45603 -3.22525 0.32975
-2.33567 -3.14636 0.32975
-2.17361 -3.01582 0.32975
-2.01471 -2.88346 0.32975
-1.88468 -2.77998 0.32975
-1.75092 -2.66751 0.32975
-1.6382 -2.57624 0.32975
-1.54031 -2.49965 0.32975
-1.44147 -2.41841 0.32975
-1.3515 -2.34515 0.32975
-1.26777 -2.27691 0.32975
-1.18955 -2.21302 0.32975
-1.12726 -2.16817 0.32975
-1.0595 -2.11344 0.32975
-0.995692 -2.06181 0.32975
-0.933465 -2.01004 0.32975
-0.868899 -1.95238 0.32975
-0.828078 -1.92794 0.32975
-0.771447 -1.87778 0.32975
-0.727074 -1.8445 0.32975
-0.683378 -1.81058 0.32975
-0.628347 -1.75644 0.32975
-0.584136 -1.71776 0.32975
-0.545253 -1.68621 0.32975
-0.51 -1.6593 0.32975
-0.476279 -1.63366 0.32975
-0.444534 -1.61017 0.32975
-0.411363 -1.58275 0.32975
-0.381556 -1.56017 0.32975
-0.349902 -1.53275 0.32975
-0.320606 -1.50847 0.32975
-0.298043 -1.49633 0.32975
-0.272682 -1.47762 0.32975
-0.239526 -1.44143 0.32975
-0.209594 -1.41021 0.32975
-0.188554 -1.39679 0.32975
-0.163732 -1.37397 0.32975
-0.143345 -1.36 0.32975
-0.121686 -1.3421 0.32975
-0.100003 -1.323 0.32975
-0.0805699 -1.30826 0.32975
-0.0676671 -1.3091 0.32975
-0.048698 -1.29394 0.32975
-0.0303834 -1.27949 0.32975
-0.0130431 -1.26671 0.32975
0.0103792 -1.2358 0.32975
0.0221569 -1.23674 0.32975
0.0453403 -1.20342 0.32975
0.0527672 -1.2164 0.32975
0.0742227 -1.18547 0.32975
0.0904293 -1.16956 0.32975
0.104341 -1.16017 0.32975
0.118338 -1.14967 0.32975
0.132926 -1.13612 0.32975
0.143888 -1.13496 0.32975
0.157059 -1.12499 0.32975
0.168822 -1.11972 0.32975
0.18374 -1.10072 0.32975
0.193805 -1.10104 0.32975
0.207103 -1.08662 0.32975
0.220545 -1.07009 0.32975
0.232683 -1.05832 0.32975
0.244788 -1.04543 0.32975
0.256835 -1.03143 0.32975
0.266538 -1.02912 0.32975
0.277836 -1.01686 0.32975
0.289375 -1.00152 0.32975
0.298565 -0.999895 0.32975
0.307713 -0.99819 0.32975
0.319171 -0.978556 0.32975
0.328202 -0.975673 0.32975
0.338419 -0.961778 0.32975
0.347548 -0.955736 0.32975
0.3557 -0.958567 0.32975
0.365986 -0.937419 0.32975
0.375268 -0.924142 0.32975
0.383406 -0.923744 0.32975
0.39208 -0.914292 0.32975
0.400584 -0.904758 0.32975
0.408961 -0.894148 0.32975
0.416556 -0.900451 0.32975
0.424572 -0.894693 0.32975
0.432397 -0.893864 0.32975
0.440356 -0.875967 0.32975
0.448 -0.868 0.32975
0.45547 -0.855967 0.32975
0.463096 -0.864868 0.32975
0.470041 -0.841711 0.32975
0.477036 -0.831493 0.32975
0.484248 -0.830209 0.32975
0.490968 -0.819875 0.32975
0.497877 -0.815476 0.32975
0.504084 -0.802042 0.32975
0.51061 -0.79554 0.32975
0.517725 -0.796956 0.32975
0.52391 -0.788354 0.32975
0.531727 -0.796612 0.32975
0.536638 -0.777967 0.32975
0.542692 -0.771208 0.32975
0.549027 -0.767378 0.32975
0.556973 -0.77538 0.32975
0.560631 -0.75363 0.32975
0.568142 -0.758545 0.32975
0.573106 -0.747605 0.32975
0.577542 -0.734667 0.32975
0.582854 -0.727609 0.32975
0.58958 -0.728367 0.32975
0.59613 -0.728084 0.32975
0.601647 -0.722851 0.32975
0.607732 -0.720506 0.32975
0.613564 -0.717136 0.32975
0.615614 -0.698162 0.32975
0.620732 -0.692791 0.32975
0.630026 -0.703843 0.32975
0.632279 -0.687739 0.32975
0.636136 -0.678396 0.32975
0.642876 -0.679612 0.32975
0.646811 -0.671174 0.32975
0.652953 -0.67037 0.32975
0.661501 -0.677139 0.32975
0.679145 -0.71139 0.32975
0.686613 -0.713139 0.32975
0.69999 -0.731831 0.32975
0.715713 -0.755998 0.32975
0.728456 -0.770548 0.32975
0.746727 -0.798981 0.32975
0.768381 -0.834621 0.32975
0.78115 -0.84575 0.32975
0.804251 -0.881752 0.32975
0.815759 -0.887848 0.32975
0.841857 -0.927869 0.32975
0.860307 -0.94824 0.32975
0.883208 -0.977494 0.32975
0.905821 -1.0046 0.32975
0.934011 -1.04225 0.32975
0.956003 -1.06505 0.32975
0.975799 -1.08215 0.32975
0.983884 -1.07482 0.32975
0.990519 -1.06475 0.32975
0.998866 -1.0582 0.32975
1.01465 -1.06572 0.32975
1.02679 -1.06601 0.32975
1.0608 -1.10552 0.32975
1.14724 -1.23591 0.32975
1.09 -1.11198 0.32975
1.01594 -0.964163 0.32975
1.01351 -0.94117 0.32975
1.03895 -0.964336 0.32975
1.10404 -1.04988 0.32975
1.29156 -1.32412 0.32975
1.34393 -1.37961 0.32975
0.449656 -0.00250166 0.32975
0.449678 -0.00248711 0.32975
0.449699 -0.00247238 0.32975
0.449721 -0.00245746 0.32975
0.449742 -0.00244235 0.32975
0.449763 -0.00242705 0.32975
0.449784 -0.00241157 0.32975
0.449805 -0.00239591 0.32975
1.11459 -0.868722 0.32975
1.12892 -0.87154 0.32975
1.16389 -0.899999 0.32975
1.23276 -0.969101 0.32975
1.24246 -0.963759 0.32975
1.25213 -0.958322 0.32975
0.449948 -0.00228122 0.32975
0.449968 -0.00226413 0.32975
0.449988 -0.00224687 0.32975
0.450007 -0.00222943 0.32975
0.450027 -0.00221183 0.32975
0.450046 -0.00219406 0.32975
1.21139 -0.80444 0.32975
1.21629 -0.79559 0.32975
1.2162 -0.781722 0.32975
0.450121 -0.00212132 0.32975
0.45014 -0.00210273 0.32975
0.450158 -0.00208398 0.32975
0.450176 -0.00206506 0.32975
0.450194 -0.002046 0.32975
0.448 0 0.32975
0.448 0 0.32975
0.448 0 0.32975
0.450264 -0.00196818 0.32975
0.448 0 0.32975
1.29754 -0.712851 0.32975
1.30682 -0.707955 0.32975
1.33783 -0.720572 0.32975
0.448 0 0.32975
0.448 0 0.32975
0.448 0 0.32975
0.448 0 0.32975
0.448 0 0.32975
0.448 0 0.32975
0.448 0 0.32975
21.9663 -15.0673 0.32975
22.1522 -14.9169 0.32975
1.38564 -0.632447 0.32975
1.40363 -0.63252 0.32975
1.4217 -0.632326 0.32975
0.448 0 0.32975
19.4909 -11.8993 0.32975
19.652 -11.7682 0.32975
18.6337 -10.927 0.32975
18.7714 -10.7933 0.32975
0.450598 -0.0015 0.32975
1.56989 -0.634734 0.32975
1.57276 -0.623465 0.32975
1.56849 -0.608377 0.32975
1.48723 -0.552568 0.32975
1.50798 -0.55179 0.32975
1.58582 -0.579746 0.32975
1.59531 -0.572026 0.32975
1.64699 -0.584787 0.32975
16.3326 -7.57656 0.32975
15.2163 -6.88657 0.32975
15.3104 -6.77318 0.32975
15.41 -6.66153 0.32975
0.448 0 0.32975
1.58758 -0.483725 0.32975
1.601 -0.477589 0.32975
1.62274 -0.474627 0.32975
14.5783 -5.56605 0.32975
14.6898 -5.4669 0.32975
13.6485 -4.93547 0.32975
13.5699 -4.77597 0.32975
13.5894 -4.6536 0.32975
13.7288 -4.57293 0.32975
13.8269 -4.47653 0.32975
1.68437 -0.401722 0.32975
1.69737 -0.393925 0.32975
0.448 0 0.32975
12.7372 -3.64023 0.32975
12.7916 -3.53946 0.32975
12.9463 -3.46608 0.32975
0.448 0 0.32975
0.448 0 0.32975
11.8005 -2.83049 0.32975
1.79668 -0.323789 0.32975
1.78386 -0.308408 0.32975
11.898 -2.5384 0.32975
11.9999 -2.45544 0.32975
12.0993 -2.37049 0.32975
12.093 -2.26357 0.32975
11.9826 -2.1378 0.32975
11.9053 -2.02022 0.32975
1.88403 -0.240309 0.32975
1.88805 -0.228082 0.32975
0.448 0 0.32975
11.4736 -1.54955 0.32975
11.4094 -1.4431 0.32975
11.2995 -1.3324 0.32975
11.1984 -1.22486 0.32975
2.01437 -0.164633 0.32975
1.9829 -0.147794 0.32975
2.1246 -0.146683 0.32975
2.15971 -0.134714 0.32975
2.15782 -0.119563 0.32975
2.16479 -0.105004 0.32975
2.16065 -0.0897561 0.32975
2.10342 -0.0722773 0.32975
2.09799 -0.0576191 0.32975
10.4566 -0.262085 0.32975
10.3705 -0.173199 0.32975
10.3096 -0.0860606 0.32975
2.181 0 0.32975
2.16593 0.0149921 0.32975
10.0915 0.168328 0.32975
10.0387 0.251143 0.32975
9.9552 0.331999 0.32975
2.28625 0.0802597 0.32975
2.28648 0.0963504 0.32975
9.75661 0.569338 0.32975
9.7014 0.647062 0.32975
9.63559 0.723079 0.32975
2.38361 0.169344 0.32975
9.41254 0.863186 0.32975
9.43152 0.944205 0.32975
9.3504 1.0143 0.32975
2.4847 0.250076 0.32975
9.17866 1.14941 0.32975
2.58203 0.299918 0.32975
2.60702 0.322668 0.32975
2.57153 0.336334 0.32975
2.76478 0.387697 0.32975
2.75737 0.407205 0.32975
2.65737 0.409483 0.32975
8.86545 1.63619 0.32975
8.83224 1.70579 0.32975
2.77599 0.49483 0.32975
2.88288 0.5398 0.32975
2.90828 0.568001 0.32975
2.88379 0.58478 0.32975
8.52765 2.01448 0.32975
2.97874 0.654493 0.32975
3.00287 0.684576 0.32975
3.08835 0.732233 0.32975
3.09531 0.759106 0.32975
3.18831 0.811716 0.32975
3.17347 0.833259 0.32975
3.28722 0.895201 0.32975
3.2793 0.919943 0.32975
3.36694 0.976664 0.32975
3.38005 1.00959 0.32975
3.46068 1.06685 0.32975
3.54899 1.12867 0.32975
3.56525 1.16549 0.32975
3.65578 1.23135 0.32975
3.78262 1.31354 0.32975
3.80719 1.3572 0.32975
3.87467 1.41937 0.32975
3.9763 1.49767 0.32975
4.05388 1.56788 0.32975
4.15699 1.65135 0.32975
4.28349 1.74793 0.32975
4.37684 1.83205 0.32975
4.46721 1.91707 0.32975
4.56987 2.01037 0.32975
4.74637 2.14309 0.32975
4.85848 2.24725 0.32975
5.02232 2.38124 0.32975
5.17707 2.51449 0.32975
5.36498 2.6697 0.32975
5.57677 2.84292 0.32975
5.76152 3.00625 0.32975
6.01481 3.214 0.32975
6.2752 3.43248 0.32975
6.35731 3.55067 0.32975
6.31246 3.59374 0.32975
6.28851 3.64955 0.32975
6.2421 3.69125 0.32975
6.20128 3.73622 0.32975
6.15428 3.7769 0.32975
6.11696 3.82376 0.32975
6.14189 3.9133 0.32975
6.62031 4.3219 0.32975
7.37124 4.9383 0.32975
8.18948 5.62452 0.32975
9.09107 6.39553 0.32975
9.11 6.52729 0.32975
8.58225 6.24163 0.32975
8.32732 6.156 0.32975
8.65756 6.53018 0.32975
12.5202 9.77586 0.32975
12.4398 9.88529 0.32975
12.3447 9.98249 0.32975
5.23095 4.08503 0.32975
5.15361 4.09053 0.32975
5.08553 4.10294 0.32975
5.02652 4.12251 0.32975
4.98226 4.15488 0.32975
4.94071 4.18952 0.32975
4.91993 4.24371 0.32975
4.91438 4.31313 0.32975
11.559 10.9188 0.32975
11.4612 11.0132 0.32975
11.3682 11.1124 0.32975
11.2958 11.2332 0.32975
11.1987 11.3289 0.32975
11.109 11.4325 0.32975
7.62817 7.83578 0.32975
7.24904 7.55332 0.32975
7.24449 7.68204 0.32975
7.64956 8.28445 0.32975
7.51529 8.27474 0.32975
7.07064 7.89256 0.32975
6.69747 7.58121 0.32975
6.34599 7.28341 0.32975
6.02698 7.01373 0.32975
5.75131 6.78792 0.32975
5.47454 6.55072 0.32975
5.24146 6.36113 0.32975
4.9746 6.11735 0.32975
4.79644 5.98511 0.32975
4.57622 5.78755 0.32975
4.47049 5.74471 0.32975
4.4406 5.80927 0.32975
4.39031 5.84471 0.32975
4.35571 5.90391 0.32975
4.31221 5.95037 0.32975
4.26981 5.99904 0.32975
4.21679 6.03132 0.32975
4.08355 5.93267 0.32975
3.9312 5.79702 0.32975
3.81653 5.71863 0.32975
3.688 5.61185 0.32975
3.56406 5.50761 0.32975
3.42958 5.37891 0.32975
3.3038 5.25972 0.32975
3.19863 5.17319 0.32975
3.09336 5.08169 0.32975
2.99943 5.00746 0.32975
2.90566 4.9293 0.32975
2.81871 4.86068 0.32975
2.72583 4.77558 0.32975
2.63167 4.68289 0.32975
2.56128 4.63716 0.32975
2.49795 4.60427 0.32975
2.40945 4.51102 0.32975
2.32234 4.41566 0.32975
2.29139 4.45033 0.32975
2.20903 4.35869 0.32975
2.13207 4.27527 0.32975
2.09183 4.28233 0.32975
2.01763 4.19816 0.32975
1.94502 4.11303 0.32975
1.90941 4.12688 0.32975
1.83394 4.02507 0.32975
1.79908 4.03796 0.32975
1.7298 3.94498 0.32975
1.70465 3.98558 0.32975
1.62187 3.83956 0.32975
2.82777 8.03395 0.32975
1.53015 3.77391 0.32975
1.49584 3.77839 0.32975
1.43824 3.69563 0.32975
1.40195 3.68864 0.32975
1.35013 3.61823 0.32975
1.30941 3.58805 0.32975
1.2666 3.54573 0.32975
1.22956 3.5254 0.32975
1.20314 3.55263 0.32975
1.14659 3.43366 0.32975
1.11927 3.45336 0.32975
1.09147 3.47187 0.32975
1.03962 3.35524 0.32975
1.01527 3.38986 0.32975
0.967519 3.28011 0.32975
0.936658 3.26969 0.32975
0.913256 3.31047 0.32975
0.871166 3.21426 0.32975
0.840907 3.19997 0.32975
0.815684 3.22712 0.32975
0.775279 3.11385 0.32975
0.748764 3.12355 0.32975
0.724197 3.15694 0.32975
0.689497 3.06851 0.32975
0.660059 3.03259 0.32975
0.632855 3.02235 0.32975
0.984025 10.228 0.32975
0.576198 2.9362 0.32975
0.550919 2.9472 0.32975
0.526531 2.99897 0.32975
0.501841 3.08453 0.32975
0.473237 2.89189 0.32975
0.448 2.859 0.32975
0.422528 2.91889 0.32975
0.25433 11.0953 0.32975
0.375307 2.77605 0.32975
0.351119 2.77431 0.32975
-0.0497399 11.4001 0.32975
-0.150565 11.4213 0.32975
0.283108 2.69596 0.32975
0.259239 2.69941 0.32975
-0.490922 11.9301 0.32975
-0.611118 12.1058 0.32975
0.190941 2.66965 0.32975
0.171522 2.63051 0.32975
0.144842 2.66079 0.32975
-1.08914 12.519 0.32975
-1.22326 12.6945 0.32975
0.0904647 2.544 0.32975
0.0682781 2.54078 0.32975
-1.63852 13.1738 0.32975
-1.80408 13.4579 0.32975
-0.00591667 2.57429 0.32975
-0.00813572 2.46109 0.32975
-0.0303582 2.46094 0.32975
-0.0695591 2.54388 0.32975
-2.60227 14.3504 0.32975
0.447351 0.00292889 0.32975
-0.104479 2.39305 0.32975
-0.122073 2.37453 0.32975
-3.41162 15.4801 0.32975
-3.57436 15.5533 0.32975
-0.230883 2.53362 0.32975
0.447198 0.00289089 0.32975
-0.204709 2.27627 0.32975
-0.232501 2.29733 0.32975
-4.68751 16.7975 0.32975
-0.324814 2.45105 0.32975
0.447073 0.00285317 0.32975
0.447048 0.00284497 0.32975
-0.314156 2.21346 0.32975
0.446999 0.00282792 0.32975
0.446974 0.00281908 0.32975
-0.435573 2.36322 0.32975
0.448 0 0.32975
-0.393853 2.13717 0.32975
-0.415468 2.13716 0.32975
0.448 0 0.32975
0.446828 0.00276151 0.32975
0.448 0 0.32975
0.448 0 0.32975
-0.492939 2.0647 0.32975
-0.503314 2.0401 0.32975
0.446708 0.00270776 0.32975
0.446685 0.00269638 0.32975
-0.592533 2.08699 0.32975
-0.602534 2.06179 0.32975
-0.592781 1.99932 0.32975
-0.594696 1.96103 0.32975
0.446569 0.00263645 0.32975
0.446546 0.00262386 0.32975
0.448 0 0.32975
0.448 0 0.32975
0.446477 0.00258489 0.32975
-0.688174 1.89091 0.32975
-0.734937 1.93038 0.32975
0.44641 0.00254414 0.32975
0.446388 0.00253017 0.32975
0.446366 0.00251601 0.32975
0.446344 0.00250166 0.32975
-0.767686 1.80233 0.32975
-0.786199 1.79577 0.32975
0.446279 0.00245746 0.32975
0.446258 0.00244235 0.32975
-0.923891 1.88825 0.32975
-0.945075 1.88263 0.32975
-0.941591 1.84405 0.32975
-0.873012 1.72158 0.32975
-0.948935 1.788 0.32975
-1.01553 1.83991 0.32975
-1.02587 1.82008 0.32975
-1.03979 1.80483 0.32975
-1.04648 1.78105 0.32975
-0.980136 1.67213 0.32975
-0.985489 1.64904 0.32975
-1.09524 1.74432 0.32975
-1.1104 1.73078 0.32975
0.445973 0.00221183 0.32975
0.445954 0.00219406 0.32975
0.445935 0.00217612 0.32975
-1.09136 1.59406 0.32975
-1.08769 1.56273 0.32975
0.448 0 0.32975
