-0.64943 -1.09743 0.32975
-0.62369 -1.09056 0.32975
-0.614133 -1.09987 0.32975
-0.586597 -1.09024 0.32975
-0.586591 -1.10946 0.32975
-0.564034 -1.10444 0.32975
-0.528931 -1.08499 0.32975
-0.508823 -1.08149 0.32975
-0.50591 -1.09735 0.32975
-0.482659 -1.08966 0.32975
-0.460902 -1.08319 0.32975
-0.448234 -1.08722 0.32975
-0.439342 -1.09578 0.32975
-0.435348 -1.11052 0.32975
-0.43609 -1.13158 0.32975
-0.408527 -1.11625 0.32975
-0.398152 -1.12288 0.32975
-0.382967 -1.12299 0.32975
-0.379014 -1.13829 0.32975
-0.364984 -1.13976 0.32975
-0.347551 -1.13616 0.32975
-0.344969 -1.15378 0.32975
-0.331515 -1.15568 0.32975
-0.308154 -1.14242 0.32975
-0.295977 -1.14562 0.32975
-0.285951 -1.15207 0.32975
-0.2764 -1.15928 0.32975
-0.26103 -1.15703 0.32975
-0.249877 -1.16146 0.32975
-0.236162 -1.16148 0.32975
-0.2235 -1.16307 0.32975
-0.213325 -1.16889 0.32975
-0.212795 -1.19211 0.32975
-0.190438 -1.17586 0.32975
-0.184378 -1.18933 0.32975
-0.170281 -1.18771 0.32975
-0.155807 -1.18504 0.32975
-0.13875 -1.17684 0.32975
-0.135472 -1.19629 0.32975
-0.121997 -1.19502 0.32975
-0.114505 -1.2063 0.32975
-0.0977363 -1.19751 0.32975
-0.0856384 -1.19857 0.32975
-0.073165 -1.1986 0.32975
-0.0646393 -1.2077 0.32975
-0.0602035 -1.22691 0.32975
-0.0397378 -1.20719 0.32975
-0.028818 -1.21047 0.32975
-0.0185951 -1.21552 0.32975
-0.0121726 -1.23079 0.32975
0.00268979 -1.22348 0.32975
0.0137172 -1.22638 0.32975
0.0263893 -1.22445 0.32975
0.0323309 -1.2423 0.32975
0.0416426 -1.25064 0.32975
0.0567818 -1.24079 0.32975
0.0685015 -1.24128 0.32975
0.0793482 -1.24455 0.32975
0.087742 -1.25637 0.32975
0.10059 -1.25272 0.32975
0.112829 -1.25087 0.32975
0.122256 -1.25956 0.32975
0.135437 -1.25362 0.32975
0.145688 -1.25922 0.32975
0.157813 -1.25694 0.32975
0.166412 -1.27016 0.32975
0.180002 -1.26083 0.32975
0.187426 -1.28076 0.32975
0.199757 -1.2771 0.32975
0.210911 -1.27921 0.32975
0.221563 -1.28419 0.32975
0.231128 -1.29598 0.32975
0.244009 -1.28795 0.32975
0.254517 -1.29462 0.32975
0.263039 -1.31607 0.32975
0.277533 -1.29483 0.32975
0.289448 -1.2913 0.32975
0.299591 -1.30257 0.32975
0.310545 -1.3078 0.32975
0.322059 -1.30795 0.32975
0.33278 -1.31697 0.32975
0.34514 -1.30696 0.32975
0.355642 -1.32077 0.32975
0.366683 -1.32952 0.32975
0.378341 -1.32918 0.32975
0.390161 -1.32474 0.32975
0.401654 -1.32719 0.32975
0.413158 -1.33054 0.32975
0.424718 -1.3338 0.32975
0.436402 -1.32895 0.32975
0.448 -1.336 0.32975
0.459912 -1.36495 0.32975
0.471788 -1.36279 0.32975
0.483862 -1.36953 0.32975
0.495254 -1.35318 0.32975
0.507104 -1.35371 0.32975
0.519282 -1.36013 0.32975
0.532064 -1.37443 0.32975
0.543776 -1.36966 0.32975
0.555489 -1.36578 0.32975
0.568014 -1.37176 0.32975
0.579692 -1.36767 0.32975
0.592458 -1.37443 0.32975
0.605692 -1.38405 0.32975
0.617642 -1.38162 0.32975
0.630867 -1.38901 0.32975
0.642146 -1.38142 0.32975
0.655229 -1.3866 0.32975
0.670763 -1.40647 0.32975
0.679232 -1.38179 0.32975
0.696491 -1.40926 0.32975
0.707321 -1.39917 0.32975
0.720857 -1.40373 0.32975
0.733694 -1.40423 0.32975
0.748017 -1.41147 0.32975
0.763785 -1.42442 0.32975
0.778903 -1.4333 0.32975
0.790931 -1.42841 0.32975
0.802416 -1.42148 0.32975
0.819063 -1.43479 0.32975
0.833382 -1.43826 0.32975
0.849659 -1.44834 0.32975
0.860078 -1.43709 0.32975
0.874591 -1.44015 0.32975
0.889774 -1.44498 0.32975
0.904772 -1.4487 0.32975
0.915543 -1.43895 0.32975
0.936649 -1.46042 0.32975
0.954258 -1.47028 0.32975
0.968739 -1.47052 0.32975
0.981209 -1.46498 0.32975
1.00238 -1.48275 0.32975
1.01494 -1.47692 0.32975
1.03843 -1.4989 0.32975
1.04774 -1.48442 0.32975
1.06221 -1.48283 0.32975
1.08059 -1.4903 0.32975
1.09916 -1.49756 0.32975
1.11708 -1.50278 0.32975
1.13432 -1.50599 0.32975
1.15462 -1.51535 0.32975
1.17255 -1.51905 0.32975
1.18622 -1.51357 0.32975
1.20832 -1.52497 0.32975
1.22977 -1.53431 0.32975
1.24867 -1.53808 0.32975
1.26723 -1.54074 0.32975
1.28875 -1.54848 0.32975
1.3003 -1.53758 0.32975
1.32845 -1.5562 0.32975
1.353 -1.56751 0.32975
1.37578 -1.57506 0.32975
1.39464 -1.57547 0.32975
1.41828 -1.58335 0.32975
1.44001 -1.58755 0.32975
1.46135 -1.59064 0.32975
1.48554 -1.59767 0.32975
1.51103 -1.60606 0.32975
1.52333 -1.59424 0.32975
1.54739 -1.59963 0.32975
1.57565 -1.61045 0.32975
1.60011 -1.61521 0.32975
1.62886 -1.62532 0.32975
1.65727 -1.63424 0.32975
1.68593 -1.64279 0.32975
1.71788 -1.65494 0.32975
1.74274 -1.65719 0.32975
1.77271 -1.66539 0.32975
1.81174 -1.68408 0.32975
1.82638 -1.67211 0.32975
1.86213 -1.6853 0.32975
1.90471 -1.70559 0.32975
1.93594 -1.71168 0.32975
1.96076 -1.70987 0.32975
1.99838 -1.72187 0.32975
2.04037 -1.73776 0.32975
2.08207 -1.75232 0.32975
2.10831 -1.7496 0.32975
2.14436 -1.75663 0.32975
2.18836 -1.771 0.32975
2.23062 -1.78262 0.32975
2.26893 -1.78942 0.32975
2.31181 -1.79986 0.32975
2.37314 -1.82689 0.32975
2.4051 -1.82503 0.32975
2.45192 -1.83625 0.32975
2.508 -1.85483 0.32975
2.55856 -1.86726 0.32975
2.61854 -1.88683 0.32975
2.6547 -1.8847 0.32975
2.72775 -1.91294 0.32975
2.78062 -1.92286 0.32975
2.84394 -1.94019 0.32975
2.90539 -1.9547 0.32975
2.96963 -1.97012 0.32975
3.03989 -1.98882 0.32975
3.11784 -2.01187 0.32975
3.18433 -2.02478 0.32975
3.27147 -2.05137 0.32975
3.33811 -2.0615 0.32975
3.43217 -2.08954 0.32975
3.52281 -2.11326 0.32975
3.61078 -2.13332 0.32975
3.69932 -2.152 0.32975
3.80184 -2.17801 0.32975
3.91771 -2.21045 0.32975
4.02252 -2.23361 0.32975
4.12288 -2.25197 0.32975
4.25382 -2.28677 0.32975
4.37186 -2.31133 0.32975
4.52698 -2.355 0.32975
4.67271 -2.39022 0.32975
4.79399 -2.40902 0.32975
5.10134 -2.52656 0.32975
5.28744 -2.57317 0.32975
5.53146 -2.64628 0.32975
5.69603 -2.674 0.32975
5.85072 -2.6937 0.32975
6.0376 -2.72623 0.32975
6.30488 -2.79359 0.32975
6.53748 -2.83957 0.32975
7.10255 -3.03265 0.32975
7.36537 -3.07981 0.32975
7.62583 -3.12101 0.32975
8.00258 -3.20673 0.32975
8.47744 -3.3259 0.32975
8.98829 -3.4505 0.32975
9.59307 -3.60234 0.32975
10.1628 -3.72918 0.32975
11.1804 -4.01268 0.32975
11.9442 -4.18427 0.32975
12.9719 -4.43496 0.32975
14.2043 -4.73669 0.32975
15.7501 -5.12003 0.32975
17.626 -5.58147 0.32975
0.448 0 0.32975
0.448 0 0.32975
0.448 0 0.32975
34.8227 -9.85679 0.32975
34.919 -9.55966 0.32975
35.0001 -9.25821 0.32975
35.0728 -8.95459 0.32975
35.1691 -8.65693 0.32975
35.2112 -8.34591 0.32975
35.2788 -8.04132 0.32975
35.3535 -7.73836 0.32975
35.4334 -7.43638 0.32975
0.448 0 0.32975
0.448 0 0.32975
19.6313 -3.55541 0.32975
17.4399 -2.99613 0.32975
15.4297 -2.50707 0.32975
13.7423 -2.10561 0.32975
12.7345 -1.83624 0.32975
11.7866 -1.59353 0.32975
10.8195 -1.36543 0.32975
10.3655 -1.21772 0.32975
9.37425 -1.01702 0.32975
8.87061 -0.885253 0.32975
8.37932 -0.763698 0.32975
7.94437 -0.655847 0.32975
7.55901 -0.559649 0.32975
7.19054 -0.471485 0.32975
6.88098 -0.393459 0.32975
6.60455 -0.322651 0.32975
6.47526 -0.263156 0.32975
6.28944 -0.203988 0.32975
0.450999 -7.85311e-05 0.32975
5.59422 -0.0898282 0.32975
5.46581 -0.0437895 0.32975
5.301 0 0.32975
5.12882 0.0408487 0.32975
4.96631 0.078867 0.32975
4.8175 0.11442 0.32975
4.7084 0.148777 0.32975
4.57407 0.180148 0.32975
4.4545 0.209972 0.32975
4.33773 0.237906 0.32975
4.23376 0.264726 0.32975
4.13659 0.290299 0.32975
4.04127 0.314371 0.32975
3.9508 0.337281 0.32975
3.85623 0.358219 0.32975
3.78243 0.37991 0.32975
3.68668 0.39766 0.32975
3.62657 0.418467 0.32975
3.54655 0.435472 0.32975
3.48329 0.453627 0.32975
3.41403 0.469773 0.32975
3.33486 0.483094 0.32975
3.28326 0.499933 0.32975
3.208 0.511535 0.32975
3.15925 0.527014 0.32975
3.09968 0.53949 0.32975
3.04987 0.553045 0.32975
2.99027 0.563609 0.32975
2.96675 0.581498 0.32975
2.8974 0.588049 0.32975
2.85724 0.600692 0.32975
2.8248 0.614683 0.32975
2.77202 0.622718 0.32975
2.71542 0.628812 0.32975
2.68293 0.640857 0.32975
2.6389 0.648975 0.32975
2.61212 0.661637 0.32975
2.5786 0.671777 0.32975
2.58122 0.693125 0.32975
2.57699 0.712349 0.32975
2.60662 0.743272 0.32975
2.62267 0.770092 0.32975
2.60553 0.785278 0.32975
2.59017 0.800924 0.32975
2.57563 0.816721 0.32975
2.60285 0.848817 0.32975
2.58794 0.864592 0.32975
2.62466 0.901602 0.32975
2.62776 0.925251 0.32975
2.61593 0.942643 0.32975
2.63411 0.973321 0.32975
2.65011 1.00356 0.32975
2.64942 1.02654 0.32975
2.66565 1.05777 0.32975
2.67701 1.08716 0.32975
2.68176 1.11371 0.32975
2.68354 1.13906 0.32975
2.6948 1.16961 0.32975
2.70128 1.19809 0.32975
2.71007 1.22821 0.32975
2.71589 1.25711 0.32975
2.71876 1.28473 0.32975
2.72911 1.317 0.32975
2.73821 1.34904 0.32975
2.75892 1.38854 0.32975
2.76548 1.42015 0.32975
2.77928 1.45675 0.32975
2.77998 1.48563 0.32975
2.79544 1.52444 0.32975
2.05907 1.06634 0.32975
1.77197 0.893031 0.32975
1.72045 0.874531 0.32975
1.69557 0.873557 0.32975
1.66103 0.865247 0.32975
1.6502 0.873449 0.32975
1.64977 0.88926 0.32975
1.63158 0.89189 0.32975
1.60868 0.890618 0.32975
1.60322 0.90256 0.32975
1.58669 0.905759 0.32975
1.57098 0.909368 0.32975
1.56145 0.917861 0.32975
1.5511 0.925614 0.32975
1.53614 0.92936 0.32975
1.5061 0.919795 0.32975
1.49204 0.923692 0.32975
1.48469 0.933437 0.32975
1.46839 0.935017 0.32975
1.45361 0.937748 0.32975
1.44176 0.943046 0.32975
1.42558 0.944041 0.32975
1.41445 0.949732 0.32975
1.41886 0.970858 0.32975
1.38441 0.952903 0.32975
1.38093 0.966073 0.32975
1.37315 0.974903 0.32975
1.35847 0.976357 0.32975
1.3391 0.972469 0.32975
1.33326 0.983181 0.32975
1.31471 0.979634 0.32975
1.29694 0.976594 0.32975
1.28449 0.979403 0.32975
1.27141 0.981303 0.32975
1.25582 0.979963 0.32975
1.24661 0.986198 0.32975
1.23548 0.989999 0.32975
1.22743 0.997622 0.32975
1.21747 1.0028 0.32975
1.2117 1.01347 0.32975
1.19034 1.00321 0.32975
1.17333 0.998327 0.32975
1.1611 0.999734 0.32975
1.16038 1.01739 0.32975
1.14808 1.01862 0.32975
1.14643 1.03547 0.32975
1.12081 1.01651 0.32975
1.11137 1.0215 0.32975
1.09706 1.01882 0.32975
1.08602 1.02105 0.32975
1.07552 1.02402 0.32975
1.07583 1.04489 0.32975
1.06364 1.04516 0.32975
1.0395 1.02451 0.32975
1.03201 1.03224 0.32975
1.02832 1.04692 0.32975
1.02584 1.06425 0.32975
0.999629 1.03746 0.32975
0.995172 1.05111 0.32975
0.984163 1.05228 0.32975
0.971836 1.05065 0.32975
0.963525 1.05698 0.32975
0.951267 1.05512 0.32975
0.939505 1.05404 0.32975
0.940241 1.08012 0.32975
0.922662 1.06611 0.32975
0.908555 1.0592 0.32975
0.900857 1.06687 0.32975
0.893444 1.0754 0.32975
0.88629 1.08481 0.32975
0.871309 1.07463 0.32975
0.86084 1.07548 0.32975
0.852489 1.08186 0.32975
0.841665 1.08159 0.32975
0.83121 1.08215 0.32975
0.822403 1.08735 0.32975
0.815756 1.09911 0.32975
0.806769 1.10418 0.32975
0.798623 1.11203 0.32975
0.781011 1.08923 0.32975
0.777458 1.11223 0.32975
0.76581 1.10833 0.32975
0.752652 1.09854 0.32975
0.744865 1.10792 0.32975
0.734435 1.10756 0.32975
0.724759 1.11002 0.32975
0.714128 1.1085 0.32975
0.705119 1.11371 0.32975
0.695174 1.11493 0.32975
0.689801 1.13759 0.32975
0.676476 1.12299 0.32975
0.665904 1.12102 0.32975
0.657024 1.12779 0.32975
0.648737 1.13844 0.32975
0.636815 1.12831 0.32975
0.628213 1.13782 0.32975
0.61739 1.13341 0.32975
0.60791 1.13782 0.32975
0.597975 1.13917 0.32975
0.588272 1.14242 0.32975
0.578071 1.14161 0.32975
0.568835 1.14967 0.32975
0.558606 1.14869 0.32975
0.548142 1.14463 0.32975
0.538542 1.15044 0.32975
0.529894 1.17114 0.32975
0.519427 1.16782 0.32975
0.508919 1.1624 0.32975
0.498599 1.1589 0.32975
0.488902 1.17129 0.32975
0.478575 1.1676 0.32975
0.468524 1.17582 0.32975
0.458271 1.17696 0.32975
0.448 1.173 0.32975
0.437546 1.19795 0.32975
0.427493 1.17482 0.32975
0.417085 1.1806 0.32975
0.406016 1.20227 0.32975
0.39618 1.18687 0.32975
0.385825 1.18637 0.32975
0.375047 1.19277 0.32975
0.364432 1.19508 0.32975
0.35377 1.1973 0.32975
0.343064 1.19942 0.32975
0.32963 1.22931 0.32975
0.319848 1.21928 0.32975
0.307854 1.23004 0.32975
0.298832 1.21488 0.32975
0.287192 1.22146 0.32975
0.276121 1.22298 0.32975
0.260726 1.25308 0.32975
0.251675 1.23955 0.32975
0.24202 1.23088 0.32975
0.23094 1.23101 0.32975
0.219294 1.23398 0.32975
0.206627 1.24176 0.32975
0.195401 1.24156 0.32975
0.18021 1.25985 0.32975
0.167711 1.2643 0.32975
0.158038 1.25596 0.32975
0.144988 1.26214 0.32975
0.130357 1.274 0.32975
0.123007 1.25666 0.32975
0.107394 1.27116 0.32975
0.0971159 1.26525 0.32975
0.0825049 1.27463 0.32975
0.0682715 1.28194 0.32975
0.0579763 1.27571 0.32975
0.0438516 1.2818 0.32975
0.0295912 1.28773 0.32975
0.016466 1.28972 0.32975
0.00132023 1.29725 0.32975
-0.0106508 1.29519 0.32975
-0.0274081 1.30617 0.32975
-0.0398389 1.30478 0.32975
-0.0583739 1.31915 0.32975
-0.0680337 1.31003 0.32975
-0.0884365 1.32773 0.32975
-0.103447 1.33131 0.32975
-0.113871 1.32369 0.32975
-0.127395 1.32332 0.32975
-0.145429 1.33286 0.32975
-0.166576 1.34856 0.32975
-0.175362 1.3368 0.32975
-0.196045 1.35027 0.32975
-0.210872 1.35089 0.32975
-0.228882 1.35762 0.32975
-0.244335 1.35879 0.32975
-0.256628 1.35358 0.32975
-0.277333 1.36415 0.32975
-0.295413 1.3692 0.32975
-0.309273 1.36616 0.32975
-0.330029 1.37516 0.32975
-0.35 1.38218 0.32975
-0.375735 1.39842 0.32975
-0.379666 1.37747 0.32975
-0.402628 1.3881 0.32975
-0.431666 1.40776 0.32975
-0.442305 1.3975 0.32975
-0.470806 1.41484 0.32975
-0.480358 1.4026 0.32975
-0.503187 1.41019 0.32975
-0.526785 1.41832 0.32975
-0.548876 1.42369 0.32975
-0.572876 1.43122 0.32975
-0.601196 1.4441 0.32975
-0.62506 1.45016 0.32975
-0.649109 1.45591 0.32975
-0.673947 1.46215 0.32975
-0.695899 1.46412 0.32975
-0.727308 1.47756 0.32975
-0.752744 1.48279 0.32975
-0.768182 1.47535 0.32975
-0.79708 1.48383 0.32975
-0.841804 1.51017 0.32975
-0.849029 1.49206 0.32975
-0.885191 1.5069 0.32975
-0.919034 1.51825 0.32975
-0.934257 1.50847 0.32975
-0.933728 1.48172 0.32975
-0.946607 1.46961 0.32975
-0.964241 1.46242 0.32975
-0.954519 1.42721 0.32975
-0.952778 1.40078 0.32975
