-2.20082 -2.64882 0.32975
-2.1762 -2.67041 0.32975
-2.16808 -2.70903 0.32975
-2.14641 -2.73394 0.32975
-2.13473 -2.76964 0.32975
-2.10843 -2.78986 0.32975
-2.09001 -2.81875 0.32975
-2.07393 -2.85053 0.32975
-2.0588 -2.88375 0.32975
-2.04068 -2.91388 0.32975
-2.02288 -2.94467 0.32975
-2.00535 -2.97616 0.32975
-1.98873 -3.00911 0.32975
-1.96798 -3.0373 0.32975
-1.95616 -3.07718 0.32975
-1.93895 -3.11074 0.32975
-1.91593 -3.13704 0.32975
-1.92951 -3.21302 0.32975
-2.13649 -3.55725 0.32975
-2.12045 -3.60083 0.32975
-2.11417 -3.65915 0.32975
-2.07874 -3.67643 0.32975
-2.06278 -3.72238 0.32975
-2.0451 -3.76666 0.32975
-2.03011 -3.81595 0.32975
-1.99833 -3.83996 0.32975
-1.98486 -3.89339 0.32975
-1.96176 -3.93238 0.32975
-1.9392 -3.97297 0.32975
-1.91561 -4.01261 0.32975
-1.895 -4.05819 0.32975
-1.86935 -4.09589 0.32975
-1.84903 -4.14395 0.32975
-1.82852 -4.19284 0.32975
-1.8003 -4.22844 0.32975
-1.78178 -4.28338 0.32975
-1.76611 -4.34544 0.32975
-1.73123 -4.37086 0.32975
-1.71142 -4.42746 0.32975
-1.68346 -4.4687 0.32975
-1.65833 -4.51704 0.32975
-1.6321 -4.56437 0.32975
-1.60602 -4.6134 0.32975
-1.58044 -4.66508 0.32975
-1.55919 -4.72863 0.32975
-1.53736 -4.79309 0.32975
-1.50782 -4.84083 0.32975
-1.4798 -4.894 0.32975
-1.44884 -4.94144 0.32975
-1.41545 -4.98403 0.32975
-1.39138 -5.05367 0.32975
-1.36557 -5.12137 0.32975
-1.33188 -5.16915 0.32975
-1.30194 -5.23 0.32975
-1.27106 -5.29073 0.32975
-1.23746 -5.34558 0.32975
-1.20916 -5.42034 0.32975
-1.17543 -5.48061 0.32975
-1.14215 -5.54552 0.32975
-1.10492 -5.59966 0.32975
0.0595126 -1.44985 0.32975
0.0786896 -1.42802 0.32975
0.0967294 -1.40887 0.32975
0.111839 -1.40021 0.32975
0.133968 -1.36022 0.32975
0.151478 -1.33753 0.32975
0.167319 -1.3205 0.32975
0.184037 -1.29742 0.32975
0.199376 -1.27906 0.32975
0.216561 -1.24873 0.32975
0.231461 -1.22806 0.32975
0.245652 -1.20919 0.32975
0.259496 -1.19016 0.32975
0.271959 -1.17792 0.32975
0.284472 -1.16356 0.32975
0.2992 -1.13025 0.32975
0.310897 -1.11661 0.32975
0.321778 -1.10783 0.32975
0.332287 -1.10094 0.32975
0.342665 -1.09394 0.32975
0.353175 -1.08386 0.32975
0.364049 -1.0667 0.32975
0.373988 -1.05842 0.32975
0.385791 -1.0171 0.32975
0.394146 -1.02759 0.32975
0.403814 -1.01204 0.32975
0.412961 -1.00339 0.32975
0.422347 -0.979664 0.32975
0.430966 -0.975851 0.32975
0.43971 -0.949964 0.32975
0.448 -0.947 0.32975
0.456081 -0.925965 0.32975
0.464213 -0.928859 0.32975
0.471742 -0.906689 0.32975
0.480038 -0.917441 0.32975
0.48717 -0.897145 0.32975
0.494841 -0.893773 0.32975
0.501051 -0.867379 0.32975
0.508897 -0.870873 0.32975
0.514612 -0.846383 0.32975
0.522431 -0.85075 0.32975
0.52851 -0.836133 0.32975
0.534027 -0.818492 0.32975
0.539581 -0.8038 0.32975
0.546105 -0.799 0.32975
0.551768 -0.788199 0.32975
0.55739 -0.778351 0.32975
0.564622 -0.780334 0.32975
0.569862 -0.769409 0.32975
0.576737 -0.769303 0.32975
0.581883 -0.759287 0.32975
0.587046 -0.750224 0.32975
0.593587 -0.748982 0.32975
0.596529 -0.730044 0.32975
0.606844 -0.747305 0.32975
0.61336 -0.74589 0.32975
0.622337 -0.755137 0.32975
0.633122 -0.771089 0.32975
0.668875 -0.88588 0.32975
0.742447 -1.13854 0.32975
0.753924 -1.14172 0.32975
0.704816 -0.926049 0.32975
0.670439 -0.775738 0.32975
0.674076 -0.763221 0.32975
0.679558 -0.757393 0.32975
0.687963 -0.761066 0.32975
0.69305 -0.754188 0.32975
0.697402 -0.745382 0.32975
0.704548 -0.745069 0.32975
0.710038 -0.739974 0.32975
0.708619 -0.716046 0.32975
0.716259 -0.717491 0.32975
0.72466 -0.720724 0.32975
0.72764 -0.709909 0.32975
0.736822 -0.714859 0.32975
0.761035 -0.755733 0.32975
0.776605 -0.774145 0.32975
0.777367 -0.757492 0.32975
0.788032 -0.763724 0.32975
0.794269 -0.759818 0.32975
0.802154 -0.759486 0.32975
0.805755 -0.750048 0.32975
0.812286 -0.746898 0.32975
0.816559 -0.739216 0.32975
0.827536 -0.744882 0.32975
0.832637 -0.73888 0.32975
0.840478 -0.738144 0.32975
0.842133 -0.725903 0.32975
0.860573 -0.744301 0.32975
0.858681 -0.725877 0.32975
0.877 -0.74305 0.32975
0.868749 -0.714291 0.32975
0.886812 -0.730307 0.32975
0.884286 -0.711955 0.32975
0.892072 -0.710664 0.32975
0.897182 -0.705075 0.32975
0.904952 -0.703645 0.32975
0.939224 -0.742158 0.32975
1.09107 -0.953393 0.32975
1.09823 -0.946097 0.32975
1.10417 -0.93711 0.32975
1.11465 -0.934605 0.32975
1.11925 -0.923897 0.32975
1.13324 -0.926043 0.32975
1.14731 -0.928014 0.32975
1.16086 -0.929017 0.32975
1.16094 -0.912516 0.32975
1.16887 -0.90626 0.32975
1.19186 -0.918586 0.32975
1.20684 -0.920548 0.32975
1.2142 -0.913125 0.32975
1.22149 -0.905643 0.32975
1.23068 -0.900369 0.32975
1.2564 -0.913726 0.32975
1.25899 -0.900692 0.32975
1.27425 -0.90169 0.32975
1.28277 -0.895177 0.32975
1.29192 -0.889309 0.32975
1.30174 -0.884069 0.32975
1.31573 -0.883004 0.32975
1.32128 -0.873277 0.32975
1.32458 -0.861417 0.32975
1.32919 -0.850957 0.32975
1.35109 -0.857001 0.32975
1.36146 -0.851816 0.32975
1.37402 -0.848541 0.32975
1.38956 -0.847788 0.32975
1.39842 -0.840865 0.32975
1.40648 -0.833195 0.32975
1.41448 -0.825449 0.32975
1.42011 -0.815697 0.32975
1.43414 -0.812908 0.32975
1.45907 -0.818746 0.32975
1.45287 -0.799309 0.32975
1.46453 -0.794203 0.32975
1.47619 -0.788955 0.32975
1.48543 -0.781758 0.32975
1.50829 -0.784571 0.32975
1.51428 -0.774701 0.32975
1.51775 -0.763044 0.32975
1.53501 -0.761136 0.32975
1.55563 -0.76125 0.32975
1.56223 -0.751555 0.32975
1.57625 -0.746771 0.32975
1.59027 -0.741798 0.32975
1.60345 -0.7361 0.32975
1.62339 -0.734468 0.32975
1.62805 -0.723138 0.32975
1.62661 -0.708177 0.32975
1.64308 -0.703956 0.32975
1.6639 -0.702 0.32975
1.68129 -0.697764 0.32975
1.68559 -0.686006 0.32975
1.69416 -0.676611 0.32975
1.73534 -0.684489 0.32975
1.73417 -0.669536 0.32975
1.74441 -0.660556 0.32975
1.75281 -0.650556 0.32975
1.77552 -0.647474 0.32975
1.78834 -0.639309 0.32975
1.80293 -0.631814 0.32975
1.8184 -0.624528 0.32975
1.82563 -0.613359 0.32975
1.84835 -0.60889 0.32975
1.86834 -0.602898 0.32975
1.88371 -0.59469 0.32975
1.89533 -0.584761 0.32975
1.9255 -0.582004 0.32975
1.9492 -0.576256 0.32975
1.9448 -0.559631 0.32975
1.94493 -0.544838 0.32975
1.95246 -0.532756 0.32975
1.9665 -0.522862 0.32975
1.97575 -0.511178 0.32975
1.98586 -0.499681 0.32975
2.02259 -0.496465 0.32975
2.02973 -0.483583 0.32975
2.05882 -0.477146 0.32975
2.07349 -0.466103 0.32975
2.09292 -0.456176 0.32975
2.10649 -0.444392 0.32975
2.13645 -0.436663 0.32975
2.15475 -0.425541 0.32975
2.17979 -0.415766 0.32975
2.1853 -0.401088 0.32975
2.22193 -0.393271 0.32975
2.2429 -0.381518 0.32975
2.25106 -0.366837 0.32975
2.27677 -0.355477 0.32975
2.29849 -0.342967 0.32975
2.3211 -0.330279 0.32975
2.36633 -0.321018 0.32975
2.38683 -0.307081 0.32975
2.40625 -0.292663 0.32975
2.43547 -0.27932 0.32975
2.46658 -0.265751 0.32975
2.47974 -0.249467 0.32975
2.51264 -0.235236 0.32975
2.56136 -0.222123 0.32975
2.57417 -0.204726 0.32975
2.62369 -0.190348 0.32975
2.65717 -0.173865 0.32975
2.67057 -0.155418 0.32975
2.71576 -0.138703 0.32975
2.74485 -0.120373 0.32975
2.78178 -0.101895 0.32975
2.82655 -0.0830609 0.32975
2.86917 -0.0634008 0.32975
2.88863 -0.0426017 0.32975
2.93091 -0.0216679 0.32975
2.982 0 0.32975
3.0249 0.0224882 0.32975
3.0626 0.0456378 0.32975
3.10909 0.0696833 0.32975
3.15935 0.0946824 0.32975
3.21037 0.120608 0.32975
3.27712 0.148268 0.32975
3.31564 0.175392 0.32975
3.38882 0.205642 0.32975
3.43476 0.235064 0.32975
3.48938 0.266086 0.32975
3.55861 0.299518 0.32975
3.63843 0.335327 0.32975
3.69797 0.370288 0.32975
3.77799 0.408872 0.32975
3.84469 0.447183 0.32975
3.93572 0.490167 0.32975
4.01835 0.533592 0.32975
4.1143 0.580685 0.32975
4.18997 0.626191 0.32975
4.29761 0.678791 0.32975
4.40363 0.733133 0.32975
4.51292 0.790139 0.32975
4.62346 0.849507 0.32975
4.7675 0.918138 0.32975
4.89503 0.985882 0.32975
5.04313 1.06087 0.32975
5.20192 1.14131 0.32975
5.37031 1.22727 0.32975
5.54239 1.3175 0.32975
5.7461 1.41962 0.32975
5.9378 1.52246 0.32975
6.15982 1.63784 0.32975
6.40419 1.7643 0.32975
6.6592 1.89895 0.32975
6.8503 2.01864 0.32975
7.62943 2.33339 0.32975
7.74251 2.44071 0.32975
8.04146 2.61464 0.32975
8.44537 2.83202 0.32975
9.1768 3.17702 0.32975
9.62458 3.43098 0.32975
10.2833 3.77541 0.32975
11.0771 4.18691 0.32975
11.4249 4.43497 0.32975
13.2326 5.29557 0.32975
13.0433 5.34637 0.32975
15.364 6.48565 0.32975
0.448 0 0.32975
0.448 0 0.32975
0.448 0 0.32975
34.3274 16.1597 0.32975
34.1779 16.4512 0.32975
18.2993 8.90031 0.32975
33.8732 17.031 0.32975
33.7251 17.323 0.32975
33.578 17.6155 0.32975
33.4247 17.9049 0.32975
33.2821 18.2002 0.32975
33.1142 18.4816 0.32975
0.448 0 0.32975
0.448 0 0.32975
0.448 0 0.32975
0.448 0 0.32975
13.9311 8.42519 0.32975
12.5169 7.68876 0.32975
12.1164 7.57756 0.32975
10.5155 6.66354 0.32975
9.6669 6.21823 0.32975
8.99501 5.8742 0.32975
8.37985 5.55394 0.32975
7.83854 5.27162 0.32975
7.36995 5.02909 0.32975
6.98336 4.83591 0.32975
6.68934 4.70318 0.32975
6.52271 4.66129 0.32975
5.87897 4.24314 0.32975
5.68991 4.1696 0.32975
5.43184 4.03583 0.32975
5.19735 3.91506 0.32975
4.97609 3.79952 0.32975
4.78231 3.70185 0.32975
4.6057 3.61423 0.32975
4.42046 3.51454 0.32975
4.25587 3.42862 0.32975
4.11596 3.36106 0.32975
3.97386 3.28791 0.32975
3.8442 3.22288 0.32975
3.7138 3.15375 0.32975
3.58916 3.0868 0.32975
3.47371 3.02571 0.32975
3.36659 2.96997 0.32975
3.2697 2.92196 0.32975
3.16356 2.8616 0.32975
3.11461 2.85959 0.32975
3.10239 2.89676 0.32975
3.10712 2.95326 0.32975
3.06071 2.95313 0.32975
3.04468 2.98714 0.32975
3.02566 3.01805 0.32975
3.00887 3.05192 0.32975
2.9885 3.08187 0.32975
2.97976 3.12646 0.32975
2.95611 3.15313 0.32975
2.46675 2.58389 0.32975
2.29011 2.40069 0.32975
2.24321 2.38233 0.32975
2.18845 2.35209 0.32975
2.14905 2.3413 0.32975
2.09604 2.31046 0.32975
2.0609 2.30346 0.32975
2.00675 2.268 0.32975
1.95726 2.23757 0.32975
1.92057 2.22481 0.32975
1.87278 2.19396 0.32975
1.83638 2.17932 0.32975
1.80353 2.16931 0.32975
1.75843 2.13842 0.32975
1.71396 2.10692 0.32975
1.67624 2.08514 0.32975
1.6435 2.07067 0.32975
1.60963 2.05317 0.32975
1.57809 2.03874 0.32975
1.54547 2.02128 0.32975
1.52121 2.01842 0.32975
1.4777 1.97803 0.32975
1.45858 1.98338 0.32975
1.42696 1.96349 0.32975
1.40014 1.95218 0.32975
1.36241 1.91709 0.32975
1.34437 1.92228 0.32975
1.31595 1.90455 0.32975
1.28384 1.87734 0.32975
1.25666 1.8598 0.32975
1.23337 1.85021 0.32975
1.21222 1.84499 0.32975
1.1841 1.82192 0.32975
1.16121 1.81059 0.32975
1.14395 1.81301 0.32975
1.1218 1.80216 0.32975
1.09852 1.7873 0.32975
1.07422 1.7684 0.32975
1.05551 1.76434 0.32975
1.03089 1.74207 0.32975
1.01288 1.73853 0.32975
0.996487 1.73958 0.32975
0.9731 1.71752 0.32975
0.956388 1.71629 0.32975
0.934224 1.69567 0.32975
0.919408 1.69984 0.32975
0.896792 1.67492 0.32975
0.877652 1.66134 0.32975
0.863864 1.66794 0.32975
0.842523 1.64331 0.32975
0.827717 1.64474 0.32975
0.812701 1.64506 0.32975
0.793757 1.62666 0.32975
0.775163 1.60806 0.32975
0.759973 1.60496 0.32975
0.746866 1.61254 0.32975
0.729484 1.59637 0.32975
0.713892 1.58891 0.32975
0.698295 1.5803 0.32975
0.684938 1.58539 0.32975
0.668311 1.56759 0.32975
0.653709 1.56252 0.32975
0.638238 1.54936 0.32975
0.625503 1.55792 0.32975
0.609601 1.53753 0.32975
0.595794 1.5349 0.32975
0.581523 1.52617 0.32975
0.567493 1.51831 0.32975
0.553611 1.51031 0.32975
0.539634 1.4982 0.32975
0.526242 1.49295 0.32975
0.512862 1.48558 0.32975
0.499477 1.4741 0.32975
0.486585 1.47349 0.32975
0.473638 1.46878 0.32975
0.460819 1.46894 0.32975
0.448 1.454 0.32975
0.435242 1.46194 0.32975
0.422764 1.44578 0.32975
0.41041 1.43551 0.32975
0.398024 1.43113 0.32975
0.385406 1.43363 0.32975
0.37295 1.43203 0.32975
0.361921 1.40737 0.32975
0.350062 1.40058 0.32975
0.337608 1.40266 0.32975
0.326156 1.39268 0.32975
0.313912 1.39256 0.32975
0.303228 1.37741 0.32975
0.292459 1.36517 0.32975
0.27787 1.38559 0.32975
0.267352 1.37216 0.32975
0.256916 1.35964 0.32975
0.246684 1.34704 0.32975
0.235406 1.34227 0.32975
0.223535 1.34135 0.32975
0.211491 1.34131 0.32975
0.201253 1.33133 0.32975
0.19098 1.32225 0.32975
0.179252 1.32094 0.32975
0.164824 1.33224 0.32975
0.157105 1.31214 0.32975
0.149715 1.29201 0.32975
0.139619 1.2845 0.32975
0.128905 1.27982 0.32975
0.116997 1.27989 0.32975
0.10817 1.26826 0.32975
0.0968487 1.26621 0.32975
0.0860882 1.26214 0.32975
0.0730998 1.26564 0.32975
0.0649932 1.25276 0.32975
0.0537749 1.25032 0.32975
0.0450421 1.24018 0.32975
0.0339177 1.23756 0.32975
0.0224821 1.23579 0.32975
0.0123819 1.23015 0.32975
0.00474177 1.21784 0.32975
-0.0055186 1.21299 0.32975
-0.0189534 1.21646 0.32975
-0.0313835 1.21699 0.32975
-0.0404869 1.20905 0.32975
-0.0429827 1.18534 0.32975
0.0490637 0.939836 0.32975
0.0548336 0.904221 0.32975
0.0481777 0.898015 0.32975
0.0357948 0.904501 0.32975
0.0291853 0.898151 0.32975
0.0252381 0.886339 0.32975
0.0148893 0.888008 0.32975
0.00447942 0.889565 0.32975
-0.00417443 0.887443 0.32975
-0.0100545 0.879915 0.32975
-0.0256966 0.890894 0.32975
-0.0243869 0.870029 0.32975
-0.038749 0.878118 0.32975
-0.0493479 0.879059 0.32975
-0.0495001 0.861695 0.32975
-0.0366991 0.822856 0.32975
-0.0309854 0.797166 0.32975
-0.0337436 0.786134 0.32975
-0.0448248 0.788685 0.32975
-0.0484647 0.779294 0.32975
-0.0596033 0.781641 0.32975
-0.0768922 0.793025 0.32975
-0.0854702 0.790902 0.32975
-0.0923516 0.786216 0.32975
-0.100913 0.783928 0.32975
-0.111217 0.783993 0.32975
-0.108633 0.766139 0.32975
-0.193814 0.867362 0.32975
-0.319916 1.01906 0.32975
-0.187547 0.828261 0.32975
-0.100554 0.702118 0.32975
-0.105416 0.695739 0.32975
-0.113983 0.693991 0.32975
-0.117474 0.685974 0.32975
-0.136294 0.696334 0.32975
-0.124813 0.670678 0.32975
-0.145733 0.683012 0.32975
-0.145708 0.671064 0.32975
-0.161578 0.677005 0.32975
-0.165436 0.669448 0.32975
-0.174664 0.667726 0.32975
-0.187351 0.66952 0.32975
-0.19178 0.662512 0.32975
-0.194734 0.654051 0.32975
-0.186982 0.634982 0.32975
