-0.893382 -1.34138 0.32975
-0.86971 -1.34091 0.32975
-0.857958 -1.35236 0.32975
-0.84473 -1.36225 0.32975
-0.819153 -1.35886 0.32975
-0.812651 -1.37576 0.32975
-0.803944 -1.39042 0.32975
-0.776522 -1.38407 0.32975
-0.776206 -1.40829 0.32975
-0.76452 -1.41968 0.32975
-0.760441 -1.44016 0.32975
-0.738922 -1.43985 0.32975
-0.725053 -1.4486 0.32975
-0.721705 -1.47052 0.32975
-0.713753 -1.48698 0.32975
-0.68247 -1.47326 0.32975
-0.68281 -1.50064 0.32975
-0.660749 -1.49839 0.32975
-0.647044 -1.5072 0.32975
-0.633269 -1.51588 0.32975
-0.623441 -1.53018 0.32975
-0.613445 -1.54441 0.32975
-0.601046 -1.55527 0.32975
-0.581914 -1.55603 0.32975
-4.51747 -7.64616 0.32975
-4.45486 -7.69595 0.32975
-4.39175 -7.74522 0.32975
-4.33547 -7.80592 0.32975
-4.26408 -7.84222 0.32975
-4.20765 -7.90372 0.32975
-4.148 -7.96051 0.32975
-4.08624 -8.01424 0.32975
-4.02146 -8.06312 0.32975
-3.9619 -8.12203 0.32975
-3.89414 -8.16638 0.32975
-3.82595 -8.21017 0.32975
-3.76776 -8.27389 0.32975
-3.69628 -8.31215 0.32975
-3.63718 -8.37586 0.32975
-3.57297 -8.43015 0.32975
-3.51109 -8.49029 0.32975
-3.44555 -8.54363 0.32975
-3.37126 -8.57819 0.32975
-3.313 -8.64971 0.32975
-3.24363 -8.69693 0.32975
-3.1829 -8.76577 0.32975
-3.11264 -8.81288 0.32975
-1.41053 -4.71815 0.32975
-1.33094 -4.63429 0.32975
-1.24665 -4.53256 0.32975
-1.17181 -4.45038 0.32975
-1.12123 -4.43136 0.32975
-1.01901 -4.26051 0.32975
-0.922121 -4.09486 0.32975
-0.906113 -4.16753 0.32975
-0.974639 -4.51203 0.32975
-0.951584 -4.57783 0.32975
-0.861879 -4.42208 0.32975
-0.781618 -4.28819 0.32975
-0.843563 -4.65723 0.32975
-0.786826 -4.60843 0.32975
-0.673201 -4.33537 0.32975
-0.622746 -4.29453 0.32975
-0.637288 -4.52055 0.32975
-0.659209 -4.79585 0.32975
-0.621645 -4.82485 0.32975
-0.585321 -4.86139 0.32975
-0.54565 -4.88394 0.32975
-0.506617 -4.91108 0.32975
-0.468281 -4.94381 0.32975
-0.429271 -4.97525 0.32975
-0.389451 -5.00441 0.32975
-0.349972 -5.0382 0.32975
-0.31041 -5.07464 0.32975
-0.26902 -5.10186 0.32975
-0.228256 -5.13668 0.32975
-0.18633 -5.1662 0.32975
-0.143826 -5.19439 0.32975
-0.102134 -5.23417 0.32975
-0.0588328 -5.26366 0.32975
-0.0148843 -5.29079 0.32975
0.0284794 -5.33052 0.32975
0.0732682 -5.35891 0.32975
0.117544 -5.4029 0.32975
0.163554 -5.42755 0.32975
0.208747 -5.47978 0.32975
0.255913 -5.50065 0.32975
0.303032 -5.5361 0.32975
0.350668 -5.57615 0.32975
0.398713 -5.64778 0.32975
0.448 -5.667 0.32975
0.497192 -5.63679 0.32975
0.448052 -0.00299954 0.32975
0.592078 -5.50211 0.32975
0.638167 -5.44568 0.32975
0.683676 -5.39786 0.32975
0.728207 -5.34666 0.32975
0.771069 -5.28213 0.32975
0.813245 -5.22325 0.32975
0.855595 -5.17899 0.32975
0.897114 -5.13339 0.32975
0.938826 -5.09742 0.32975
0.977227 -5.03526 0.32975
1.0156 -4.98177 0.32975
1.05418 -4.93692 0.32975
1.09123 -4.88584 0.32975
1.12828 -4.84043 0.32975
1.16473 -4.79574 0.32975
1.20014 -4.74881 0.32975
1.23759 -4.71839 0.32975
1.27387 -4.68375 0.32975
1.30815 -4.64096 0.32975
1.33946 -4.58616 0.32975
1.37207 -4.54195 0.32975
1.40481 -4.50144 0.32975
1.43756 -4.46363 0.32975
1.47355 -4.44215 0.32975
1.4992 -4.37858 0.32975
1.53084 -4.34304 0.32975
1.56169 -4.30632 0.32975
1.58887 -4.2578 0.32975
1.53887 -3.93354 0.32975
1.542 -3.81525 0.32975
1.40286 -3.22355 0.32975
1.4099 -3.14624 0.32975
1.43011 -3.11484 0.32975
1.46405 -3.12707 0.32975
1.49764 -3.13705 0.32975
1.52824 -3.13723 0.32975
1.56191 -3.14559 0.32975
1.59821 -3.16019 0.32975
1.63555 -3.17626 0.32975
1.66609 -3.17324 0.32975
1.70253 -3.18482 0.32975
1.73889 -3.19508 0.32975
1.76979 -3.19108 0.32975
1.80853 -3.2052 0.32975
1.84881 -3.22163 0.32975
1.88459 -3.22664 0.32975
1.92555 -3.24219 0.32975
1.95463 -3.23099 0.32975
2.00258 -3.25924 0.32975
2.04411 -3.27251 0.32975
2.08198 -3.27725 0.32975
2.11959 -3.28069 0.32975
2.16063 -3.28992 0.32975
2.1996 -3.29428 0.32975
2.2445 -3.30875 0.32975
2.34118 -3.41539 0.32975
2.90273 -4.33872 0.32975
3.0305 -4.47302 0.32975
3.11055 -4.52011 0.32975
3.1947 -4.57127 0.32975
3.30345 -4.65968 0.32975
3.40972 -4.73974 0.32975
3.52458 -4.82926 0.32975
3.64884 -4.92887 0.32975
3.78225 -5.0375 0.32975
3.91667 -5.14252 0.32975
4.04808 -5.23815 0.32975
4.19919 -5.35725 0.32975
4.36136 -5.48632 0.32975
4.54134 -5.63399 0.32975
4.70931 -5.75883 0.32975
4.91287 -5.92508 0.32975
5.12329 -6.09295 0.32975
5.35113 -6.27572 0.32975
5.57565 -6.44634 0.32975
5.83184 -6.64848 0.32975
6.1091 -6.86746 0.32975
6.42142 -7.11885 0.32975
6.72946 -7.35465 0.32975
7.07944 -7.6286 0.32975
7.3969 -7.8543 0.32975
8.08613 -8.483 0.32975
8.42267 -8.70282 0.32975
8.9648 -9.13315 0.32975
9.57558 -9.61846 0.32975
10.1871 -10.0851 0.32975
10.9707 -10.708 0.32975
11.8635 -11.4155 0.32975
12.9342 -12.2701 0.32975
14.1039 -13.1874 0.32975
15.6925 -14.4665 0.32975
0.448 0 0.32975
0.448 0 0.32975
0.448 0 0.32975
0.448 0 0.32975
31.5843 -27.0664 0.32975
31.8566 -26.8255 0.32975
0.448 0 0.32975
32.3331 -26.284 0.32975
32.5581 -26.0023 0.32975
32.7595 -25.7018 0.32975
32.9676 -25.4071 0.32975
33.1484 -25.0919 0.32975
0.448 0 0.32975
11.6674 -8.30194 0.32975
12.2499 -8.57461 0.32975
3.31776 -2.04698 0.32975
2.9972 -1.78497 0.32975
2.77121 -1.5967 0.32975
2.65158 -1.48633 0.32975
2.67197 -1.47202 0.32975
2.69983 -1.46236 0.32975
2.97817 -1.6119 0.32975
3.47299 -1.89022 0.32975
3.49363 -1.86636 0.32975
3.51752 -1.84435 0.32975
3.53091 -1.81597 0.32975
3.55184 -1.792 0.32975
3.57606 -1.76977 0.32975
3.60013 -1.74725 0.32975
3.53704 -1.67721 0.32975
3.39793 -1.5685 0.32975
3.27047 -1.46928 0.32975
3.16468 -1.38422 0.32975
3.06031 -1.30245 0.32975
2.96013 -1.22525 0.32975
2.87415 -1.15721 0.32975
2.79896 -1.09627 0.32975
2.72017 -1.03549 0.32975
2.64325 -0.977388 0.32975
2.59575 -0.93387 0.32975
2.50901 -0.874847 0.32975
2.46668 -0.836163 0.32975
2.4127 -0.793791 0.32975
2.34605 -0.747663 0.32975
2.29556 -0.70921 0.32975
2.26327 -0.678702 0.32975
2.23624 -0.650864 0.32975
2.18152 -0.613871 0.32975
2.14331 -0.583744 0.32975
2.10093 -0.553062 0.32975
2.0724 -0.527801 0.32975
2.03212 -0.499472 0.32975
2.00965 -0.477443 0.32975
1.97348 -0.451868 0.32975
1.94757 -0.429994 0.32975
1.93488 -0.412349 0.32975
1.89206 -0.386934 0.32975
1.86343 -0.366056 0.32975
1.83455 -0.345706 0.32975
1.80057 -0.324723 0.32975
1.78094 -0.307733 0.32975
1.76698 -0.29241 0.32975
1.73915 -0.274443 0.32975
1.71994 -0.25878 0.32975
1.70546 -0.244426 0.32975
1.69772 -0.231621 0.32975
1.66227 -0.214108 0.32975
1.65028 -0.201193 0.32975
1.63323 -0.187721 0.32975
1.61702 -0.174711 0.32975
1.60859 -0.163111 0.32975
1.59014 -0.150366 0.32975
1.5805 -0.139053 0.32975
1.53994 -0.12441 0.32975
1.54894 -0.115713 0.32975
1.52303 -0.103513 0.32975
1.50596 -0.0925594 0.32975
1.49576 -0.0824605 0.32975
1.48846 -0.0727561 0.32975
1.47109 -0.0625749 0.32975
1.47259 -0.0536966 0.32975
1.45604 -0.044012 0.32975
1.44439 -0.0347948 0.32975
1.41867 -0.0254179 0.32975
1.41985 -0.0169639 0.32975
1.39796 -0.00829016 0.32975
1.392 0 0.32975
1.38196 0.00815054 0.32975
1.36886 0.0160736 0.32975
1.34169 0.0234023 0.32975
1.33446 0.0309559 0.32975
1.33016 0.0385159 0.32975
1.3208 0.0457416 0.32975
1.3064 0.0525017 0.32975
1.30191 0.0597116 0.32975
1.29339 0.0665333 0.32975
1.28879 0.0735594 0.32975
1.27119 0.0792644 0.32975
1.25953 0.0852951 0.32975
1.25677 0.0921475 0.32975
1.24303 0.0976174 0.32975
1.23025 0.102985 0.32975
1.2412 0.111478 0.32975
1.21449 0.114552 0.32975
1.20654 0.120142 0.32975
1.20744 0.127087 0.32975
1.20532 0.133535 0.32975
1.20117 0.139592 0.32975
1.19698 0.145587 0.32975
1.17902 0.148729 0.32975
1.16694 0.152815 0.32975
1.16558 0.159083 0.32975
1.16611 0.165789 0.32975
1.14422 0.167147 0.32975
1.14758 0.174426 0.32975
1.14797 0.181025 0.32975
1.13477 0.18402 0.32975
1.12061 0.186532 0.32975
1.12569 0.194324 0.32975
1.11534 0.197675 0.32975
1.12219 0.206122 0.32975
1.10988 0.20869 0.32975
1.10518 0.213531 0.32975
1.10519 0.219892 0.32975
1.09757 0.223665 0.32975
1.09748 0.229993 0.32975
1.07196 0.227101 0.32975
1.0662 0.231137 0.32975
1.0707 0.239031 0.32975
1.05742 0.240058 0.32975
1.0618 0.24799 0.32975
1.05037 0.24951 0.32975
1.05001 0.255538 0.32975
1.04134 0.257991 0.32975
1.03998 0.263565 0.32975
1.0422 0.270795 0.32975
1.02351 0.268363 0.32975
1.03288 0.278971 0.32975
1.01784 0.277927 0.32975
1.01986 0.28512 0.32975
1.00221 0.282382 0.32975
0.996173 0.285361 0.32975
0.998959 0.29295 0.32975
1.00341 0.301564 0.32975
0.994637 0.303006 0.32975
0.996324 0.310227 0.32975
0.983204 0.309 0.32975
0.972732 0.309091 0.32975
0.963158 0.309538 0.32975
0.957879 0.312454 0.32975
0.964461 0.322721 0.32975
0.956565 0.323992 0.32975
0.94617 0.323516 0.32975
0.940827 0.326195 0.32975
0.945423 0.335516 0.32975
0.942476 0.339844 0.32975
0.94031 0.344719 0.32975
0.928328 0.342615 0.32975
0.927747 0.348557 0.32975
0.918256 0.347971 0.32975
0.925584 0.359885 0.32975
0.904972 0.350646 0.32975
0.913714 0.363856 0.32975
0.908174 0.366039 0.32975
0.895636 0.362489 0.32975
0.893227 0.367017 0.32975
0.890774 0.371531 0.32975
0.884473 0.372783 0.32975
0.89026 0.384451 0.32975
0.888386 0.389621 0.32975
0.879024 0.388096 0.32975
0.87046 0.387113 0.32975
0.86926 0.392831 0.32975
0.86364 0.394427 0.32975
0.855866 0.393871 0.32975
0.8517 0.396715 0.32975
0.853879 0.405879 0.32975
0.844715 0.4037 0.32975
0.850902 0.417217 0.32975
0.845869 0.419266 0.32975
0.839467 0.419797 0.32975
0.829033 0.415824 0.32975
0.832081 0.426565 0.32975
0.83497 0.43739 0.32975
0.827858 0.436977 0.32975
0.822732 0.438754 0.32975
0.811175 0.432815 0.32975
0.815017 0.445227 0.32975
0.804195 0.439865 0.32975
0.802211 0.445304 0.32975
0.792155 0.440498 0.32975
0.790124 0.445865 0.32975
0.783211 0.44484 0.32975
0.784075 0.454179 0.32975
0.786564 0.465994 0.32975
0.785969 0.473815 0.32975
0.780674 0.475108 0.32975
0.764621 0.460687 0.32975
0.75947 0.461774 0.32975
0.763156 0.476149 0.32975
0.755721 0.473849 0.32975
0.749962 0.473986 0.32975
0.746345 0.477451 0.32975
0.749482 0.491973 0.32975
0.740027 0.486014 0.32975
0.738819 0.493714 0.32975
0.736 0.498831 0.32975
0.730651 0.499584 0.32975
0.732583 0.513402 0.32975
0.725229 0.510593 0.32975
0.722641 0.516524 0.32975
0.711658 0.506483 0.32975
0.71313 0.520348 0.32975
0.707241 0.519957 0.32975
0.701379 0.519503 0.32975
0.698127 0.524402 0.32975
0.697345 0.534722 0.32975
0.692669 0.536877 0.32975
0.686348 0.535338 0.32975
0.682863 0.540148 0.32975
0.682829 0.553223 0.32975
0.675314 0.548784 0.32975
0.67164 0.553529 0.32975
0.659838 0.537781 0.32975
0.657645 0.546144 0.32975
0.660576 0.56856 0.32975
0.650818 0.557238 0.32975
0.647283 0.562757 0.32975
0.644643 0.571093 0.32975
0.640604 0.575632 0.32975
0.634337 0.573487 0.32975
0.632032 0.583675 0.32975
0.627809 0.588127 0.32975
0.619545 0.579127 0.32975
0.617793 0.592137 0.32975
0.609679 0.582996 0.32975
0.606915 0.593078 0.32975
0.605239 0.607997 0.32975
0.59654 0.595762 0.32975
0.59437 0.609676 0.32975
0.590619 0.617751 0.32975
0.580245 0.596517 0.32975
0.575658 0.600583 0.32975
0.574001 0.619312 0.32975
0.57069 0.631186 0.32975
0.562626 0.618467 0.32975
0.556183 0.613535 0.32975
0.55297 0.627278 0.32975
0.549526 0.64101 0.32975
0.541416 0.625058 0.32975
0.539437 0.650606 0.32975
0.532973 0.645431 0.32975
0.526362 0.638207 0.32975
0.521582 0.645822 0.32975
0.518139 0.667324 0.32975
0.511258 0.656962 0.32975
0.507615 0.681397 0.32975
0.500411 0.665941 0.32975
0.494179 0.660387 0.32975
0.489452 0.677734 0.32975
0.483745 0.682064 0.32975
0.477487 0.675357 0.32975
0.472151 0.691578 0.32975
0.466324 0.69976 0.32975
0.460025 0.688895 0.32975
0.454161 0.705973 0.32975
0.448 0.96 0.32975
0.436952 1.26595 0.32975
0.425591 1.2838 0.32975
0.134086 11.9879 0.32975
0.240278 5.94837 0.32975
-0.0768275 12.0205 0.32975
-0.186781 12.1124 0.32975
-0.295267 12.1523 0.32975
-0.406517 12.2202 0.32975
0.339569 1.37774 0.32975
0.328422 1.36678 0.32975
-0.695441 11.8751 0.32975
-0.788572 11.7652 0.32975
-0.885307 11.7023 0.32975
-0.969584 11.5453 0.32975
0.258607 1.43859 0.32975
0.243555 1.4547 0.32975
0.232938 1.43902 0.32975
0.192699 1.61191 0.32975
0.182273 1.58792 0.32975
0.167905 1.58849 0.32975
0.154965 1.58107 0.32975
0.149575 1.53526 0.32975
0.13579 1.53456 0.32975
0.092679 1.67165 0.32975
0.0423924 1.82958 0.32975
-1.9439 10.3605 0.32975
-2.02045 10.2818 0.32975
0.0522162 1.5874 0.32975
0.0378773 1.58583 0.32975
-2.21913 9.95387 0.32975
-2.29494 9.8907 0.32975
-2.36515 9.81064 0.32975
-0.0515829 1.68656 0.32975
-0.0592648 1.65919 0.32975
-2.55394 9.52096 0.32975
-2.61281 9.42022 0.32975
-2.67079 9.32107 0.32975
-0.157557 1.75866 0.32975
-0.318421 2.1643 0.32975
-2.86002 9.08871 0.32975
-0.338216 2.10283 0.32975
-0.25691 1.83635 0.32975
-0.269976 1.82269 0.32975
-0.403106 2.10656 0.32975
-0.418012 2.09074 0.32975
-0.361204 1.90637 0.32975
-0.445197 2.05421 0.32975
-0.435432 1.98422 0.32975
-0.458934 1.99009 0.32975
-0.526558 2.08995 0.32975
-0.555521 2.10393 0.32975
-0.575597 2.09868 0.32975
-3.6704 8.26024 0.32975
-0.649749 2.15445 0.32975
-0.66389 2.13592 0.32975
-0.771217 2.29302 0.32975
-0.762551 2.22956 0.32975
-0.922557 2.47255 0.32975
-0.868248 2.32646 0.32975
-0.9885 2.48809 0.32975
-0.957881 2.38671 0.32975
-1.04819 2.49007 0.32975
-1.0568 2.4556 0.32975
-1.14017 2.5416 0.32975
-1.16766 2.53608 0.32975
-1.2589 2.62839 0.32975
-1.35849 2.72931 0.32975
-1.38448 2.71676 0.32975
-1.46306 2.7806 0.32975
-1.56927 2.88096 0.32975
-1.67505 2.97641 0.32975
-1.75384 3.03058 0.32975
-1.83315 3.08279 0.32975
-1.92676 3.15142 0.32975
-2.02418 3.22181 0.32975
-2.15378 3.33013 0.32975
-2.28422 3.43487 0.32975
-2.40471 3.5228 0.32975
-2.54984 3.63667 0.32975
-2.6978 3.74902 0.32975
-2.85379 3.8659 0.32975
-3.01927 3.98864 0.32975
-3.23749 4.16569 0.32975
-3.4363 4.31396 0.32975
-3.77714 4.61093 0.32975
-4.02659 4.79841 0.32975
-4.75803 5.48601 0.32975
-4.81334 5.44828 0.32975
-4.85718 5.39859 0.32975
-4.90551 5.35351 0.32975
