-0.705291 -1.15329 0.32975
-0.669249 -1.13692 0.32975
-0.64956 -1.13656 0.32975
-0.63134 -1.13739 0.32975
-0.613871 -1.13872 0.32975
-0.599165 -1.14278 0.32975
-0.57577 -1.13701 0.32975
-0.550569 -1.12868 0.32975
-0.531496 -1.12678 0.32975
-0.517729 -1.13072 0.32975
-0.505897 -1.13681 0.32975
-0.490215 -1.13815 0.32975
-0.471437 -1.13541 0.32975
-0.445931 -1.12383 0.32975
-0.434243 -1.12922 0.32975
-0.41218 -1.12101 0.32975
-0.398754 -1.12368 0.32975
-0.387726 -1.12942 0.32975
-0.367258 -1.12211 0.32975
-0.353951 -1.12429 0.32975
-0.342388 -1.12879 0.32975
-0.316082 -1.11175 0.32975
-0.3002 -1.10925 0.32975
-0.28442 -1.10657 0.32975
-0.270924 -1.10705 0.32975
-0.26822 -1.12424 0.32975
-0.248844 -1.11518 0.32975
-0.230726 -1.10758 0.32975
-0.208158 -1.09203 0.32975
-0.200126 -1.1003 0.32975
-0.187 -1.09985 0.32975
-0.178363 -1.10709 0.32975
-0.166254 -1.10814 0.32975
-0.139382 -1.08182 0.32975
-0.128511 -1.08426 0.32975
-0.114872 -1.08127 0.32975
-0.104506 -1.08435 0.32975
-0.0905607 -1.08019 0.32975
-0.0846209 -1.09203 0.32975
-0.0729185 -1.09213 0.32975
-0.0557611 -1.08032 0.32975
-0.0417527 -1.07466 0.32975
-0.0258481 -1.06428 0.32975
-0.0169414 -1.06929 0.32975
-0.0103277 -1.07975 0.32975
0.00561799 -1.068 0.32975
0.0160786 -1.06904 0.32975
0.0243246 -1.07556 0.32975
0.0387438 -1.06615 0.32975
0.0505146 -1.06312 0.32975
0.0618593 -1.06091 0.32975
0.0724673 -1.06047 0.32975
0.0775035 -1.076 0.32975
0.0900803 -1.06971 0.32975
0.101592 -1.06613 0.32975
0.100083 -1.10345 0.32975
0.103878 -1.12557 0.32975
0.106898 -1.15154 0.32975
0.108415 -1.18427 0.32975
0.111814 -1.21225 0.32975
0.112312 -1.25281 0.32975
0.1185 -1.27408 0.32975
0.11947 -1.31766 0.32975
0.123044 -1.35354 0.32975
0.128119 -1.38555 0.32975
0.13005 -1.43418 0.32975
0.135301 -1.47113 0.32975
0.13559 -1.53554 0.32975
0.149193 -1.53723 0.32975
0.162801 -1.53879 0.32975
0.17433 -1.55206 0.32975
0.18739 -1.55735 0.32975
0.198018 -1.57833 0.32975
0.20574 -1.621 0.32975
0.21739 -1.64087 0.32975
0.25456 -1.46932 0.32975
0.268852 -1.45904 0.32975
0.261215 -1.63939 0.32975
0.258908 -1.79909 0.32975
0.282762 -1.71606 0.32975
0.270638 -2.02726 0.32975
0.280725 -2.12543 0.32975
0.298233 -2.14177 0.32975
0.447817 -0.0029944 0.32975
0.447843 -0.00299589 0.32975
0.384316 -1.45861 0.32975
0.397151 -1.45611 0.32975
0.406981 -1.56646 0.32975
0.420687 -1.56476 0.32975
0.447974 -0.00299989 0.32975
0.448 -0.003 0.32975
0.448026 -0.00299989 0.32975
0.448052 -0.00299954 0.32975
0.448079 -0.00299897 0.32975
0.499337 -1.4701 0.32975
0.511554 -1.45561 0.32975
0.527917 -1.52491 0.32975
0.543663 -1.56408 0.32975
0.558355 -1.57815 0.32975
0.572671 -1.5841 0.32975
0.583789 -1.55207 0.32975
0.595315 -1.52992 0.32975
0.612423 -1.56438 0.32975
0.628106 -1.58077 0.32975
0.623979 -1.43324 0.32975
0.637655 -1.44057 0.32975
0.655229 -1.47451 0.32975
0.448443 -0.00296705 0.32975
0.448469 -0.00296307 0.32975
0.448495 -0.00295886 0.32975
0.448521 -0.00295442 0.32975
0.448547 -0.00294976 0.32975
0.448572 -0.00294488 0.32975
0.448598 -0.00293977 0.32975
0.750304 -1.42223 0.32975
0.763136 -1.42149 0.32975
0.448675 -0.00292311 0.32975
0.4487 -0.00291711 0.32975
0.448726 -0.00291089 0.32975
0.448 0 0.32975
0.448 0 0.32975
0.448802 -0.00289089 0.32975
0.890949 -1.54475 0.32975
0.875159 -1.44206 0.32975
0.881295 -1.41724 0.32975
0.889135 -1.3991 0.32975
0.926358 -1.47224 0.32975
0.942995 -1.47938 0.32975
0.961421 -1.49108 0.32975
0.448 0 0.32975
0.448 0 0.32975
0.448 0 0.32975
0.449075 -0.00280074 0.32975
1.00105 -1.404 0.32975
1.01216 -1.39634 0.32975
0.449148 -0.00277164 0.32975
0.448 0 0.32975
0.448 0 0.32975
0.448 0 0.32975
0.448 0 0.32975
0.448 0 0.32975
1.12218 -1.41345 0.32975
1.12178 -1.38145 0.32975
1.13916 -1.38625 0.32975
0.449362 -0.00267302 0.32975
0.448 0 0.32975
0.448 0 0.32975
0.448 0 0.32975
0.448 0 0.32975
0.448 0 0.32975
1.2425 -1.37611 0.32975
1.2494 -1.36051 0.32975
1.28236 -1.38861 0.32975
8.56136 -13.2398 0.32975
8.54517 -12.9582 0.32975
8.50911 -12.6534 0.32975
8.49395 -12.3897 0.32975
0.449656 -0.00250166 0.32975
0.449678 -0.00248711 0.32975
1.382 -1.35898 0.32975
1.38694 -1.34095 0.32975
8.31478 -11.0288 0.32975
8.32667 -10.8441 0.32975
8.30739 -10.6214 0.32975
8.2722 -10.3831 0.32975
8.25476 -10.174 0.32975
1.50817 -1.35695 0.32975
1.5125 -1.33826 0.32975
0.449888 -0.00233144 0.32975
0.449908 -0.00231487 0.32975
1.66287 -1.44782 0.32975
1.65402 -1.41207 0.32975
1.67221 -1.40829 0.32975
1.62746 -1.33314 0.32975
1.64039 -1.32428 0.32975
8.50441 -8.79203 0.32975
8.66608 -8.81281 0.32975
8.73579 -8.73351 0.32975
8.73528 -8.58172 0.32975
1.7587 -1.33378 0.32975
1.76675 -1.31875 0.32975
8.65751 -8.06747 0.32975
8.65998 -7.93022 0.32975
8.64618 -7.77978 0.32975
8.64647 -7.6452 0.32975
1.87021 -1.30321 0.32975
1.88896 -1.29744 0.32975
8.58091 -7.19539 0.32975
8.57547 -7.0651 0.32975
8.55849 -6.92701 0.32975
2.02375 -1.32221 0.32975
2.01363 -1.2906 0.32975
8.48524 -6.50843 0.32975
8.49399 -6.40007 0.32975
8.4928 -6.28529 0.32975
2.1315 -1.29179 0.32975
2.13711 -1.27284 0.32975
8.42708 -5.90421 0.32975
8.43866 -5.80555 0.32975
8.40598 -5.67637 0.32975
2.26734 -1.27391 0.32975
2.3608 -1.31463 0.32975
2.43106 -1.33759 0.32975
2.45933 -1.33127 0.32975
2.39707 -1.26574 0.32975
2.41226 -1.25137 0.32975
8.34333 -4.93355 0.32975
8.33236 -4.83154 0.32975
2.51206 -1.24021 0.32975
2.54865 -1.23738 0.32975
8.28033 -4.522 0.32975
2.64217 -1.2414 0.32975
2.66516 -1.22899 0.32975
8.24926 -4.23574 0.32975
2.81518 -1.25865 0.32975
2.78793 -1.21809 0.32975
8.22916 -3.9647 0.32975
2.90996 -1.22749 0.32975
2.91339 -1.20245 0.32975
0.450708 -0.00129153 0.32975
3.03732 -1.20742 0.32975
3.06687 -1.19349 0.32975
3.22975 -1.23851 0.32975
3.16158 -1.1799 0.32975
8.18484 -3.2841 0.32975
3.27877 -1.17254 0.32975
3.31207 -1.15716 0.32975
3.41603 -1.16914 0.32975
3.42705 -1.14355 0.32975
3.52684 -1.15113 0.32975
3.54899 -1.12867 0.32975
3.67183 -1.14162 0.32975
3.67884 -1.11247 0.32975
3.80412 -1.12294 0.32975
3.87656 -1.11401 0.32975
3.93097 -1.09818 0.32975
4.04658 -1.10019 0.32975
4.06275 -1.07074 0.32975
4.19019 -1.07306 0.32975
4.3083 -1.07056 0.32975
4.38994 -1.05624 0.32975
4.46484 -1.03883 0.32975
4.58437 -1.03131 0.32975
4.69045 -1.01852 0.32975
4.81026 -1.00711 0.32975
4.92432 -0.992375 0.32975
5.03845 -0.97573 0.32975
5.18202 -0.963147 0.32975
5.3208 -0.947176 0.32975
5.44392 -0.925938 0.32975
5.61529 -0.911132 0.32975
5.76408 -0.889607 0.32975
5.96226 -0.873374 0.32975
6.14374 -0.851235 0.32975
6.36584 -0.831698 0.32975
6.58703 -0.808218 0.32975
6.82511 -0.783011 0.32975
7.09301 -0.757104 0.32975
7.19881 -0.70954 0.32975
7.19977 -0.650121 0.32975
7.18327 -0.58926 0.32975
7.18018 -0.529835 0.32975
7.17358 -0.470299 0.32975
7.16046 -0.410552 0.32975
7.14681 -0.351069 0.32975
7.1696 -0.293471 0.32975
7.56066 -0.24838 0.32975
7.96342 -0.196799 0.32975
8.52877 -0.141051 0.32975
9.13767 -0.0758332 0.32975
9.821 0 0.32975
10.6786 0.0892807 0.32975
11.1364 0.186565 0.32975
10.6715 0.267713 0.32975
10.36 0.346134 0.32975
10.4525 0.436804 0.32975
10.9406 0.549893 0.32975
15.8023 0.939108 0.32975
15.7955 1.0732 0.32975
15.7696 1.20584 0.32975
15.7635 1.33993 0.32975
15.7373 1.47219 0.32975
15.7219 1.60535 0.32975
15.7152 1.73948 0.32975
15.7014 1.87289 0.32975
15.6855 2.00606 0.32975
15.6754 2.14006 0.32975
15.661 2.2736 0.32975
15.6436 2.40675 0.32975
15.625 2.53975 0.32975
15.5815 2.66845 0.32975
15.5734 2.80333 0.32975
15.5798 2.94132 0.32975
15.5516 3.07286 0.32975
10.5611 2.1496 0.32975
10.1172 2.14362 0.32975
10.2511 2.26323 0.32975
10.7298 2.46845 0.32975
10.804 2.58203 0.32975
10.1605 2.51181 0.32975
9.57503 2.44558 0.32975
9.07153 2.39152 0.32975
8.60431 2.33878 0.32975
8.20293 2.29712 0.32975
7.85745 2.2653 0.32975
7.43112 2.20177 0.32975
7.17197 2.18475 0.32975
6.88807 2.15482 0.32975
6.85011 2.20442 0.32975
6.85231 2.26788 0.32975
6.84261 2.32745 0.32975
6.84172 2.39051 0.32975
6.83836 2.45303 0.32975
6.82973 2.51383 0.32975
6.79457 2.56418 0.32975
6.59088 2.54446 0.32975
6.41195 2.53155 0.32975
6.23373 2.51571 0.32975
6.07361 2.50468 0.32975
5.85408 2.46369 0.32975
5.67286 2.43639 0.32975
5.51241 2.4156 0.32975
5.3707 2.40096 0.32975
5.235 2.38671 0.32975
5.09995 2.37028 0.32975
5.0099 2.37477 0.32975
4.86009 2.34595 0.32975
4.7296 2.32472 0.32975
4.61381 2.30915 0.32975
4.56043 2.3267 0.32975
4.44817 2.3095 0.32975
4.33826 2.29154 0.32975
4.25468 2.28728 0.32975
4.19194 2.29429 0.32975
4.08613 2.27335 0.32975
3.9641 2.24 0.32975
3.95532 2.27768 0.32975
3.82941 2.2381 0.32975
3.72601 2.21105 0.32975
3.68846 2.22711 0.32975
3.59027 2.20024 0.32975
3.59374 2.24384 0.32975
3.46725 2.19361 0.32975
3.44317 2.21631 0.32975
3.31989 2.16413 0.32975
3.29773 2.18667 0.32975
6.66856 4.86003 0.32975
3.17461 2.16884 0.32975
6.68537 5.05093 0.32975
3.04606 2.14168 0.32975
6.66598 5.21751 0.32975
2.93757 2.12629 0.32975
2.92647 2.1545 0.32975
6.6134 5.45469 0.32975
2.81046 2.12717 0.32975
2.84563 2.19702 0.32975
2.76273 2.15852 0.32975
2.67562 2.11394 0.32975
6.5552 5.89765 0.32975
2.5742 2.08941 0.32975
2.54811 2.10011 0.32975
6.52418 6.18317 0.32975
2.4632 2.0868 0.32975
2.41876 2.07675 0.32975
6.48641 6.47541 0.32975
6.46953 6.57135 0.32975
2.29882 2.05554 0.32975
6.42218 6.75258 0.32975
6.45422 6.90937 0.32975
2.19826 2.04929 0.32975
2.16489 2.0461 0.32975
6.40106 7.22163 0.32975
6.40074 7.35102 0.32975
2.0877 2.06139 0.32975
2.04133 2.03937 0.32975
2.074 2.11905 0.32975
2.0729 2.15632 0.32975
6.29154 7.89709 0.32975
1.91217 2.01526 0.32975
1.91486 2.05646 0.32975
6.27496 8.32177 0.32975
6.2497 8.44152 0.32975
1.79789 2.0013 0.32975
1.78148 2.01467 0.32975
6.20919 8.87146 0.32975
6.1869 9.00826 0.32975
6.15841 9.13857 0.32975
1.66385 1.98409 0.32975
1.64855 1.99806 0.32975
6.12888 9.64422 0.32975
6.0995 9.78869 0.32975
1.57565 1.99311 0.32975
1.53882 1.96789 0.32975
1.53783 2.00722 0.32975
6.02861 10.4956 0.32975
6.00838 10.6814 0.32975
5.98578 10.8685 0.32975
1.41446 1.93843 0.32975
1.40146 1.95488 0.32975
6.00676 11.6542 0.32975
5.90569 11.7041 0.32975
1.37982 2.04468 0.32975
1.33875 2.00066 0.32975
1.29056 1.93775 0.32975
1.2783 1.95607 0.32975
1.301 2.05933 0.32975
5.80038 13.2476 0.32975
5.70253 13.3394 0.32975
1.19986 1.95865 0.32975
1.16978 1.93048 0.32975
1.15496 1.94234 0.32975
5.57494 14.478 0.32975
5.5451 14.803 0.32975
5.54582 15.2358 0.32975
5.52762 15.6335 0.32975
1.05061 1.91125 0.32975
1.0269 1.89348 0.32975
1.02342 1.94257 0.32975
5.38742 17.2258 0.32975
5.25001 17.3155 0.32975
0.448 0 0.32975
0.448 0 0.32975
0.921683 1.89984 0.32975
0.902051 1.89126 0.32975
0.88643 1.89905 0.32975
0.448 0 0.32975
0.448 0 0.32975
0.448 0 0.32975
0.448572 0.00294488 0.32975
0.795341 1.87408 0.32975
0.777584 1.86917 0.32975
0.770998 1.93016 0.32975
0.448469 0.00296306 0.32975
0.448443 0.00296705 0.32975
0.448418 0.0029708 0.32975
0.448392 0.00297433 0.32975
0.677358 1.86797 0.32975
0.661954 1.87785 0.32975
0.645036 1.87467 0.32975
0.448288 0.00298619 0.32975
0.620743 1.97446 0.32975
0.600368 1.93601 0.32975
0.581793 1.91333 0.32975
0.565946 1.9284 0.32975
0.544874 1.84846 0.32975
0.528216 1.83725 0.32975
0.516299 1.95581 0.32975
0.500642 2.01031 0.32975
0.448052 0.00299954 0.32975
0.448026 0.00299989 0.32975
0.448 0.003 0.32975
0.431664 1.87193 0.32975
0.4158 1.84472 0.32975
0.39952 1.85137 0.32975
0.379562 1.95981 0.32975
0.447869 0.00299714 0.32975
0.344532 1.97429 0.32975
0.326696 1.98329 0.32975
0.309394 1.98216 0.32975
0.30387 1.83134 0.32975
0.289551 1.81108 0.32975
0.266947 1.8803 0.32975
0.245946 1.92241 0.32975
0.228273 1.92852 0.32975
0.210477 1.93447 0.32975
0.19243 1.94125 0.32975
0.176334 1.933 0.32975
0.177805 1.80792 0.32975
0.162351 1.80352 0.32975
0.127972 1.91241 0.32975
0.102614 1.95878 0.32975
0.0879025 1.94291 0.32975
0.447428 0.00294488 0.32975
0.447402 0.00293977 0.32975
0.0269789 1.98075 0.32975
0.0501842 1.79443 0.32975
0.0361149 1.78407 0.32975
0.4473 0.00291711 0.32975
-0.1135 2.25206 0.32975
-0.134885 2.25385 0.32975
-0.148578 2.22646 0.32975
-0.138856 2.11613 0.32975
-0.134146 2.03018 0.32975
-0.0751562 1.76615 0.32975
-0.0928875 1.76916 0.32975
-0.144089 1.87787 0.32975
-0.149948 1.84029 0.32975
-0.168205 1.84164 0.32975
-0.188812 1.84943 0.32975
-0.207597 1.85135 0.32975
-0.214493 1.82018 0.32975
-0.203036 1.74127 0.32975
-0.200288 1.68885 0.32975
-0.192278 1.62544 0.32975
-0.195949 1.59383 0.32975
-0.175391 1.505 0.32975
-0.179514 1.47833 0.32975
-0.164478 1.4086 0.32975
-0.163325 1.37306 0.32975
-0.175699 1.36858 0.32975
-0.193957 1.37668 0.32975
-0.206377 1.37193 0.32975
-0.225776 1.38145 0.32975
-0.232005 1.36388 0.32975
-0.257047 1.38373 0.32975
-0.273251 1.38551 0.32975
-0.277803 1.36504 0.32975
-0.292073 1.36305 0.32975
-0.30394 1.35653 0.32975
-0.329044 1.37342 0.32975
-0.334 1.35446 0.32975
-0.34985 1.35448 0.32975
-0.36576 1.35432 0.32975
-0.389043 1.36593 0.32975
-0.395631 1.35009 0.32975
-0.408993 1.34521 0.32975
-0.434315 1.35865 0.32975
-0.450554 1.35757 0.32975
-0.469077 1.35962 0.32975
-0.483738 1.35569 0.32975
-0.487503 1.33604 0.32975
-0.503191 1.33352 0.32975
-0.531838 1.34863 0.32975
-0.538811 1.3336 0.32975
-0.551013 1.32574 0.32975
-0.571066 1.32807 0.32975
-0.596777 1.33725 0.32975
-0.605295 1.32417 0.32975
-0.620586 1.31959 0.32975
-0.637786 1.31716 0.32975
-0.654381 1.31377 0.32975
-0.6697 1.30866 0.32975
-0.687638 1.3064 0.32975
-0.706284 1.30468 0.32975
-0.719633 1.29679 0.32975
-0.753199 1.31088 0.32975
-0.758455 1.29377 0.32975
-2.68814 3.30481 0.32975
0.445916 0.00215802 0.32975
-2.9409 3.44857 0.32975
-3.00763 3.45563 0.32975
