-1.26108 -1.70908 0.32975
-1.25801 -1.73605 0.32975
-1.26433 -1.77317 0.32975
-1.2543 -1.79385 0.32975
-1.26177 -1.8335 0.32975
-1.27408 -1.87932 0.32975
-1.26966 -1.90765 0.32975
-1.26951 -1.94129 0.32975
-1.27809 -1.98564 0.32975
-1.29122 -2.03637 0.32975
-1.27788 -2.05683 0.32975
-1.29676 -2.11657 0.32975
-1.28767 -2.14337 0.32975
-1.28882 -2.18348 0.32975
-1.30602 -2.24504 0.32975
-1.30402 -2.28327 0.32975
-1.28763 -2.30326 0.32975
-1.26033 -2.30868 0.32975
-1.24129 -2.32511 0.32975
-1.19887 -2.30883 0.32975
-1.17006 -2.31083 0.32975
-1.14077 -2.31167 0.32975
-1.11438 -2.31633 0.32975
-1.07921 -2.30736 0.32975
-1.05684 -2.31725 0.32975
-1.03441 -2.32692 0.32975
-1.01564 -2.34231 0.32975
-1.01552 -2.38825 0.32975
-1.01677 -2.43778 0.32975
-0.992394 -2.4453 0.32975
-0.967 -2.45085 0.32975
-1.01105 -2.57886 0.32975
-1.00304 -2.61774 0.32975
-0.946735 -2.56878 0.32975
-0.925674 -2.5835 0.32975
-0.932628 -2.65216 0.32975
-0.933493 -2.71133 0.32975
-0.933428 -2.77072 0.32975
-0.947774 -2.86176 0.32975
-0.947287 -2.92528 0.32975
-0.954248 -3.00713 0.32975
-0.962372 -3.09478 0.32975
-0.979239 -3.20563 0.32975
-1.00664 -3.34544 0.32975
-1.03873 -3.50252 0.32975
-1.54846 -4.81988 0.32975
-1.57338 -5.00308 0.32975
-1.58865 -5.17033 0.32975
-1.61799 -5.38209 0.32975
-1.61752 -5.52449 0.32975
-1.63353 -5.71897 0.32975
-1.65432 -5.93676 0.32975
-1.6721 -6.15722 0.32975
-1.6846 -6.37368 0.32975
-1.66259 -6.49572 0.32975
-2.39487 -9.01644 0.32975
-2.49472 -9.62521 0.32975
-2.51314 -9.99665 0.32975
-2.51565 -10.3355 0.32975
-2.60894 -11.023 0.32975
-2.57475 -11.281 0.32975
-2.70979 -12.2103 0.32975
-2.72335 -12.7196 0.32975
-2.78148 -13.4518 0.32975
-2.67882 -13.5437 0.32975
-2.55726 -13.5559 0.32975
-2.43324 -13.5552 0.32975
-2.34036 -13.7052 0.32975
-2.50439 -15.1887 0.32975
-2.66586 -16.8009 0.32975
-2.64815 -17.5591 0.32975
-2.40204 -17.0312 0.32975
-3.07506 -22.2437 0.32975
-2.87978 -22.2667 0.32975
-2.68618 -22.3008 0.32975
-2.49028 -22.3184 0.32975
-2.29272 -22.3214 0.32975
-2.09624 -22.3305 0.32975
-1.90086 -22.3479 0.32975
-1.70652 -22.3755 0.32975
-1.51283 -22.4124 0.32975
-1.31725 -22.4296 0.32975
-1.12047 -22.4302 0.32975
-0.59239 -17.0102 0.32975
-0.453958 -17.2104 0.32975
-0.32956 -17.809 0.32975
-0.0348341 -13.8266 0.32975
0.084847 -13.8682 0.32975
0.207016 -13.8059 0.32975
0.327399 -13.8195 0.32975
0.448001 -13.804 0.32975
0.559499 -12.7765 0.32975
0.656312 -11.9342 0.32975
0.740343 -11.1642 0.32975
0.810152 -10.3707 0.32975
0.740425 -6.69762 0.32975
0.786509 -6.45914 0.32975
0.824791 -6.16049 0.32975
0.877002 -6.13502 0.32975
0.9317 -6.146 0.32975
0.987669 -6.16844 0.32975
0.713493 -2.75725 0.32975
0.738171 -2.76079 0.32975
0.761459 -2.7512 0.32975
0.772416 -2.64216 0.32975
0.794939 -2.63526 0.32975
0.816809 -2.62421 0.32975
0.835556 -2.5932 0.32975
0.845343 -2.50873 0.32975
0.860949 -2.46769 0.32975
0.884031 -2.47285 0.32975
0.906505 -2.47387 0.32975
0.930365 -2.48155 0.32975
0.952401 -2.47921 0.32975
0.975472 -2.48156 0.32975
0.996675 -2.47491 0.32975
1.02163 -2.48464 0.32975
1.04655 -2.49316 0.32975
1.07022 -2.4956 0.32975
1.09073 -2.48523 0.32975
1.11394 -2.48533 0.32975
1.14068 -2.49773 0.32975
1.14922 -2.44545 0.32975
1.15463 -2.38554 0.32975
1.16753 -2.35347 0.32975
1.18353 -2.33279 0.32975
1.19829 -2.30917 0.32975
1.20985 -2.27693 0.32975
1.20885 -2.20968 0.32975
1.21809 -2.17467 0.32975
1.22165 -2.12558 0.32975
1.22546 -2.07941 0.32975
1.22566 -2.02587 0.32975
1.22938 -1.98365 0.32975
1.2358 -1.94987 0.32975
1.23939 -1.91058 0.32975
1.24705 -1.88243 0.32975
1.23992 -1.82128 0.32975
1.24642 -1.79329 0.32975
1.24628 -1.75168 0.32975
1.24675 -1.71292 0.32975
1.25478 -1.69144 0.32975
1.25767 -1.66007 0.32975
1.26008 -1.62878 0.32975
1.26155 -1.59668 0.32975
1.26206 -1.5638 0.32975
1.24657 -1.50189 0.32975
1.24533 -1.4685 0.32975
1.24115 -1.43088 0.32975
1.24277 -1.40475 0.32975
1.252 -1.39257 0.32975
1.24991 -1.36137 0.32975
1.253 -1.33975 0.32975
1.2516 -1.31136 0.32975
1.25666 -1.29412 0.32975
1.25932 -1.27352 0.32975
1.25624 -1.24459 0.32975
1.26652 -1.23665 0.32975
1.2689 -1.21703 0.32975
1.26476 -1.18839 0.32975
1.27166 -1.1763 0.32975
1.27318 -1.15686 0.32975
1.26796 -1.12858 0.32975
1.28373 -1.12942 0.32975
1.26707 -1.08694 0.32975
1.2747 -1.07737 0.32975
1.27545 -1.05909 0.32975
1.28155 -1.04791 0.32975
1.27807 -1.02506 0.32975
1.27935 -1.00851 0.32975
1.28234 -0.994326 0.32975
1.28059 -0.97484 0.32975
1.27988 -0.956972 0.32975
1.29019 -0.951923 0.32975
1.28642 -0.931161 0.32975
1.29181 -0.920859 0.32975
1.28959 -0.90249 0.32975
1.30638 -0.904542 0.32975
1.29479 -0.876875 0.32975
1.29049 -0.857327 0.32975
1.30855 -0.860549 0.32975
1.29962 -0.836886 0.32975
1.31265 -0.834979 0.32975
1.30757 -0.8157 0.32975
1.31685 -0.810214 0.32975
1.30398 -0.78436 0.32975
1.30039 -0.767493 0.32975
1.3063 -0.759363 0.32975
1.31441 -0.753156 0.32975
1.29889 -0.726732 0.32975
1.31669 -0.728921 0.32975
1.32148 -0.720041 0.32975
1.31219 -0.699804 0.32975
1.3073 -0.683521 0.32975
1.30772 -0.671687 0.32975
1.31831 -0.667811 0.32975
1.3241 -0.660191 0.32975
1.3234 -0.647762 0.32975
1.32012 -0.633632 0.32975
1.32155 -0.623094 0.32975
1.32122 -0.611432 0.32975
1.31828 -0.598125 0.32975
1.33507 -0.598336 0.32975
1.33109 -0.584501 0.32975
1.32693 -0.570782 0.32975
1.32091 -0.556105 0.32975
1.34184 -0.558535 0.32975
1.34498 -0.549668 0.32975
1.32745 -0.528429 0.32975
1.32255 -0.515151 0.32975
1.32788 -0.508 0.32975
1.32967 -0.498825 0.32975
1.34011 -0.494506 0.32975
1.33736 -0.482885 0.32975
1.34331 -0.476044 0.32975
1.34477 -0.466828 0.32975
1.34257 -0.455807 0.32975
1.32683 -0.438166 0.32975
1.3396 -0.434864 0.32975
1.32983 -0.420609 0.32975
1.33346 -0.412898 0.32975
1.34249 -0.407643 0.32975
1.33597 -0.395348 0.32975
1.33571 -0.385989 0.32975
1.33905 -0.378228 0.32975
1.35155 -0.374264 0.32975
1.35386 -0.365991 0.32975
1.32445 -0.345244 0.32975
1.33864 -0.341883 0.32975
1.34159 -0.334098 0.32975
1.3548 -0.330049 0.32975
1.3388 -0.315447 0.32975
1.33868 -0.306685 0.32975
1.33089 -0.295411 0.32975
1.33629 -0.288622 0.32975
1.33114 -0.278453 0.32975
1.35362 -0.276876 0.32975
1.33587 -0.262998 0.32975
1.34197 -0.256343 0.32975
1.33839 -0.246928 0.32975
1.34921 -0.241478 0.32975
1.36 -0.235858 0.32975
1.3562 -0.226439 0.32975
1.33675 -0.213369 0.32975
1.34052 -0.206055 0.32975
1.33545 -0.196744 0.32975
1.35572 -0.192942 0.32975
1.35443 -0.184415 0.32975
1.34717 -0.174781 0.32975
1.34375 -0.166017 0.32975
1.34319 -0.157846 0.32975
1.3396 -0.149203 0.32975
1.36359 -0.145015 0.32975
1.34504 -0.134063 0.32975
1.35608 -0.127622 0.32975
1.35121 -0.118909 0.32975
1.34427 -0.110048 0.32975
1.34619 -0.102336 0.32975
1.36197 -0.0960618 0.32975
1.35978 -0.0877946 0.32975
1.36251 -0.080009 0.32975
1.34622 -0.0706917 0.32975
1.36476 -0.0641063 0.32975
1.34932 -0.055127 0.32975
1.34777 -0.0471546 0.32975
1.36812 -0.0401734 0.32975
1.35745 -0.0317586 0.32975
1.35069 -0.0236379 0.32975
1.35486 -0.0158295 0.32975
1.35297 -0.00789747 0.32975
1.356 0 0.32975
1.35097 0.00788002 0.32975
1.36786 0.0160561 0.32975
1.35269 0.0236902 0.32975
1.37543 0.0323868 0.32975
1.35713 0.0396936 0.32975
1.35476 0.047521 0.32975
1.3603 0.0557983 0.32975
1.36975 0.0644551 0.32975
1.36616 0.0722609 0.32975
1.37247 0.0808805 0.32975
1.36476 0.0882739 0.32975
1.36793 0.0966887 0.32975
1.35712 0.103581 0.32975
1.3671 0.112851 0.32975
1.36608 0.120867 0.32975
1.36697 0.129153 0.32975
1.37075 0.137906 0.32975
1.37544 0.146892 0.32975
1.36426 0.153329 0.32975
1.37766 0.163924 0.32975
1.38308 0.173306 0.32975
1.40018 0.185085 0.32975
1.37207 0.188004 0.32975
1.37039 0.196061 0.32975
1.36377 0.20302 0.32975
1.39606 0.218877 0.32975
1.38536 0.225041 0.32975
1.37948 0.232245 0.32975
1.39969 0.246124 0.32975
1.4004 0.255196 0.32975
1.38079 0.258687 0.32975
1.39388 0.271227 0.32975
1.39148 0.279471 0.32975
1.38709 0.287109 0.32975
1.38074 0.29409 0.32975
1.3943 0.307472 0.32975
1.4115 0.322382 0.32975
1.39163 0.324917 0.32975
1.39347 0.334808 0.32975
1.40179 0.34715 0.32975
1.40153 0.356511 0.32975
1.39092 0.361952 0.32975
1.40261 0.37603 0.32975
1.40671 0.387343 0.32975
1.39313 0.391485 0.32975
1.40348 0.405579 0.32975
1.40908 0.417889 0.32975
1.42093 0.433175 0.32975
1.40073 0.434184 0.32975
1.39962 0.443749 0.32975
1.40203 0.45505 0.32975
1.40162 0.465112 0.32975
1.4199 0.484571 0.32975
1.40316 0.486678 0.32975
1.3971 0.494071 0.32975
1.42631 0.520174 0.32975
1.40503 0.519626 0.32975
1.4162 0.536684 0.32975
1.4228 0.551514 0.32975
1.40582 0.553 0.32975
1.43112 0.579101 0.32975
1.41146 0.578903 0.32975
1.40381 0.585721 0.32975
1.41138 0.601988 0.32975
1.43139 0.626491 0.32975
1.41666 0.629058 0.32975
1.41781 0.641903 0.32975
1.42626 0.659848 0.32975
1.42129 0.668926 0.32975
1.4146 0.67682 0.32975
1.41843 0.692198 0.32975
1.42529 0.710045 0.32975
1.42469 0.72271 0.32975
1.42393 0.735418 0.32975
1.4389 0.760343 0.32975
1.43065 0.76773 0.32975
1.43252 0.783123 0.32975
1.42176 0.788538 0.32975
1.43259 0.811636 0.32975
1.44539 0.836909 0.32975
1.4312 0.839736 0.32975
1.43139 0.854845 0.32975
1.43213 0.870683 0.32975
1.43192 0.885929 0.32975
1.44554 0.914073 0.32975
1.43825 0.923426 0.32975
1.45482 0.955436 0.32975
1.44932 0.966964 0.32975
1.4437 0.978469 0.32975
1.45068 1.00268 0.32975
1.45871 1.02851 0.32975
1.4497 1.03729 0.32975
1.44887 1.05469 0.32975
1.46009 1.08533 0.32975
1.44922 1.09265 0.32975
1.45772 1.12141 0.32975
1.45518 1.13841 0.32975
1.4662 1.17131 0.32975
1.46309 1.18851 0.32975
1.46039 1.20652 0.32975
1.46445 1.23306 0.32975
1.46184 1.25198 0.32975
1.46643 1.28035 0.32975
1.46754 1.30495 0.32975
1.46828 1.32966 0.32975
1.47289 1.36008 0.32975
1.47526 1.38826 0.32975
1.48779 1.43115 0.32975
1.48397 1.45238 0.32975
1.48273 1.47775 0.32975
1.48905 1.51474 0.32975
1.49649 1.55445 0.32975
1.48895 1.57271 0.32975
1.49316 1.60941 0.32975
1.51185 1.66992 0.32975
1.49777 1.67998 0.32975
1.50658 1.72745 0.32975
1.51413 1.77434 0.32975
1.52449 1.82752 0.32975
1.527 1.86888 0.32975
1.51902 1.89302 0.32975
1.5301 1.95215 0.32975
1.5321 1.99667 0.32975
1.53811 2.0502 0.32975
1.54927 2.11552 0.32975
1.53803 2.13931 0.32975
1.55859 2.22749 0.32975
1.54919 2.25777 0.32975
1.55743 2.32596 0.32975
1.56287 2.39084 0.32975
1.57016 2.46236 0.32975
1.57588 2.53326 0.32975
1.58603 2.61729 0.32975
1.58659 2.68235 0.32975
1.59108 2.75963 0.32975
1.59954 2.85016 0.32975
1.61054 2.95128 0.32975
1.6127 3.03414 0.32975
1.62225 3.14066 0.32975
1.63139 3.25134 0.32975
1.63335 3.34732 0.32975
1.64642 3.48045 0.32975
1.65756 3.61501 0.32975
1.66923 3.75858 0.32975
1.67789 3.9007 0.32975
1.67655 4.01839 0.32975
1.74936 4.39331 0.32975
1.76362 4.5881 0.32975
1.79622 4.86152 0.32975
1.76435 4.9127 0.32975
1.77952 5.14861 0.32975
1.79454 5.40067 0.32975
1.80735 5.66211 0.32975
1.92548 6.39966 0.32975
1.91092 6.59878 0.32975
1.91108 6.88322 0.32975
1.92871 7.2779 0.32975
1.99393 7.95314 0.32975
2.04129 8.5966 0.32975
2.10026 9.37045 0.32975
2.20642 10.5079 0.32975
2.25701 11.4216 0.32975
2.36272 12.8117 0.32975
2.50832 14.6599 0.32975
0.448 0 0.32975
0.448 0 0.32975
0.448 0 0.32975
4.102 34.7655 0.32975
3.8026 34.8389 0.32975
0.448 0 0.32975
0.448 0 0.32975
0.448 0 0.32975
0.448 0 0.32975
0.448 0 0.32975
1.97686 35.0166 0.32975
1.66875 34.9577 0.32975
0.448 0 0.32975
0.448 0 0.32975
0.645674 22.6511 0.32975
0.448001 19.608 0.32975
0.293464 17.7083 0.32975
0.164572 16.2375 0.32975
0.0603454 14.8039 0.32975
-0.026179 13.5787 0.32975
-0.101516 12.586 0.32975
-0.17129 11.8168 0.32975
-0.231959 11.1172 0.32975
-0.278304 10.3866 0.32975
-0.323961 9.80867 0.32975
-0.369435 9.34331 0.32975
-0.437232 9.19348 0.32975
-0.424186 8.29829 0.32975
-0.464418 8.00819 0.32975
-0.492587 7.66047 0.32975
-0.518415 7.34066 0.32975
-0.540685 7.03486 0.32975
-0.562276 6.75992 0.32975
-0.583214 6.51084 0.32975
-0.599228 6.25798 0.32975
-0.616638 6.03786 0.32975
-0.63047 5.8189 0.32975
-0.646481 5.63061 0.32975
-0.663875 5.46504 0.32975
-0.673267 5.27515 0.32975
-0.716228 5.2515 0.32975
-0.721295 5.06478 0.32975
-0.729497 4.90463 0.32975
-0.742013 4.77289 0.32975
-0.752072 4.64033 0.32975
-0.744121 4.44905 0.32975
-0.746288 4.30646 0.32975
-0.760119 4.21321 0.32975
-0.764177 4.09224 0.32975
-0.773821 3.9964 0.32975
-0.782187 3.90166 0.32975
-0.790848 3.81279 0.32975
-0.796151 3.71838 0.32975
-0.807391 3.64592 0.32975
-0.810452 3.55376 0.32975
-0.816449 3.47404 0.32975
-0.822903 3.39918 0.32975
-0.831015 3.33195 0.32975
-0.833288 3.25274 0.32975
-0.841021 3.19044 0.32975
-0.846618 3.12548 0.32975
-0.849618 3.057 0.32975
-0.856307 2.9997 0.32975
-0.864133 2.9471 0.32975
-0.862016 2.87457 0.32975
-0.868879 2.82405 0.32975
-0.879696 2.78357 0.32975
-0.878949 2.72065 0.32975
-0.877653 2.65885 0.32975
-0.888094 2.62223 0.32975
-0.887376 2.56524 0.32975
-0.891402 2.51905 0.32975
-0.893293 2.47036 0.32975
-0.896862 2.42619 0.32975
-0.908135 2.39696 0.32975
-0.9095 2.35126 0.32975
-0.90459 2.29624 0.32975
-0.915306 2.26892 0.32975
-0.909974 2.21601 0.32975
-0.922371 2.19305 0.32975
-0.91298 2.13631 0.32975
-0.917954 2.10339 0.32975
-0.917493 2.06303 0.32975
-0.913635 2.01871 0.32975
-0.922703 1.99439 0.32975
-0.933172 1.97252 0.32975
-0.93175 1.93434 0.32975
-0.941524 1.91252 0.32975
-0.92723 1.85852 0.32975
-0.933165 1.83287 0.32975
-0.943628 1.81361 0.32975
-0.936622 1.77224 0.32975
-0.946433 1.75304 0.32975
-0.945316 1.7206 0.32975
-0.937378 1.6806 0.32975
-0.946849 1.66232 0.32975
-0.953509 1.64096 0.32975
-0.953998 1.61281 0.32975
-0.954104 1.58479 0.32975
-0.956505 1.55986 0.32975
-0.973442 1.55123 0.32975
-0.969192 1.51975 0.32975
-0.963816 1.48774 0.32975
-0.969103 1.46745 0.32975
-0.967136 1.44005 0.32975
-0.956314 1.40431 0.32975
