-0.900453 -1.34845 0.32975
-0.856392 -1.32736 0.32975
-0.827393 -1.32071 0.32975
-0.791726 -1.3064 0.32975
-0.757773 -1.29303 0.32975
-0.743066 -1.29982 0.32975
-0.716957 -1.29382 0.32975
-0.698995 -1.29644 0.32975
-0.668612 -1.28452 0.32975
-0.630733 -1.26303 0.32975
-0.601029 -1.25018 0.32975
-0.586263 -1.25466 0.32975
-0.576534 -1.26519 0.32975
-0.546156 -1.24983 0.32975
-0.51982 -1.23875 0.32975
-0.504712 -1.2416 0.32975
-0.481804 -1.23389 0.32975
-0.469811 -1.24035 0.32975
-0.441907 -1.22485 0.32975
-0.428861 -1.22931 0.32975
-0.409497 -1.22463 0.32975
-0.37952 -1.20405 0.32975
-0.367303 -1.20874 0.32975
-0.351205 -1.20747 0.32975
-0.334102 -1.20433 0.32975
-0.312816 -1.19424 0.32975
-0.310315 -1.21356 0.32975
-0.297605 -1.21672 0.32975
-0.275628 -1.20432 0.32975
-0.255448 -1.19422 0.32975
-0.248 -1.20551 0.32975
-0.22662 -1.19239 0.32975
-0.203099 -1.17461 0.32975
-0.190438 -1.17586 0.32975
-0.182031 -1.18492 0.32975
-0.173975 -1.1948 0.32975
-0.152175 -1.17791 0.32975
-0.140535 -1.18042 0.32975
-0.134157 -1.1936 0.32975
-0.109942 -1.16975 0.32975
-0.0954872 -1.16551 0.32975
-0.0902718 -1.18113 0.32975
-0.0787239 -1.18304 0.32975
-0.0655888 -1.18117 0.32975
-0.0435398 -1.158 0.32975
-0.031885 -1.15854 0.32975
-0.0165122 -1.14971 0.32975
-0.0108595 -1.16488 0.32975
-0.0103526 -1.19405 0.32975
-0.0811634 -1.41531 0.32975
-0.132066 -1.59372 0.32975
-0.119805 -1.60343 0.32975
-0.106442 -1.61022 0.32975
-0.0822161 -1.58465 0.32975
-0.0730027 -1.60348 0.32975
-0.0511716 -1.58317 0.32975
-0.0352905 -1.58077 0.32975
-0.0209093 -1.58301 0.32975
-0.00184016 -1.56878 0.32975
0.0129358 -1.56879 0.32975
0.0276779 -1.56866 0.32975
0.0438868 -1.56259 0.32975
0.0589896 -1.56024 0.32975
0.0730867 -1.56163 0.32975
0.0853788 -1.57068 0.32975
0.10516 -1.54645 0.32975
0.11846 -1.55036 0.32975
0.133597 -1.54534 0.32975
0.147476 -1.54606 0.32975
0.16189 -1.54371 0.32975
0.176762 -1.53827 0.32975
0.18838 -1.55143 0.32975
0.204588 -1.53684 0.32975
0.218156 -1.53792 0.32975
0.233256 -1.52798 0.32975
0.24464 -1.54467 0.32975
0.258371 -1.5444 0.32975
0.275025 -1.51818 0.32975
0.288908 -1.51366 0.32975
0.302218 -1.514 0.32975
0.316133 -1.50724 0.32975
0.327879 -1.52628 0.32975
0.343017 -1.50133 0.32975
0.356183 -1.50119 0.32975
0.368606 -1.51492 0.32975
0.382484 -1.50057 0.32975
0.395441 -1.50508 0.32975
0.408237 -1.51848 0.32975
0.421996 -1.48977 0.32975
0.435076 -1.48094 0.32975
0.448 -1.496 0.32975
0.460889 -1.47694 0.32975
0.473672 -1.47078 0.32975
0.486846 -1.48349 0.32975
0.50014 -1.49309 0.32975
0.512339 -1.4736 0.32975
0.524986 -1.46898 0.32975
0.537986 -1.47125 0.32975
0.551937 -1.48637 0.32975
0.562864 -1.45949 0.32975
0.576293 -1.4664 0.32975
0.588318 -1.45726 0.32975
0.600612 -1.452 0.32975
0.613503 -1.4526 0.32975
0.626417 -1.45309 0.32975
0.639613 -1.45544 0.32975
0.651054 -1.4448 0.32975
0.66321 -1.44001 0.32975
0.676863 -1.44499 0.32975
0.69095 -1.45181 0.32975
0.701526 -1.43782 0.32975
0.712606 -1.42769 0.32975
0.726199 -1.43121 0.32975
0.73808 -1.42579 0.32975
0.749888 -1.42027 0.32975
0.765517 -1.43223 0.32975
0.778678 -1.43232 0.32975
0.78883 -1.41966 0.32975
0.803383 -1.42536 0.32975
0.812052 -1.40769 0.32975
0.828723 -1.42088 0.32975
0.840039 -1.41365 0.32975
0.854565 -1.41786 0.32975
0.862378 -1.39892 0.32975
0.878956 -1.40959 0.32975
0.891541 -1.40673 0.32975
0.904418 -1.40471 0.32975
0.916659 -1.40067 0.32975
0.928864 -1.39653 0.32975
0.942368 -1.39605 0.32975
0.951796 -1.38417 0.32975
0.97226 -1.4022 0.32975
0.98161 -1.3901 0.32975
0.991888 -1.38074 0.32975
1.00429 -1.37687 0.32975
1.01437 -1.36734 0.32975
1.02784 -1.36603 0.32975
1.04453 -1.37192 0.32975
1.06543 -1.38676 0.32975
1.06423 -1.3522 0.32975
1.08446 -1.3649 0.32975
1.09635 -1.35929 0.32975
1.11345 -1.36437 0.32975
1.12265 -1.35314 0.32975
1.13852 -1.35522 0.32975
1.14616 -1.34116 0.32975
1.16582 -1.35003 0.32975
1.17424 -1.33756 0.32975
1.19558 -1.34866 0.32975
1.20781 -1.34296 0.32975
1.2255 -1.34667 0.32975
1.23418 -1.33466 0.32975
1.25146 -1.33718 0.32975
1.25683 -1.31989 0.32975
1.27202 -1.31871 0.32975
1.28511 -1.314 0.32975
1.29873 -1.31 0.32975
1.30626 -1.29669 0.32975
1.33208 -1.31071 0.32975
1.33782 -1.2947 0.32975
1.35769 -1.29918 0.32975
1.37538 -1.30014 0.32975
1.37905 -1.28148 0.32975
1.39972 -1.28617 0.32975
1.41813 -1.2874 0.32975
1.41958 -1.26619 0.32975
1.44168 -1.27185 0.32975
1.45896 -1.27096 0.32975
1.46435 -1.25509 0.32975
1.4899 -1.26392 0.32975
1.51438 -1.27087 0.32975
1.52284 -1.25847 0.32975
1.54099 -1.25735 0.32975
1.55723 -1.25375 0.32975
1.56143 -1.23659 0.32975
1.58096 -1.23641 0.32975
1.60535 -1.24111 0.32975
1.61476 -1.22951 0.32975
1.63517 -1.22935 0.32975
1.65707 -1.23036 0.32975
1.67412 -1.22612 0.32975
1.70903 -1.23921 0.32975
1.70253 -1.21148 0.32975
1.73626 -1.22252 0.32975
1.76005 -1.22351 0.32975
1.77068 -1.21201 0.32975
1.79904 -1.21648 0.32975
1.8126 -1.20729 0.32975
1.82308 -1.19534 0.32975
1.84867 -1.19628 0.32975
1.88204 -1.2033 0.32975
1.88862 -1.18756 0.32975
1.91292 -1.18627 0.32975
1.9373 -1.18465 0.32975
1.96177 -1.18269 0.32975
1.9641 -1.16334 0.32975
1.98378 -1.15729 0.32975
2.0107 -1.15634 0.32975
2.04419 -1.1597 0.32975
2.05181 -1.14398 0.32975
2.09941 -1.15633 0.32975
2.10449 -1.13848 0.32975
2.13675 -1.13908 0.32975
2.15913 -1.13257 0.32975
2.17482 -1.12141 0.32975
2.21659 -1.12672 0.32975
2.2289 -1.11283 0.32975
2.25048 -1.10456 0.32975
2.28405 -1.10321 0.32975
2.3186 -1.10187 0.32975
2.34806 -1.097 0.32975
2.37584 -1.09072 0.32975
2.39315 -1.07822 0.32975
2.4271 -1.07456 0.32975
2.4673 -1.07368 0.32975
2.49699 -1.06664 0.32975
2.51781 -1.05462 0.32975
2.55915 -1.05258 0.32975
2.58983 -1.04464 0.32975
2.61962 -1.03581 0.32975
2.65395 -1.02865 0.32975
2.69651 -1.02471 0.32975
2.72912 -1.01562 0.32975
2.75624 -1.00365 0.32975
2.79437 -0.995974 0.32975
2.83069 -0.986941 0.32975
2.87073 -0.978847 0.32975
2.9164 -0.972328 0.32975
2.9528 -0.961501 0.32975
2.98919 -0.950113 0.32975
3.03779 -0.942607 0.32975
3.09305 -0.936662 0.32975
3.33656 -0.994611 0.32975
4.03456 -1.20005 0.32975
4.03919 -1.16685 0.32975
4.16082 -1.17065 0.32975
4.20245 -1.14785 0.32975
4.29095 -1.13833 0.32975
4.34015 -1.11606 0.32975
4.41816 -1.10102 0.32975
4.59182 -1.11033 0.32975
4.5694 -1.06587 0.32975
4.66588 -1.05163 0.32975
4.78088 -1.04023 0.32975
4.83656 -1.01318 0.32975
4.93603 -0.994973 0.32975
5.05018 -0.978225 0.32975
5.16732 -0.960156 0.32975
5.25503 -0.934392 0.32975
5.34559 -0.907715 0.32975
5.43704 -0.879701 0.32975
5.56386 -0.856102 0.32975
5.69855 -0.831606 0.32975
5.85198 -0.807631 0.32975
5.98063 -0.77756 0.32975
6.11708 -0.746349 0.32975
6.27226 -0.715129 0.32975
6.44023 -0.682729 0.32975
6.59613 -0.646196 0.32975
6.74886 -0.606703 0.32975
6.96511 -0.570173 0.32975
7.12037 -0.525127 0.32975
7.35613 -0.483064 0.32975
7.57967 -0.436193 0.32975
7.75797 -0.383099 0.32975
8.08273 -0.333339 0.32975
8.28023 -0.273508 0.32975
8.6142 -0.21384 0.32975
8.90871 -0.147683 0.32975
9.27466 -0.0770287 0.32975
9.626 0 0.32975
10.0416 0.0837219 0.32975
10.1425 0.169218 0.32975
10.1177 0.25321 0.32975
10.0761 0.336222 0.32975
10.0618 0.419749 0.32975
10.0468 0.503053 0.32975
10.2377 0.598763 0.32975
10.9134 0.731816 0.32975
11.6484 0.881488 0.32975
12.4601 1.05092 0.32975
13.3872 1.2459 0.32975
13.9606 1.42023 0.32975
13.3078 1.46519 0.32975
13.1218 1.55615 0.32975
13.6868 1.74292 0.32975
18.5471 2.54367 0.32975
18.5064 2.69885 0.32975
18.4921 2.8579 0.32975
18.4448 3.01162 0.32975
18.4099 3.16717 0.32975
18.3796 3.32343 0.32975
18.347 3.47921 0.32975
18.3101 3.63408 0.32975
18.264 3.7869 0.32975
18.242 3.94483 0.32975
18.2156 4.10198 0.32975
18.1675 4.25407 0.32975
18.1287 4.4083 0.32975
18.0954 4.56393 0.32975
12.865 3.32712 0.32975
13.0908 3.50617 0.32975
13.5164 3.74729 0.32975
12.6269 3.60756 0.32975
11.3288 3.32661 0.32975
10.2846 3.10148 0.32975
9.55437 2.95884 0.32975
9.49311 3.02645 0.32975
9.48716 3.11243 0.32975
9.47191 3.19553 0.32975
9.46247 3.281 0.32975
9.36044 3.33222 0.32975
8.83995 3.22137 0.32975
8.35934 3.11636 0.32975
7.94335 3.02832 0.32975
7.59513 2.96044 0.32975
7.25329 2.88867 0.32975
6.9307 2.81876 0.32975
6.66559 2.76825 0.32975
6.38186 2.70421 0.32975
6.15049 2.65911 0.32975
5.94384 2.62138 0.32975
5.71763 2.57017 0.32975
5.54286 2.5402 0.32975
5.3423 2.49377 0.32975
5.17754 2.46204 0.32975
5.02697 2.43468 0.32975
4.86318 2.39725 0.32975
4.71964 2.36781 0.32975
4.59699 2.34738 0.32975
4.42912 2.2985 0.32975
4.32361 2.28291 0.32975
4.22125 2.2672 0.32975
4.11094 2.24465 0.32975
3.99369 2.21559 0.32975
3.86964 2.17982 0.32975
3.77584 2.16113 0.32975
3.72684 2.17022 0.32975
3.62156 2.14059 0.32975
3.41073 2.03623 0.32975
2.59664 1.50449 0.32975
2.52237 1.47963 0.32975
2.45679 1.45947 0.32975
2.40539 1.44839 0.32975
2.36393 1.44375 0.32975
2.31397 1.43181 0.32975
2.25491 1.41171 0.32975
2.21043 1.4019 0.32975
2.17249 1.39646 0.32975
2.13323 1.38919 0.32975
2.08734 1.37557 0.32975
2.04409 1.36319 0.32975
2.00723 1.35542 0.32975
1.98635 1.36102 0.32975
1.98928 1.38778 0.32975
1.99407 1.41671 0.32975
1.97287 1.42197 0.32975
1.97056 1.44486 0.32975
1.95214 1.45253 0.32975
1.95153 1.47752 0.32975
1.95131 1.50331 0.32975
1.95215 1.53064 0.32975
1.93387 1.53867 0.32975
1.92727 1.55883 0.32975
1.93271 1.59216 0.32975
1.93092 1.61832 0.32975
1.92343 1.63863 0.32975
1.90775 1.64995 0.32975
1.90445 1.67546 0.32975
1.89627 1.69571 0.32975
1.89684 1.72666 0.32975
1.89571 1.75622 0.32975
1.89166 1.78277 0.32975
1.88227 1.80313 0.32975
1.88064 1.8337 0.32975
1.86763 1.8501 0.32975
1.86347 1.87839 0.32975
1.85773 1.90514 0.32975
1.85046 1.93031 0.32975
1.88931 2.02063 0.32975
2.14579 2.42469 0.32975
2.14042 2.46249 0.32975
2.12893 2.49209 0.32975
2.11927 2.52501 0.32975
2.10643 2.55375 0.32975
2.10664 2.60355 0.32975
2.11089 2.66118 0.32975
2.10119 2.69775 0.32975
2.09252 2.73694 0.32975
2.08126 2.77272 0.32975
2.0735 2.81545 0.32975
2.06364 2.85564 0.32975
2.04399 2.87925 0.32975
2.03932 2.93086 0.32975
2.03434 2.98348 0.32975
2.02533 3.03003 0.32975
2.01064 3.06684 0.32975
2.00211 3.11706 0.32975
1.99063 3.16286 0.32975
1.97976 3.2114 0.32975
1.96562 3.25455 0.32975
1.95085 3.2977 0.32975
1.93666 3.34358 0.32975
1.92975 3.4078 0.32975
1.92418 3.47767 0.32975
1.90679 3.52183 0.32975
1.89735 3.58727 0.32975
1.87992 3.63514 0.32975
1.86965 3.70351 0.32975
1.85969 3.77573 0.32975
1.84242 3.83113 0.32975
1.82262 3.8818 0.32975
1.81018 3.95605 0.32975
1.79464 4.02469 0.32975
1.7845 4.11332 0.32975
1.76509 4.17728 0.32975
1.75022 4.25938 0.32975
1.73203 4.33482 0.32975
1.71373 4.41411 0.32975
1.69787 4.5069 0.32975
1.67713 4.58718 0.32975
1.65734 4.67615 0.32975
1.63656 4.76706 0.32975
1.61453 4.85893 0.32975
1.59525 4.96929 0.32975
1.57154 5.06795 0.32975
1.54972 5.1832 0.32975
1.5216 5.27689 0.32975
1.49707 5.39699 0.32975
1.4718 5.52393 0.32975
1.44491 5.65378 0.32975
1.41518 5.77963 0.32975
1.38567 5.9202 0.32975
1.35525 6.07058 0.32975
1.31936 6.20007 0.32975
1.28585 6.36408 0.32975
1.251 6.53989 0.32975
1.21325 6.71655 0.32975
1.17175 6.88607 0.32975
1.13033 7.08623 0.32975
1.08668 7.30012 0.32975
1.03346 7.439 0.32975
0.982962 7.65032 0.32975
0.937792 8.00804 0.32975
0.876213 8.17079 0.32975
0.804371 8.16222 0.32975
0.732606 8.15003 0.32975
0.661027 8.13521 0.32975
0.590289 8.15176 0.32975
0.521294 8.39868 0.32975
0.448001 8.41 0.32975
0.374768 8.39168 0.32975
0.301678 8.38272 0.32975
0.229082 8.36013 0.32975
0.156171 8.35691 0.32975
0.0849129 8.31608 0.32975
0.0116763 8.32557 0.32975
0.251607 3.211 0.32975
0.22457 3.1952 0.32975
0.196224 3.19911 0.32975
0.157161 3.3243 0.32975
0.0889614 3.72875 0.32975
-0.417601 8.23564 0.32975
-0.488983 8.22379 0.32975
0.0617962 3.14538 0.32975
0.030447 3.17163 0.32975
-0.698368 8.15684 0.32975
-0.772165 8.16433 0.32975
-0.146607 3.7542 0.32975
-0.0753665 3.12751 0.32975
-0.093609 3.07162 0.32975
-0.121304 3.07169 0.32975
-0.16297 3.14317 0.32975
-0.316975 3.75997 0.32975
-0.350796 3.75804 0.32975
-0.378582 3.72847 0.32975
-0.408388 3.70943 0.32975
-0.433255 3.6707 0.32975
-0.461141 3.64637 0.32975
-0.490926 3.63055 0.32975
-0.519466 3.61063 0.32975
-0.546127 3.58471 0.32975
-0.571031 3.55378 0.32975
-0.599164 3.53517 0.32975
-0.624711 3.50868 0.32975
-0.650778 3.48488 0.32975
-0.673422 3.45138 0.32975
-0.707623 3.45379 0.32975
-0.734464 3.43412 0.32975
-0.765388 3.4265 0.32975
-0.787719 3.39511 0.32975
-0.820101 3.39169 0.32975
-0.848217 3.37676 0.32975
-0.87397 3.35602 0.32975
-0.91332 3.36939 0.32975
-0.936548 3.3426 0.32975
-0.968009 3.33591 0.32975
-0.989888 3.30692 0.32975
-1.02845 3.31617 0.32975
-1.06065 3.31044 0.32975
-1.09413 3.30712 0.32975
-1.1182 3.28361 0.32975
-1.15995 3.29678 0.32975
-1.18285 3.27099 0.32975
-1.21814 3.26999 0.32975
-1.25354 3.26864 0.32975
-1.28576 3.26073 0.32975
-1.31749 3.25162 0.32975
-1.34919 3.24221 0.32975
-1.3848 3.23946 0.32975
-1.415 3.22681 0.32975
-1.4507 3.22335 0.32975
-1.48236 3.21266 0.32975
-1.51659 3.20593 0.32975
-1.55086 3.19884 0.32975
-1.58568 3.19224 0.32975
-1.62544 3.19282 0.32975
-1.6604 3.18544 0.32975
-1.68588 3.16361 0.32975
-1.74739 3.19431 0.32975
-1.77231 3.17094 0.32975
-1.8121 3.16854 0.32975
-1.84436 3.15517 0.32975
-1.85396 3.11093 0.32975
0.446195 0.00239591 0.32975
0.446174 0.00238006 0.32975
-1.79362 2.86915 0.32975
-1.77438 2.79391 0.32975
-1.7691 2.73788 0.32975
-1.75983 2.67831 0.32975
-1.74005 2.60762 0.32975
-1.7322 2.55268 0.32975
-1.71962 2.49356 0.32975
-1.70551 2.43411 0.32975
-1.70459 2.3907 0.32975
-1.69497 2.33864 0.32975
-1.6812 2.28329 0.32975
-1.6625 2.224 0.32975
-1.66515 2.18823 0.32975
-1.63931 2.12406 0.32975
-1.64009 2.08809 0.32975
