-0.619024 -1.06702 0.32975
-0.588645 -1.0549 0.32975
-0.581484 -1.06606 0.32975
-0.570076 -1.07283 0.32975
-0.53135 -1.05022 0.32975
-0.516067 -1.05209 0.32975
-0.512203 -1.06641 0.32975
-0.509486 -1.08224 0.32975
-0.480323 -1.06791 0.32975
-0.470969 -1.07597 0.32975
-0.454474 -1.07553 0.32975
-0.440601 -1.07796 0.32975
-0.428014 -1.08179 0.32975
-0.426011 -1.09878 0.32975
-0.405922 -1.09297 0.32975
-0.386003 -1.08689 0.32975
-0.372274 -1.08854 0.32975
-0.371071 -1.10691 0.32975
-0.349624 -1.09784 0.32975
-0.33653 -1.09987 0.32975
-0.325755 -1.10504 0.32975
-0.314383 -1.10927 0.32975
-0.304114 -1.11506 0.32975
-0.296011 -1.12408 0.32975
-0.281816 -1.12382 0.32975
-0.274131 -1.13352 0.32975
-0.252553 -1.12112 0.32975
-0.241698 -1.12549 0.32975
-0.22773 -1.1246 0.32975
-0.215353 -1.12615 0.32975
-0.215 -1.14835 0.32975
-0.196583 -1.1393 0.32975
-0.190009 -1.151 0.32975
-0.172784 -1.14334 0.32975
-0.161844 -1.14695 0.32975
-0.1435 -1.13626 0.32975
-0.152175 -1.17791 0.32975
-0.223081 -1.34598 0.32975
-0.298108 -1.52975 0.32975
-0.289896 -1.54703 0.32975
-0.270029 -1.53982 0.32975
-0.253661 -1.53965 0.32975
-0.237758 -1.54024 0.32975
-0.223892 -1.54525 0.32975
-0.207647 -1.54461 0.32975
-0.197204 -1.55766 0.32975
-0.178717 -1.55118 0.32975
-0.178717 -1.59101 0.32975
-0.152983 -1.56561 0.32975
-0.135796 -1.56143 0.32975
-0.121806 -1.56553 0.32975
-0.103783 -1.55819 0.32975
-0.0960243 -1.57996 0.32975
-0.079995 -1.57801 0.32975
-0.0612601 -1.56734 0.32975
-0.0529758 -1.58889 0.32975
-0.0314897 -1.56834 0.32975
-0.0248855 -1.59643 0.32975
-0.0073529 -1.588 0.32975
0.00812553 -1.58614 0.32975
0.0235368 -1.58412 0.32975
0.0333708 -1.60325 0.32975
0.0529416 -1.58449 0.32975
0.0663168 -1.58982 0.32975
0.079755 -1.59504 0.32975
0.0939048 -1.59722 0.32975
0.107649 -1.60123 0.32975
0.123429 -1.59532 0.32975
0.135264 -1.60889 0.32975
0.149863 -1.60861 0.32975
0.162001 -1.62198 0.32975
0.179468 -1.60469 0.32975
0.190822 -1.62376 0.32975
0.205149 -1.62495 0.32975
0.221565 -1.61117 0.32975
0.233806 -1.62696 0.32975
0.248987 -1.62083 0.32975
0.262913 -1.62449 0.32975
0.277514 -1.62207 0.32975
0.29158 -1.62449 0.32975
0.3055 -1.62878 0.32975
0.319013 -1.63893 0.32975
0.33353 -1.637 0.32975
0.347209 -1.64792 0.32975
0.361646 -1.64774 0.32975
0.375766 -1.65442 0.32975
0.389962 -1.66199 0.32975
0.404965 -1.64344 0.32975
0.418977 -1.66275 0.32975
0.433619 -1.64794 0.32975
0.448 -1.648 0.32975
0.462373 -1.64694 0.32975
0.476866 -1.65375 0.32975
0.491506 -1.66143 0.32975
0.506387 -1.67198 0.32975
0.520452 -1.65942 0.32975
0.536081 -1.68069 0.32975
0.550867 -1.68186 0.32975
0.564842 -1.67092 0.32975
0.57887 -1.66286 0.32975
0.594247 -1.67161 0.32975
0.609404 -1.67625 0.32975
0.62413 -1.67577 0.32975
0.6392 -1.67814 0.32975
0.653228 -1.67145 0.32975
0.671722 -1.69934 0.32975
0.685847 -1.69237 0.32975
0.701345 -1.69517 0.32975
0.717536 -1.70179 0.32975
0.732212 -1.69838 0.32975
0.749801 -1.7116 0.32975
0.762174 -1.69513 0.32975
0.779244 -1.7041 0.32975
0.7949 -1.70507 0.32975
0.813509 -1.71958 0.32975
0.825904 -1.70461 0.32975
0.844364 -1.71684 0.32975
0.861665 -1.72304 0.32975
0.87475 -1.7116 0.32975
0.890421 -1.71072 0.32975
0.912321 -1.73287 0.32975
0.92502 -1.72008 0.32975
0.941391 -1.72066 0.32975
0.959512 -1.72683 0.32975
0.981578 -1.74526 0.32975
0.991375 -1.72337 0.32975
1.00979 -1.72902 0.32975
1.02867 -1.73543 0.32975
1.04867 -1.74448 0.32975
1.06454 -1.74106 0.32975
1.08689 -1.75535 0.32975
1.10709 -1.76282 0.32975
1.11994 -1.75046 0.32975
1.13812 -1.75198 0.32975
1.16237 -1.76814 0.32975
1.17319 -1.75075 0.32975
1.20016 -1.77197 0.32975
1.2116 -1.75617 0.32975
1.23788 -1.77411 0.32975
1.25707 -1.77533 0.32975
1.27253 -1.76821 0.32975
1.30127 -1.78892 0.32975
1.32518 -1.79849 0.32975
1.34263 -1.79434 0.32975
1.36143 -1.79271 0.32975
1.38073 -1.79176 0.32975
1.41136 -1.81181 0.32975
1.42188 -1.79367 0.32975
1.44089 -1.79122 0.32975
1.4747 -1.81469 0.32975
1.4985 -1.81952 0.32975
1.5184 -1.81718 0.32975
1.53782 -1.81377 0.32975
1.56615 -1.82465 0.32975
1.59845 -1.84111 0.32975
1.6177 -1.83606 0.32975
1.6364 -1.82998 0.32975
1.65343 -1.82121 0.32975
1.6827 -1.83052 0.32975
1.71392 -1.84192 0.32975
1.74371 -1.85046 0.32975
1.77316 -1.85781 0.32975
1.79755 -1.8575 0.32975
1.82918 -1.86656 0.32975
1.85143 -1.86242 0.32975
1.89016 -1.87945 0.32975
1.91266 -1.87468 0.32975
1.94453 -1.88139 0.32975
1.96907 -1.87836 0.32975
1.99876 -1.88122 0.32975
2.03183 -1.88753 0.32975
2.06967 -1.89873 0.32975
2.0993 -1.8996 0.32975
2.13238 -1.90385 0.32975
2.17101 -1.9136 0.32975
2.20251 -1.91471 0.32975
2.24507 -1.92712 0.32975
2.28246 -1.93312 0.32975
2.31663 -1.93502 0.32975
2.35868 -1.94432 0.32975
2.40315 -1.95515 0.32975
2.43226 -1.94993 0.32975
2.47438 -1.95685 0.32975
2.52982 -1.97558 0.32975
2.57112 -1.97984 0.32975
2.60601 -1.97745 0.32975
2.63879 -1.9726 0.32975
2.69412 -1.9872 0.32975
2.73628 -1.98917 0.32975
2.79081 -2.00095 0.32975
2.86181 -2.02542 0.32975
3.09622 -2.18302 0.32975
3.63352 -2.57958 0.32975
3.67548 -2.56725 0.32975
3.7805 -2.60363 0.32975
3.84911 -2.60976 0.32975
3.91967 -2.61609 0.32975
4.0324 -2.65231 0.32975
4.07159 -2.63269 0.32975
4.17828 -2.66078 0.32975
4.28737 -2.68835 0.32975
4.32634 -2.66551 0.32975
4.42324 -2.68133 0.32975
4.54321 -2.71056 0.32975
4.66148 -2.73627 0.32975
4.76448 -2.7499 0.32975
4.85276 -2.7524 0.32975
4.95676 -2.76297 0.32975
5.08613 -2.78687 0.32975
5.19988 -2.79907 0.32975
5.33758 -2.823 0.32975
5.48562 -2.85015 0.32975
5.63712 -2.87638 0.32975
5.76045 -2.88442 0.32975
5.92316 -2.91119 0.32975
6.09294 -2.93857 0.32975
6.26271 -2.96274 0.32975
6.4378 -2.9864 0.32975
6.6317 -3.01599 0.32975
6.82115 -3.03984 0.32975
7.04139 -3.07455 0.32975
7.26088 -3.10481 0.32975
7.47408 -3.12821 0.32975
7.77256 -3.18481 0.32975
8.04217 -3.22353 0.32975
8.32038 -3.26085 0.32975
8.63225 -3.30665 0.32975
8.98179 -3.36155 0.32975
9.32261 -3.40665 0.32975
9.73698 -3.47301 0.32975
9.83835 -3.41781 0.32975
9.84236 -3.32672 0.32975
9.85496 -3.23908 0.32975
9.88097 -3.15623 0.32975
9.87868 -3.06421 0.32975
10.2303 -3.08434 0.32975
10.888 -3.19182 0.32975
11.5377 -3.28492 0.32975
12.2888 -3.3953 0.32975
13.1727 -3.52888 0.32975
13.8435 -3.5893 0.32975
13.304 -3.3248 0.32975
13.1356 -3.16337 0.32975
13.7024 -3.18209 0.32975
18.543 -4.17756 0.32975
18.5583 -4.01495 0.32975
18.6014 -3.85863 0.32975
18.6168 -3.69648 0.32975
18.6376 -3.53569 0.32975
18.6638 -3.37609 0.32975
18.6699 -3.21301 0.32975
18.7012 -3.05454 0.32975
18.7084 -2.89216 0.32975
18.7448 -2.73448 0.32975
18.7719 -2.57526 0.32975
18.7778 -2.41317 0.32975
18.818 -2.25556 0.32975
13.3615 -1.4713 0.32975
13.5349 -1.37549 0.32975
14.2412 -1.32813 0.32975
14.1517 -1.19891 0.32975
12.6114 -0.95728 0.32975
11.1329 -0.747162 0.32975
10.2617 -0.600231 0.32975
10.2326 -0.512787 0.32975
10.2617 -0.428473 0.32975
10.273 -0.343097 0.32975
10.2906 -0.257739 0.32975
10.1125 -0.168696 0.32975
9.47066 -0.0787391 0.32975
8.905 0 0.32975
8.48869 0.0701697 0.32975
8.05884 0.132847 0.32975
7.68852 0.1896 0.32975
7.3388 0.240632 0.32975
7.02573 0.28719 0.32975
6.76932 0.331286 0.32975
6.51167 0.370869 0.32975
6.2618 0.406541 0.32975
6.04071 0.440156 0.32975
5.81948 0.469944 0.32975
5.637 0.499644 0.32975
5.47034 0.527868 0.32975
5.34134 0.557526 0.32975
5.12686 0.574492 0.32975
5.00865 0.60042 0.32975
4.84677 0.618207 0.32975
4.71165 0.637206 0.32975
3.31131 0.453504 0.32975
3.14155 0.450745 0.32975
3.08039 0.464162 0.32975
3.00348 0.47363 0.32975
2.92857 0.482174 0.32975
2.85959 0.490645 0.32975
2.79751 0.499404 0.32975
2.72863 0.505603 0.32975
2.66469 0.511763 0.32975
2.61736 0.520816 0.32975
2.61564 0.540454 0.32975
2.62924 0.564106 0.32975
2.63292 0.585449 0.32975
2.61713 0.601553 0.32975
2.64641 0.630383 0.32975
2.63123 0.646703 0.32975
2.6322 0.667777 0.32975
2.6282 0.687413 0.32975
2.64019 0.712284 0.32975
2.64242 0.734243 0.32975
2.62931 0.751086 0.32975
2.63964 0.776101 0.32975
2.65158 0.802037 0.32975
2.65948 0.826839 0.32975
2.65778 0.848257 0.32975
2.64844 0.866775 0.32975
2.66212 0.894561 0.32975
2.66993 0.920353 0.32975
2.66366 0.94049 0.32975
2.67279 0.967365 0.32975
2.67157 0.989997 0.32975
2.6583 1.00729 0.32975
2.66574 1.03415 0.32975
2.67739 1.06336 0.32975
2.6869 1.09198 0.32975
2.68892 1.11728 0.32975
2.79046 1.19354 0.32975
3.13032 1.39633 0.32975
3.12333 1.4225 0.32975
3.12751 1.45486 0.32975
3.13133 1.4874 0.32975
3.13218 1.51863 0.32975
3.14307 1.556 0.32975
3.13973 1.58555 0.32975
3.14893 1.62289 0.32975
3.16451 1.66468 0.32975
3.16854 1.69998 0.32975
3.18649 1.74461 0.32975
3.18039 1.77443 0.32975
3.18815 1.81366 0.32975
3.18963 1.84925 0.32975
3.20058 1.8918 0.32975
3.20117 1.92779 0.32975
3.20215 1.96452 0.32975
3.21484 2.01023 0.32975
3.20844 2.04262 0.32975
3.21767 2.08709 0.32975
3.22156 2.12823 0.32975
3.22889 2.17267 0.32975
3.23565 2.2174 0.32975
3.24339 2.26367 0.32975
3.25363 2.31278 0.32975
3.25709 2.3571 0.32975
3.26074 2.40231 0.32975
3.26609 2.44972 0.32975
3.26407 2.49145 0.32975
3.27418 2.5447 0.32975
3.29315 2.6071 0.32975
3.30467 2.66389 0.32975
3.29509 2.70179 0.32975
3.31169 2.76543 0.32975
3.31598 2.81836 0.32975
3.3231 2.8751 0.32975
3.34276 2.94572 0.32975
3.35584 3.01116 0.32975
3.35148 3.05963 0.32975
3.35672 3.11922 0.32975
3.36587 3.1843 0.32975
3.38414 3.26092 0.32975
3.3907 3.32611 0.32975
3.39502 3.39016 0.32975
3.40624 3.46365 0.32975
3.42732 3.55062 0.32975
3.4363 3.62509 0.32975
3.44042 3.69533 0.32975
3.45724 3.78313 0.32975
3.46905 3.86677 0.32975
3.46746 3.93503 0.32975
3.48295 4.02752 0.32975
3.50123 4.1262 0.32975
3.5133 4.21902 0.32975
3.52515 4.314 0.32975
3.54015 4.41605 0.32975
3.55134 4.51539 0.32975
3.56438 4.62023 0.32975
3.58521 4.73981 0.32975
3.602 4.85674 0.32975
3.61914 4.9777 0.32975
3.63758 5.1044 0.32975
3.65457 5.23265 0.32975
3.67471 5.37015 0.32975
3.68457 5.49461 0.32975
3.71 5.64995 0.32975
3.73493 5.80962 0.32975
3.75973 5.97453 0.32975
3.77857 6.13414 0.32975
3.80331 6.31043 0.32975
3.83077 6.49824 0.32975
3.86155 6.69948 0.32975
3.88595 6.89547 0.32975
3.91859 7.11575 0.32975
3.93256 7.30553 0.32975
3.86994 7.33837 0.32975
3.79457 7.34339 0.32975
3.71979 7.34856 0.32975
3.65594 7.37775 0.32975
3.67544 7.60337 0.32975
1.63355 2.86218 0.32975
1.60816 2.87149 0.32975
1.57792 2.86848 0.32975
1.56467 2.90904 0.32975
1.6254 3.14909 0.32975
1.64507 3.28892 0.32975
3.18789 7.7372 0.32975
1.44066 2.88289 0.32975
1.41356 2.88575 0.32975
2.97514 7.77774 0.32975
2.90026 7.77756 0.32975
2.82732 7.78241 0.32975
2.7596 7.80383 0.32975
1.27464 2.88282 0.32975
1.24678 2.88029 0.32975
1.2185 2.87556 0.32975
1.21441 2.9635 0.32975
1.33464 3.55613 0.32975
1.30661 3.57638 0.32975
1.27582 3.58568 0.32975
1.24407 3.59082 0.32975
1.20896 3.58002 0.32975
1.18068 3.60122 0.32975
1.14731 3.59766 0.32975
1.11498 3.59871 0.32975
1.08182 3.59455 0.32975
1.05339 3.6177 0.32975
1.0193 3.60704 0.32975
0.987948 3.61288 0.32975
0.956817 3.62042 0.32975
0.924029 3.6158 0.32975
0.894895 3.63967 0.32975
0.862098 3.63449 0.32975
0.830783 3.64194 0.32975
0.799371 3.64912 0.32975
0.767426 3.65105 0.32975
0.736573 3.66666 0.32975
0.703448 3.65308 0.32975
0.67272 3.67413 0.32975
0.640178 3.66697 0.32975
0.60852 3.6765 0.32975
0.576117 3.66876 0.32975
0.544671 3.69173 0.32975
0.51233 3.68544 0.32975
0.480271 3.69786 0.32975
0.448 3.703 0.32975
0.415747 3.69586 0.32975
0.383286 3.70744 0.32975
0.350674 3.71673 0.32975
0.318279 3.71474 0.32975
0.285431 3.72345 0.32975
0.252683 3.72689 0.32975
0.2198 3.73103 0.32975
0.186622 3.73787 0.32975
0.153621 3.74043 0.32975
0.120294 3.74569 0.32975
0.0864695 3.75463 0.32975
0.0528822 3.75929 0.32975
0.0212239 3.74577 0.32975
-0.0136409 3.75976 0.32975
-0.0473465 3.76253 0.32975
-0.0822489 3.77292 0.32975
-0.115005 3.76716 0.32975
-0.148484 3.76606 0.32975
-0.186279 3.7903 0.32975
-0.220546 3.79151 0.32975
-0.252696 3.78062 0.32975
-0.289859 3.79595 0.32975
-0.32176 3.78349 0.32975
-0.354331 3.77467 0.32975
-0.376418 3.71871 0.32975
-0.377795 3.57691 0.32975
0.4473 0.00291711 0.32975
-0.427998 3.51344 0.32975
-0.405045 3.29848 0.32975
-0.424479 3.25614 0.32975
-0.43549 3.18576 0.32975
-0.443963 3.11064 0.32975
-0.456589 3.05384 0.32975
-0.468293 2.99706 0.32975
-0.476971 2.93363 0.32975
-0.480287 2.85697 0.32975
-0.491538 2.80799 0.32975
-0.497776 2.74673 0.32975
-0.501347 2.68087 0.32975
-0.513419 2.64148 0.32975
0.0316034 1.1137 0.32975
0.0860484 0.942916 0.32975
0.0906613 0.907157 0.32975
0.0823841 0.904931 0.32975
0.0986102 0.843502 0.32975
0.0857924 0.853308 0.32975
0.0859361 0.832691 0.32975
0.072582 0.843202 0.32975
0.0660674 0.838074 0.32975
0.0596137 0.832897 0.32975
0.0527908 0.828573 0.32975
0.0455753 0.825093 0.32975
0.0424062 0.813495 0.32975
0.0344148 0.811707 0.32975
0.0259619 0.810728 0.32975
0.0104527 0.822907 0.32975
0.00853701 0.809391 0.32975
0.00245981 0.803775 0.32975
-0.00158279 0.794635 0.32975
-0.0110001 0.795011 0.32975
-0.0224881 0.79873 0.32975
-0.0340756 0.802309 0.32975
-0.0321761 0.783576 0.32975
-0.0469445 0.792077 0.32975
-0.0575988 0.793631 0.32975
-0.0639605 0.78835 0.32975
-0.0675093 0.778849 0.32975
-0.0837925 0.788415 0.32975
-0.0861212 0.777151 0.32975
-0.0997655 0.78229 0.32975
-0.0972801 0.764454 0.32975
-0.116274 0.776656 0.32975
-0.12184 0.770095 0.32975
-0.13877 0.77867 0.32975
-0.133976 0.758446 0.32975
-0.146113 0.760431 0.32975
-0.161442 0.766173 0.32975
-0.167475 0.760049 0.32975
-0.170904 0.750791 0.32975
-0.181932 0.750724 0.32975
-0.202097 0.761166 0.32975
-0.215276 0.763011 0.32975
-0.210644 0.744462 0.32975
-0.215108 0.736457 0.32975
-0.224212 0.733591 0.32975
-0.242864 0.740861 0.32975
-0.245173 0.730452 0.32975
-0.257078 0.73013 0.32975
-0.273937 0.734648 0.32975
-0.267592 0.715592 0.32975
