0.448 0 0.32975
0.448 0 0.32975
-1.2685 -1.77749 0.32975
-1.25843 -1.7982 0.32975
0.448 0 0.32975
0.448 0 0.32975
-0.896953 -1.49372 0.32975
-0.877903 -1.49866 0.32975
-0.839188 -1.48074 0.32975
-0.830114 -1.49648 0.32975
-0.82022 -1.51141 0.32975
-0.801894 -1.51624 0.32975
-0.780434 -1.51699 0.32975
-0.767149 -1.52765 0.32975
-0.74823 -1.5311 0.32975
-0.737867 -1.54545 0.32975
-0.721327 -1.55175 0.32975
-0.702982 -1.55546 0.32975
-0.683486 -1.55736 0.32975
-0.672757 -1.57124 0.32975
-0.65212 -1.57113 0.32975
-0.646297 -1.59221 0.32975
-0.621736 -1.58595 0.32975
-0.60344 -1.58855 0.32975
-0.584636 -1.59012 0.32975
-0.57878 -1.61172 0.32975
-0.560436 -1.61384 0.32975
-0.548405 -1.62598 0.32975
-0.523362 -1.61662 0.32975
-0.504142 -1.61642 0.32975
-0.4925 -1.62899 0.32975
-0.482188 -1.6441 0.32975
-0.459563 -1.63729 0.32975
-0.439038 -1.63372 0.32975
-0.428034 -1.64758 0.32975
-0.416393 -1.66048 0.32975
-0.397784 -1.65995 0.32975
-0.37702 -1.65473 0.32975
-0.364302 -1.66547 0.32975
-0.358347 -1.69054 0.32975
-0.349058 -1.7093 0.32975
-0.323744 -1.69344 0.32975
-0.302836 -1.6864 0.32975
-0.359068 -1.85613 0.32975
-0.43388 -2.07758 0.32975
-0.493784 -2.27367 0.32975
-2.84067 -8.13975 0.32975
-2.77794 -8.18954 0.32975
-2.792 -8.4405 0.32975
-2.72453 -8.48531 0.32975
-2.6507 -8.51362 0.32975
-2.58096 -8.55353 0.32975
-2.50458 -8.57491 0.32975
-2.43091 -8.60414 0.32975
-2.35324 -8.62133 0.32975
-2.2785 -8.64735 0.32975
-2.20293 -8.67082 0.32975
-2.13001 -8.70321 0.32975
-2.05617 -8.73306 0.32975
-1.9804 -8.75651 0.32975
-1.90544 -8.78316 0.32975
-1.82971 -8.80724 0.32975
-1.75978 -8.85492 0.32975
-1.68079 -8.86704 0.32975
-1.60738 -8.90282 0.32975
-1.53415 -8.94092 0.32975
-1.45813 -8.96766 0.32975
-1.3808 -8.98885 0.32975
-1.30534 -9.02017 0.32975
-1.23039 -9.05578 0.32975
-1.1513 -9.07008 0.32975
-1.07522 -9.10243 0.32975
-0.999175 -9.1371 0.32975
-0.919533 -9.15037 0.32975
-0.841857 -9.1778 0.32975
-0.768635 -9.24126 0.32975
-0.687456 -9.24755 0.32975
-0.608299 -9.27102 0.32975
-0.531955 -9.32364 0.32975
-0.0157022 -4.81573 0.32975
0.0397624 -4.66618 0.32975
0.0930512 -4.51005 0.32975
0.14435 -4.3424 0.32975
0.191291 -4.19716 0.32975
0.225782 -4.24018 0.32975
0.245868 -4.62959 0.32975
0.284042 -4.69514 0.32975
0.326905 -4.62441 0.32975
0.372221 -4.34134 0.32975
0.407238 -4.67082 0.32975
0.448 -4.602 0.32975
0.48651 -4.41283 0.32975
0.522679 -4.27835 0.32975
0.561451 -4.33251 0.32975
0.611574 -4.68414 0.32975
0.65733 -4.79443 0.32975
0.700207 -4.8124 0.32975
0.74378 -4.83596 0.32975
0.787365 -4.85315 0.32975
0.831508 -4.87293 0.32975
0.875761 -4.88932 0.32975
0.921095 -4.91328 0.32975
0.967402 -4.94178 0.32975
1.01447 -4.97183 0.32975
1.06173 -4.99846 0.32975
1.10872 -5.01869 0.32975
1.15862 -5.05631 0.32975
1.20774 -5.08354 0.32975
1.25833 -5.11623 0.32975
1.31004 -5.15137 0.32975
1.36486 -5.19979 0.32975
1.41804 -5.23387 0.32975
1.47322 -5.27428 0.32975
1.52818 -5.30923 0.32975
1.58569 -5.35242 0.32975
1.64123 -5.38232 0.32975
1.69918 -5.41945 0.32975
1.75529 -5.44527 0.32975
1.81946 -5.50061 0.32975
1.87291 -5.50973 0.32975
1.92197 -5.50095 0.32975
1.96832 -5.48209 0.32975
0.448827 -0.00288379 0.32975
0.448852 -0.00287646 0.32975
2.03324 -5.18508 0.32975
2.05678 -5.10239 0.32975
2.0861 -5.04155 0.32975
2.11512 -4.98249 0.32975
2.1403 -4.91481 0.32975
2.16644 -4.85272 0.32975
2.18478 -4.77176 0.32975
2.21164 -4.71708 0.32975
2.22909 -4.63989 0.32975
2.25962 -4.59905 0.32975
2.27983 -4.53393 0.32975
2.29636 -4.46234 0.32975
2.32116 -4.4129 0.32975
2.34046 -4.35237 0.32975
2.35966 -4.29366 0.32975
2.38254 -4.24497 0.32975
2.39965 -4.18533 0.32975
2.42103 -4.13655 0.32975
2.44566 -4.0958 0.32975
2.46169 -4.03884 0.32975
2.48551 -3.99884 0.32975
2.5037 -3.94897 0.32975
2.52119 -3.8991 0.32975
2.5265 -3.82813 0.32975
2.5511 -3.7941 0.32975
2.56542 -3.74253 0.32975
2.5815 -3.69533 0.32975
2.60758 -3.66623 0.32975
2.62095 -3.61639 0.32975
2.52859 -3.39521 0.32975
2.166 -2.74937 0.32975
2.10235 -2.5968 0.32975
2.089 -2.52691 0.32975
2.11816 -2.52334 0.32975
2.14459 -2.5153 0.32975
2.1812 -2.52183 0.32975
2.21462 -2.52299 0.32975
2.23947 -2.51155 0.32975
2.26837 -2.50553 0.32975
2.29968 -2.50241 0.32975
2.34011 -2.51091 0.32975
2.36621 -2.49986 0.32975
2.3898 -2.48539 0.32975
2.42448 -2.48478 0.32975
2.46749 -2.49386 0.32975
2.48981 -2.47691 0.32975
2.53256 -2.48428 0.32975
2.5626 -2.47588 0.32975
2.59528 -2.47016 0.32975
2.63332 -2.47006 0.32975
2.67754 -2.47616 0.32975
2.71055 -2.46914 0.32975
2.73951 -2.45735 0.32975
2.78152 -2.45902 0.32975
2.8147 -2.45079 0.32975
2.85002 -2.44431 0.32975
2.88823 -2.44023 0.32975
2.93867 -2.44758 0.32975
3.01029 -2.47437 0.32975
3.26245 -2.67082 0.32975
3.94753 -3.26336 0.32975
4.04739 -3.29823 0.32975
4.08867 -3.27807 0.32975
4.20551 -3.32437 0.32975
4.30608 -3.35377 0.32975
4.41808 -3.39077 0.32975
4.5517 -3.44341 0.32975
4.67496 -3.48444 0.32975
4.81323 -3.53489 0.32975
4.96365 -3.59191 0.32975
5.11381 -3.64533 0.32975
5.26207 -3.69396 0.32975
5.41551 -3.74329 0.32975
5.60153 -3.81341 0.32975
5.78428 -3.87703 0.32975
5.98724 -3.9511 0.32975
6.20172 -4.0288 0.32975
6.41879 -4.10361 0.32975
6.65252 -4.185 0.32975
6.91562 -4.28082 0.32975
7.1993 -4.38435 0.32975
7.48779 -4.48484 0.32975
7.79464 -4.59069 0.32975
8.16525 -4.72913 0.32975
8.51223 -4.84548 0.32975
8.91868 -4.98961 0.32975
9.2676 -5.092 0.32975
10.1011 -5.46147 0.32975
10.4554 -5.54719 0.32975
11.0035 -5.73115 0.32975
11.7753 -6.02285 0.32975
12.4315 -6.23822 0.32975
13.3052 -6.55108 0.32975
14.2506 -6.88171 0.32975
15.6484 -7.41373 0.32975
16.8056 -7.80215 0.32975
18.4119 -8.37672 0.32975
20.3316 -9.06146 0.32975
0.448 0 0.32975
0.448 0 0.32975
0.448 0 0.32975
0.448 0 0.32975
38.4459 -15.3521 0.32975
38.5486 -15.0082 0.32975
38.6875 -14.6788 0.32975
38.8281 -14.3497 0.32975
38.9303 -14.0064 0.32975
39.0501 -13.6697 0.32975
39.1613 -13.3301 0.32975
0.448 0 0.32975
0.448 0 0.32975
0.448 0 0.32975
10.6958 -3.13305 0.32975
10.8483 -3.08071 0.32975
3.44137 -0.858335 0.32975
3.02282 -0.714061 0.32975
2.90435 -0.658177 0.32975
2.74541 -0.594152 0.32975
2.72722 -0.568275 0.32975
2.74571 -0.551632 0.32975
2.85275 -0.555179 0.32975
3.63756 -0.707108 0.32975
3.66708 -0.684237 0.32975
3.67097 -0.655721 0.32975
3.68246 -0.628716 0.32975
3.68684 -0.600284 0.32975
3.69688 -0.572865 0.32975
3.70176 -0.544492 0.32975
3.70737 -0.516234 0.32975
3.58615 -0.469 0.32975
3.46535 -0.42406 0.32975
3.34401 -0.381267 0.32975
3.22911 -0.341478 0.32975
3.12766 -0.305309 0.32975
3.03276 -0.27167 0.32975
2.95341 -0.241244 0.32975
2.86776 -0.211701 0.32975
2.76882 -0.182653 0.32975
2.72145 -0.158975 0.32975
2.64489 -0.134368 0.32975
2.58007 -0.111737 0.32975
2.50604 -0.0898559 0.32975
2.44478 -0.0697293 0.32975
2.39733 -0.0510452 0.32975
2.34671 -0.0331424 0.32975
2.30693 -0.0162225 0.32975
2.246 0 0.32975
2.19093 0.0152103 0.32975
2.16274 0.0299307 0.32975
2.14242 0.0443701 0.32975
2.091 0.0573748 0.32975
2.06046 0.0704017 0.32975
2.02184 0.0824814 0.32975
1.98712 0.0941367 0.32975
1.95233 0.105193 0.32975
1.90749 0.114864 0.32975
1.89946 0.126986 0.32975
1.85848 0.135813 0.32975
1.82641 0.144876 0.32975
1.80721 0.154862 0.32975
1.78297 0.163914 0.32975
1.75968 0.172686 0.32975
1.73931 0.181482 0.32975
1.71295 0.189048 0.32975
1.69249 0.197107 0.32975
1.6631 0.203339 0.32975
1.65045 0.212024 0.32975
1.63184 0.219411 0.32975
1.60141 0.2242 0.32975
1.58079 0.230469 0.32975
1.56602 0.237643 0.32975
1.54536 0.243278 0.32975
1.52858 0.249471 0.32975
1.51858 0.257023 0.32975
1.49883 0.262001 0.32975
1.48101 0.267155 0.32975
1.46995 0.27383 0.32975
1.44825 0.277393 0.32975
1.42464 0.280048 0.32975
1.42695 0.28998 0.32975
1.42056 0.297342 0.32975
1.38932 0.296797 0.32975
1.36862 0.299128 0.32975
1.35175 0.302391 0.32975
1.33962 0.307011 0.32975
1.34634 0.318118 0.32975
1.3191 0.317053 0.32975
1.29569 0.316938 0.32975
1.29476 0.32504 0.32975
1.28072 0.328019 0.32975
1.25372 0.325533 0.32975
1.26841 0.339823 0.32975
1.25344 0.34189 0.32975
1.24126 0.344918 0.32975
1.22725 0.346946 0.32975
1.21965 0.35166 0.32975
1.19661 0.349083 0.32975
1.18631 0.352158 0.32975
1.18321 0.358588 0.32975
1.17648 0.363205 0.32975
1.16259 0.3641 0.32975
1.14519 0.362934 0.32975
1.15083 0.373699 0.32975
1.13611 0.373615 0.32975
1.12758 0.376697 0.32975
1.12253 0.381628 0.32975
1.10272 0.378 0.32975
1.11059 0.390297 0.32975
1.11059 0.398124 0.32975
1.09856 0.398666 0.32975
1.08064 0.39532 0.32975
1.07211 0.397602 0.32975
1.05855 0.396497 0.32975
1.0534 0.400706 0.32975
1.04574 0.403178 0.32975
1.03395 0.402715 0.32975
1.03206 0.40896 0.32975
1.01381 0.403589 0.32975
1.01917 0.414976 0.32975
1.01231 0.417566 0.32975
1.00385 0.418863 0.32975
1.00493 0.42735 0.32975
0.985423 0.419881 0.32975
0.978608 0.422065 0.32975
0.975682 0.427309 0.32975
0.97502 0.434441 0.32975
0.971208 0.439024 0.32975
0.965836 0.442274 0.32975
0.962712 0.447432 0.32975
0.940813 0.436004 0.32975
0.945164 0.447648 0.32975
0.944188 0.454672 0.32975
0.935082 0.454211 0.32975
0.915866 0.443989 0.32975
0.917729 0.453612 0.32975
0.905907 0.449984 0.32975
0.90267 0.45467 0.32975
0.897984 0.457907 0.32975
0.890497 0.458219 0.32975
0.898184 0.474395 0.32975
0.890617 0.474649 0.32975
0.886458 0.478493 0.32975
0.862861 0.46075 0.32975
0.856837 0.462106 0.32975
0.859349 0.473203 0.32975
0.857152 0.479056 0.32975
0.843957 0.471883 0.32975
0.837916 0.473006 0.32975
0.839437 0.483385 0.32975
0.830847 0.481304 0.32975
0.830941 0.490143 0.32975
0.818736 0.483152 0.32975
0.821727 0.495953 0.32975
0.811437 0.491157 0.32975
0.80361 0.489455 0.32975
0.80281 0.497425 0.32975
0.797308 0.498864 0.32975
0.785012 0.490355 0.32975
0.789108 0.505713 0.32975
0.779714 0.501165 0.32975
0.779685 0.51075 0.32975
0.769842 0.505192 0.32975
0.767541 0.511373 0.32975
0.765157 0.517553 0.32975
0.762173 0.522872 0.32975
0.748463 0.510085 0.32975
0.74 0.505759 0.32975
0.738037 0.512639 0.32975
0.732098 0.512527 0.32975
0.727138 0.514108 0.32975
0.720293 0.51211 0.32975
0.721817 0.525997 0.32975
0.716762 0.527476 0.32975
0.709026 0.523537 0.32975
0.704447 0.525794 0.32975
0.702863 0.534331 0.32975
0.700303 0.541066 0.32975
0.691425 0.534147 0.32975
0.68228 0.526202 0.32975
0.686053 0.547485 0.32975
0.674624 0.533893 0.32975
0.672635 0.542317 0.32975
0.665646 0.538694 0.32975
0.664236 0.548946 0.32975
0.660512 0.553613 0.32975
0.652871 0.547953 0.32975
0.646372 0.545022 0.32975
0.642609 0.54956 0.32975
0.635853 0.545564 0.32975
0.635844 0.561408 0.32975
0.634028 0.572536 0.32975
0.625416 0.562693 0.32975
0.620499 0.56422 0.32975
0.615569 0.565704 0.32975
0.608972 0.561377 0.32975
0.604334 0.563724 0.32975
0.600703 0.569896 0.32975
0.594222 0.565398 0.32975
0.592911 0.581207 0.32975
0.587133 0.579533 0.32975
0.580946 0.575853 0.32975
0.576782 0.580896 0.32975
0.56942 0.571238 0.32975
0.566225 0.581095 0.32975
0.56363 0.594866 0.32975
0.554972 0.577171 0.32975
0.551147 0.584976 0.32975
0.547359 0.593744 0.32975
0.541548 0.590638 0.32975
0.53506 0.58253 0.32975
0.532339 0.600102 0.32975
0.52488 0.583961 0.32975
0.521365 0.597513 0.32975
0.517394 0.60906 0.32975
0.51218 0.610636 0.32975
0.507137 0.614159 0.32975
0.49916 0.584766 0.32975
0.495468 0.603135 0.32975
0.490272 0.604524 0.32975
0.485301 0.60986 0.32975
0.480082 0.61216 0.32975
0.474695 0.611418 0.32975
0.469882 0.626618 0.32975
0.463968 0.609791 0.32975
0.458506 0.601908 0.32975
0.453314 0.608977 0.32975
0.448 0.617 0.32975
0.442555 0.623976 0.32975
0.437249 0.615906 0.32975
0.431744 0.620787 0.32975
0.425804 0.635613 0.32975
0.420782 0.623406 0.32975
0.414767 0.63413 0.32975
0.408929 0.638806 0.32975
0.402519 0.650412 0.32975
0.397865 0.63703 0.32975
0.392656 0.632584 0.32975
0.386755 0.636058 0.32975
0.378593 0.660363 0.32975
0.375097 0.63986 0.32975
0.368907 0.644162 0.32975
0.363941 0.63849 0.32975
0.355311 0.659519 0.32975
0.351333 0.646816 0.32975
0.34491 0.650887 0.32975
0.338408 0.654894 0.32975
0.332003 0.657852 0.32975
0.326996 0.652881 0.32975
0.320158 0.65769 0.32975
0.314224 0.65753 0.32975
0.305996 0.668075 0.32975
0.300821 0.663881 0.32975
0.292334 0.674264 0.32975
0.288557 0.664129 0.32975
0.279381 0.676296 0.32975
0.271482 0.682544 0.32975
0.266827 0.676148 0.32975
0.257993 0.685141 0.32975
0.248714 0.694992 0.32975
0.244077 0.688433 0.32975
0.236031 0.693321 0.32975
0.229387 0.693352 0.32975
0.222418 0.694271 0.32975
0.213829 0.699863 0.32975
0.207405 0.698738 0.32975
0.201317 0.696612 0.32975
0.190459 0.707589 0.32975
0.184994 0.703441 0.32975
0.172415 0.717923 0.32975
0.169093 0.708048 0.32975
0.159928 0.713004 0.32975
0.14989 0.719702 0.32975
0.13776 0.730881 0.32975
0.133387 0.72356 0.32975
0.123017 0.729923 0.32975
0.117075 0.726149 0.32975
0.104834 0.735922 0.32975
0.0975639 0.734704 0.32975
0.0815217 0.751392 0.32975
0.0714091 0.755325 0.32975
0.068464 0.744882 0.32975
0.0619783 0.741541 0.32975
0.0428462 0.761984 0.32975
0.0285777 0.77248 0.32975
0.0228219 0.767041 0.32975
0.0131899 0.768524 0.32975
0.00149994 0.773361 0.32975
-0.00776948 0.773743 0.32975
-0.02635 0.789451 0.32975
-0.0332211 0.785282 0.32975
-0.0538334 0.803102 0.32975
-0.454126 1.41605 0.32975
-0.470806 1.41484 0.32975
-0.479254 1.40093 0.32975
-0.590421 1.53952 0.32975
-0.608348 1.537 0.32975
-0.618852 1.52362 0.32975
-0.5932 1.45971 0.32975
-0.606487 1.45138 0.32975
-5.69235 8.29821 0.32975
-5.7188 8.18362 0.32975
-0.715952 1.51689 0.32975
-0.721141 1.49643 0.32975
-5.81512 7.87382 0.32975
-5.83388 7.75747 0.32975
-0.836878 1.55868 0.32975
-0.833718 1.52749 0.32975
-0.954158 1.64172 0.32975
-1.16 1.84979 0.32975
-0.970669 1.60351 0.32975
0.445993 0.00222943 0.32975
0.445973 0.00221183 0.32975
-1.08854 1.64774 0.32975
-1.0946 1.62556 0.32975
-1.31782 1.82856 0.32975
-1.22297 1.70039 0.32975
-1.23067 1.67867 0.32975
