-0.433055 -0.881055 0.32975
-0.436548 -0.900122 0.32975
-0.418934 -0.897736 0.32975
-0.404183 -0.898014 0.32975
-0.409272 -0.919312 0.32975
-0.41608 -0.942978 0.32975
-0.391759 -0.932647 0.32975
-0.387564 -0.944433 0.32975
-0.37929 -0.951689 0.32975
-0.369655 -0.957351 0.32975
-0.36127 -0.96445 0.32975
-0.35155 -0.969932 0.32975
-0.397177 -1.04371 0.32975
-0.59907 -1.31635 0.32975
-0.597393 -1.33804 0.32975
-0.588721 -1.35108 0.32975
-0.573882 -1.35608 0.32975
-0.565578 -1.36977 0.32975
-0.55241 -1.37695 0.32975
-0.562423 -1.41656 0.32975
-0.543714 -1.41631 0.32975
-0.534715 -1.42986 0.32975
-0.516608 -1.43009 0.32975
-0.504643 -1.43929 0.32975
-0.502395 -1.46348 0.32975
-0.499797 -1.48774 0.32975
-0.493667 -1.50698 0.32975
-0.46376 -1.48786 0.32975
-0.464132 -1.51804 0.32975
-0.454403 -1.53198 0.32975
-0.434 -1.52767 0.32975
-0.421128 -1.53618 0.32975
-0.429505 -1.58306 0.32975
-0.409454 -1.57923 0.32975
-0.402213 -1.59902 0.32975
-0.380839 -1.59218 0.32975
-0.365097 -1.59579 0.32975
-0.362295 -1.6252 0.32975
-0.357726 -1.65198 0.32975
-0.352751 -1.67881 0.32975
-0.327082 -1.66217 0.32975
-0.314206 -1.67251 0.32975
-0.304463 -1.69006 0.32975
-0.293673 -1.70573 0.32975
-0.279541 -1.71398 0.32975
-0.268383 -1.7295 0.32975
-0.259632 -1.75145 0.32975
-0.248352 -1.76779 0.32975
-0.236841 -1.78407 0.32975
-0.224748 -1.79935 0.32975
-0.209705 -1.80703 0.32975
-0.199252 -1.82778 0.32975
-0.184904 -1.83809 0.32975
-0.16884 -1.84354 0.32975
-0.165708 -1.8888 0.32975
-0.145293 -1.88168 0.32975
-0.137913 -1.91643 0.32975
-0.115202 -1.90134 0.32975
-0.105755 -1.93117 0.32975
-0.0960975 -1.96195 0.32975
-0.0836143 -1.98401 0.32975
-0.0662803 -1.98858 0.32975
-0.0489075 -1.99299 0.32975
-0.0363992 -2.01767 0.32975
-0.0248473 -2.04813 0.32975
-0.0119342 -2.07463 0.32975
0.00577195 -2.08052 0.32975
0.0229476 -2.0892 0.32975
0.0329904 -2.13504 0.32975
0.0521843 -2.13563 0.32975
0.068405 -2.15279 0.32975
0.0845653 -2.1718 0.32975
0.0993076 -2.20156 0.32975
0.116168 -2.22034 0.32975
0.133469 -2.23801 0.32975
0.149748 -2.26545 0.32975
0.16831 -2.27789 0.32975
0.184689 -2.31105 0.32975
0.202672 -2.33414 0.32975
0.221325 -2.35411 0.32975
0.241528 -2.35999 0.32975
0.260404 -2.38363 0.32975
0.27898 -2.4171 0.32975
0.29898 -2.43645 0.32975
0.318678 -2.46761 0.32975
0.339344 -2.48863 0.32975
0.359704 -2.52846 0.32975
0.381144 -2.55312 0.32975
0.403095 -2.57261 0.32975
0.425346 -2.5959 0.32975
0.448 -2.627 0.32975
0.471344 -2.6749 0.32975
0.494947 -2.68959 0.32975
0.518939 -2.70907 0.32975
0.543939 -2.74733 0.32975
0.568695 -2.76437 0.32975
0.594855 -2.80215 0.32975
0.622538 -2.85367 0.32975
0.650363 -2.89393 0.32975
0.676551 -2.90402 0.32975
0.705371 -2.94176 0.32975
0.735921 -2.99017 0.32975
0.76608 -3.02633 0.32975
0.796666 -3.0602 0.32975
0.829573 -3.10766 0.32975
0.861638 -3.14189 0.32975
0.896277 -3.18965 0.32975
0.929711 -3.2232 0.32975
0.966893 -3.27616 0.32975
1.0014 -3.30702 0.32975
1.03806 -3.34638 0.32975
1.07744 -3.39616 0.32975
1.11927 -3.45336 0.32975
1.15835 -3.49147 0.32975
1.20459 -3.55948 0.32975
1.24515 -3.5957 0.32975
1.30709 -3.72112 0.32975
1.57297 -4.68585 0.32975
1.63947 -4.77871 0.32975
1.71192 -4.88721 0.32975
1.754 -4.87406 0.32975
1.83256 -4.99257 0.32975
1.91274 -5.10814 0.32975
1.98708 -5.19584 0.32975
2.06043 -5.27402 0.32975
2.14609 -5.38564 0.32975
2.23597 -5.50281 0.32975
2.32042 -5.59606 0.32975
2.41866 -5.72322 0.32975
2.49991 -5.79442 0.32975
2.6294 -5.99336 0.32975
2.7219 -6.08181 0.32975
2.84046 -6.23258 0.32975
2.96513 -6.39011 0.32975
3.08898 -6.53665 0.32975
3.22552 -6.70552 0.32975
3.36871 -6.88077 0.32975
3.51837 -7.06136 0.32975
3.67261 -7.24259 0.32975
3.85014 -7.46532 0.32975
4.04026 -7.70362 0.32975
4.22918 -7.92741 0.32975
4.442 -8.18891 0.32975
4.67795 -8.48398 0.32975
4.91527 -8.7675 0.32975
5.18739 -9.10428 0.32975
5.43097 -9.37161 0.32975
5.51304 -9.32864 0.32975
5.59134 -9.27884 0.32975
5.66375 -9.21881 0.32975
5.738 -9.16255 0.32975
5.92688 -9.30129 0.32975
6.38587 -9.88228 0.32975
6.88832 -10.5096 0.32975
7.43022 -11.1739 0.32975
8.07389 -11.9703 0.32975
8.36814 -12.1959 0.32975
8.1144 -11.5827 0.32975
8.30019 -11.6413 0.32975
11.3423 -15.8512 0.32975
11.4658 -15.7351 0.32975
11.5923 -15.6237 0.32975
11.7311 -15.5299 0.32975
11.8555 -15.4164 0.32975
11.983 -15.3074 0.32975
12.118 -15.2086 0.32975
12.249 -15.1046 0.32975
12.3816 -15.0026 0.32975
12.5039 -14.8878 0.32975
12.6359 -14.7851 0.32975
12.7593 -14.6721 0.32975
12.8947 -14.5732 0.32975
9.3973 -10.295 0.32975
9.62396 -10.3715 0.32975
10.1578 -10.7838 0.32975
9.96909 -10.3905 0.32975
8.82703 -8.98541 0.32975
7.75833 -7.70348 0.32975
7.71899 -7.52933 0.32975
7.79283 -7.47415 0.32975
7.86343 -7.41543 0.32975
7.93784 -7.36025 0.32975
7.86439 -7.16193 0.32975
7.44786 -6.64262 0.32975
7.01702 -6.12571 0.32975
6.67431 -5.70536 0.32975
6.3991 -5.3584 0.32975
6.13482 -5.03127 0.32975
5.88644 -4.72756 0.32975
5.68796 -4.47535 0.32975
5.51002 -4.24754 0.32975
5.31618 -4.01302 0.32975
5.14429 -3.80298 0.32975
4.99574 -3.61743 0.32975
4.85928 -3.44647 0.32975
4.70593 -3.26722 0.32975
3.31909 -2.16353 0.32975
3.14414 -1.99504 0.32975
3.07083 -1.9056 0.32975
2.99211 -1.8147 0.32975
2.91938 -1.73048 0.32975
2.85362 -1.65334 0.32975
2.81988 -1.59985 0.32975
2.83875 -1.5824 0.32975
2.85918 -1.56584 0.32975
2.88118 -1.55011 0.32975
2.89038 -1.52617 0.32975
2.90957 -1.50845 0.32975
2.93293 -1.4931 0.32975
2.95362 -1.47592 0.32975
2.96987 -1.456 0.32975
3.00685 -1.44773 0.32975
3.01151 -1.42098 0.32975
3.0493 -1.41239 0.32975
3.05534 -1.38635 0.32975
3.07444 -1.36724 0.32975
3.09964 -1.35108 0.32975
3.13101 -1.3377 0.32975
3.15337 -1.3195 0.32975
3.16388 -1.29541 0.32975
3.18867 -1.278 0.32975
3.20973 -1.25859 0.32975
3.22792 -1.2377 0.32975
3.2487 -1.21778 0.32975
3.31077 -1.21517 0.32975
3.70006 -1.34705 0.32975
3.73023 -1.32611 0.32975
3.77145 -1.30914 0.32975
3.80702 -1.28941 0.32975
3.81815 -1.26005 0.32975
3.84499 -1.2364 0.32975
3.86885 -1.21139 0.32975
3.8982 -1.188 0.32975
3.93499 -1.16673 0.32975
3.94503 -1.13626 0.32975
3.99583 -1.11863 0.32975
4.02649 -1.09405 0.32975
4.05316 -1.0679 0.32975
4.09407 -1.04549 0.32975
4.11461 -1.01684 0.32975
4.1388 -0.988947 0.32975
4.17053 -0.962711 0.32975
4.21372 -0.938899 0.32975
4.24608 -0.911838 0.32975
4.2802 -0.884732 0.32975
4.29851 -0.853638 0.32975
4.35179 -0.829776 0.32975
4.38632 -0.80126 0.32975
4.4069 -0.769533 0.32975
4.45181 -0.742063 0.32975
4.48473 -0.711784 0.32975
4.52037 -0.681482 0.32975
4.54987 -0.649673 0.32975
4.59395 -0.619618 0.32975
4.63089 -0.587867 0.32975
4.67354 -0.556303 0.32975
4.70503 -0.522698 0.32975
4.76408 -0.491755 0.32975
4.79704 -0.457104 0.32975
4.81978 -0.420954 0.32975
4.86214 -0.386187 0.32975
4.92216 -0.352125 0.32975
4.96397 -0.315788 0.32975
5.00548 -0.278748 0.32975
5.05468 -0.241425 0.32975
5.08958 -0.202656 0.32975
5.13714 -0.163749 0.32975
5.18438 -0.124027 0.32975
5.23827 -0.0836151 0.32975
5.28182 -0.0421838 0.32975
5.323 0 0.32975
5.39381 0.0431612 0.32975
5.42724 0.0869125 0.32975
5.49627 0.132194 0.32975
5.55389 0.178302 0.32975
5.60709 0.22525 0.32975
5.66584 0.273455 0.32975
5.72015 0.322458 0.32975
5.78896 0.373477 0.32975
5.85229 0.425327 0.32975
5.89619 0.476655 0.32975
5.96449 0.531177 0.32975
6.02826 0.586509 0.32975
6.10639 0.644693 0.32975
6.17797 0.703552 0.32975
6.24696 0.763448 0.32975
6.3292 0.826549 0.32975
6.40484 0.890255 0.32975
6.46203 0.95253 0.32975
6.5393 1.01933 0.32975
6.63653 1.09121 0.32975
6.731 1.16448 0.32975
6.81876 1.23835 0.32975
6.90276 1.31324 0.32975
6.9967 1.39197 0.32975
7.09462 1.47352 0.32975
7.19746 1.55824 0.32975
7.30321 1.64579 0.32975
3.66647 0.802455 0.32975
3.64289 0.826254 0.32975
3.63073 0.852809 0.32975
3.70314 0.902731 0.32975
3.77493 0.953981 0.32975
3.84797 1.00712 0.32975
3.60763 0.965996 0.32975
3.60766 0.996238 0.32975
8.35508 2.56917 0.32975
8.31529 2.63236 0.32975
8.27784 2.69603 0.32975
3.41449 1.05049 0.32975
3.39676 1.07326 0.32975
3.37791 1.09545 0.32975
3.43919 1.14821 0.32975
3.61979 1.2494 0.32975
3.69036 1.31 0.32975
3.74902 1.36733 0.32975
3.82533 1.43359 0.32975
3.94292 1.51963 0.32975
4.15334 1.64972 0.32975
4.14335 1.68407 0.32975
4.12852 1.71625 0.32975
1.15382 0.33666 0.32975
1.13917 0.337107 0.32975
1.13441 0.342234 0.32975
1.11447 0.339585 0.32975
1.11681 0.348158 0.32975
1.11198 0.353043 0.32975
1.1036 0.35596 0.32975
1.09872 0.360698 0.32975
1.08249 0.358977 0.32975
1.0828 0.3665 0.32975
1.07785 0.371011 0.32975
1.06002 0.367737 0.32975
1.05934 0.374631 0.32975
1.05435 0.378892 0.32975
1.03331 0.372886 0.32975
1.03675 0.382337 0.32975
1.03005 0.385252 0.32975
1.01672 0.383606 0.32975
1.01665 0.39082 0.32975
1.00912 0.3929 0.32975
0.993457 0.389071 0.32975
0.998941 0.400282 0.32975
0.993819 0.403885 0.32975
0.991871 0.409836 0.32975
0.977167 0.406044 0.32975
0.980695 0.416187 0.32975
0.970782 0.41584 0.32975
0.966356 0.419757 0.32975
0.944926 0.409634 0.32975
0.941333 0.413955 0.32975
0.936181 0.416946 0.32975
0.940071 0.42775 0.32975
0.928081 0.424739 0.32975
0.93253 0.436273 0.32975
0.926493 0.438458 0.32975
0.916798 0.437161 0.32975
0.909338 0.437793 0.32975
0.900465 0.43694 0.32975
0.900914 0.445077 0.32975
0.893477 0.445477 0.32975
0.890274 0.450061 0.32975
0.880077 0.447429 0.32975
0.868585 0.443204 0.32975
0.868793 0.451245 0.32975
0.864839 0.4549 0.32975
0.862192 0.460007 0.32975
0.860812 0.466599 0.32975
0.857381 0.470939 0.32975
0.849359 0.469931 0.32975
0.843314 0.471117 0.32975
0.839188 0.474549 0.32975
0.832515 0.474836 0.32975
0.823999 0.472695 0.32975
0.817397 0.472806 0.32975
0.815692 0.479185 0.32975
0.809691 0.47998 0.32975
0.810842 0.490353 0.32975
0.808312 0.495927 0.32975
0.79468 0.486027 0.32975
0.797308 0.498864 0.32975
0.789543 0.496948 0.32975
0.788549 0.504884 0.32975
0.783026 0.506169 0.32975
0.778051 0.508234 0.32975
0.77038 0.506035 0.32975
0.769131 0.513917 0.32975
0.755752 0.502205 0.32975
0.760113 0.519443 0.32975
0.74897 0.510946 0.32975
0.749 0.521347 0.32975
0.739515 0.515251 0.32975
0.732583 0.513402 0.32975
0.730478 0.52026 0.32975
0.724988 0.520939 0.32975
0.723664 0.529545 0.32975
0.724026 0.541732 0.32975
0.71795 0.541435 0.32975
0.707954 0.532985 0.32975
0.709751 0.548772 0.32975
0.70622 0.553754 0.32975
0.69806 0.548707 0.32975
0.687975 0.538992 0.32975
0.689642 0.555738 0.32975
0.683611 0.555064 0.32975
0.681054 0.562643 0.32975
0.673888 0.559092 0.32975
0.667534 0.55732 0.32975
0.666963 0.570418 0.32975
0.660576 0.56856 0.32975
0.652186 0.560996 0.32975
0.648618 0.566528 0.32975
0.642039 0.563529 0.32975
0.639969 0.573736 0.32975
0.633101 0.569683 0.32975
0.62692 0.567462 0.32975
0.621961 0.569001 0.32975
0.618409 0.575292 0.32975
0.611729 0.570989 0.32975
0.612084 0.591669 0.32975
0.60355 0.580521 0.32975
0.600732 0.59057 0.32975
0.595814 0.592851 0.32975
0.589234 0.588284 0.32975
0.58612 0.598263 0.32975
0.58176 0.603351 0.32975
0.575658 0.600583 0.32975
0.568418 0.591874 0.32975
0.565729 0.605664 0.32975
0.561168 0.610601 0.32975
0.554273 0.602702 0.32975
0.549009 0.603607 0.32975
0.545146 0.613354 0.32975
0.540972 0.622091 0.32975
0.534705 0.616937 0.32975
0.528926 0.614696 0.32975
0.525265 0.629274 0.32975
0.518865 0.621976 0.32975
0.514585 0.63351 0.32975
0.507904 0.622123 0.32975
0.503954 0.639557 0.32975
0.497272 0.626064 0.32975
0.492853 0.641434 0.32975
0.48701 0.637808 0.32975
0.481233 0.63413 0.32975
0.475873 0.638392 0.32975
0.47065 0.648605 0.32975
0.465093 0.652776 0.32975
0.459536 0.660899 0.32975
0.453716 0.654975 0.32975
0.448 0.664 0.32975
0.442293 0.653975 0.32975
0.436586 0.6539 0.32975
0.430461 0.66977 0.32975
0.424897 0.661597 0.32975
0.418644 0.672359 0.32975
0.412987 0.668083 0.32975
0.407158 0.667752 0.32975
0.400077 0.685327 0.32975
0.394334 0.681891 0.32975
0.387252 0.694348 0.32975
0.380716 0.698768 0.32975
0.368454 0.756831 0.32975
0.356758 0.800819 0.32975
0.349773 0.799992 0.32975
0.341752 0.807036 0.32975
0.332765 0.819942 0.32975
0.320884 0.850554 0.32975
0.298918 0.941267 0.32975
0.283117 0.985299 0.32975
0.271747 0.99958 0.32975
0.257928 1.02553 0.32975
0.129731 1.63735 0.32975
0.0999036 1.71095 0.32975
0.0752145 1.75382 0.32975
0.0534308 1.77979 0.32975
0.0293664 1.8133 0.32975
0.00515457 1.84459 0.32975
-0.0220537 1.88528 0.32975
-0.0432459 1.89951 0.32975
-0.0737794 1.94731 0.32975
-0.102511 1.98508 0.32975
-0.117884 1.97347 0.32975
-0.13906 1.98188 0.32975
-0.167442 2.01302 0.32975
-0.192503 2.03142 0.32975
-0.227202 2.07806 0.32975
-0.260541 2.11761 0.32975
-0.295598 2.15956 0.32975
-0.337448 2.21804 0.32975
-0.378663 2.27124 0.32975
-0.415962 2.31077 0.32975
-0.450787 2.34142 0.32975
-0.501238 2.40978 0.32975
-0.552949 2.47744 0.32975
-0.594812 2.51757 0.32975
-0.65308 2.59398 0.32975
-0.707973 2.65856 0.32975
-0.772617 2.74155 0.32975
-0.8305 2.80541 0.32975
-0.898462 2.8875 0.32975
-0.96709 2.9668 0.32975
-1.03808 3.04691 0.32975
-1.12395 3.15285 0.32975
-1.21497 3.26376 0.32975
-1.31172 3.3804 0.32975
-1.41815 3.50972 0.32975
-1.53221 3.64709 0.32975
-1.65559 3.79497 0.32975
-1.79105 3.95751 0.32975
-1.9425 4.14047 0.32975
-2.10796 4.33916 0.32975
-2.29973 4.57299 0.32975
-2.5177 4.83959 0.32975
-2.73628 5.09592 0.32975
-3.01328 5.43313 0.32975
-3.30674 5.7818 0.32975
-3.60763 6.12739 0.32975
-4.23077 6.93656 0.32975
-4.56016 7.28692 0.32975
-5.16272 8.01294 0.32975
-5.88108 8.87304 0.32975
-6.85523 10.052 0.32975
-7.9045 11.2878 0.32975
-10.3281 14.3004 0.32975
0.448 0 0.32975
0.448 0 0.32975
0.448 0 0.32975
-23.6745 29.7888 0.32975
-7.23901 9.32508 0.32975
-7.37215 9.3197 0.32975
-7.51488 9.32334 0.32975
0.448 0 0.32975
0.448 0 0.32975
0.448 0 0.32975
0.448 0 0.32975
0.448 0 0.32975
0.448 0 0.32975
0.448 0 0.32975
0.448 0 0.32975
0.448 0 0.32975
