-2.37689 -2.82489 0.32975
-2.36335 -2.86085 0.32975
-2.35634 -2.90397 0.32975
-2.36049 -2.95953 0.32975
-2.34615 -2.99636 0.32975
-2.34016 -3.04274 0.32975
-2.33826 -3.09446 0.32975
-2.33699 -3.14786 0.32975
-2.33041 -3.1962 0.32975
-2.32319 -3.24465 0.32975
-2.30763 -3.28403 0.32975
-2.3094 -3.34499 0.32975
-2.30779 -3.40312 0.32975
-2.30289 -3.45835 0.32975
-2.37234 -3.60988 0.32975
-3.16561 -4.70935 0.32975
-3.21465 -4.8605 0.32975
-3.26548 -5.01848 0.32975
-3.33675 -5.20926 0.32975
-3.40613 -5.40329 0.32975
-3.47469 -5.60218 0.32975
-3.5361 -5.7969 0.32975
-3.61845 -6.02876 0.32975
-3.70588 -6.27583 0.32975
-3.80236 -6.54498 0.32975
-3.9009 -6.82641 0.32975
-4.01074 -7.13548 0.32975
-4.13431 -7.47765 0.32975
-4.26769 -7.84822 0.32975
-4.41067 -8.24838 0.32975
-4.561 -8.67584 0.32975
-4.7259 -9.14483 0.32975
-4.91012 -9.6663 0.32975
-5.28888 -10.566 0.32975
-5.27016 -10.7543 0.32975
-5.74636 -11.8993 0.32975
-5.83296 -12.3271 0.32975
0.448 0 0.32975
0.448 0 0.32975
-7.16946 -15.9703 0.32975
0.448 0 0.32975
0.448 0 0.32975
0.448 0 0.32975
0.448 0 0.32975
0.448 0 0.32975
0.448 0 0.32975
0.448 0 0.32975
0.448 0 0.32975
0.448 0 0.32975
0.448 0 0.32975
0.448 0 0.32975
0.448 0 0.32975
-13.2177 -39.6881 0.32975
0.448 0 0.32975
0.448 0 0.32975
-4.45741 -15.558 0.32975
-4.27439 -15.4462 0.32975
-0.754237 -4.05868 0.32975
-0.604383 -3.6701 0.32975
-0.464619 -3.2908 0.32975
-0.428879 -3.27256 0.32975
-0.405044 -3.29848 0.32975
-0.483883 -3.73758 0.32975
-0.559083 -4.1948 0.32975
-0.520415 -4.19466 0.32975
-0.486153 -4.21369 0.32975
-0.448931 -4.21973 0.32975
-0.416659 -4.24993 0.32975
-0.376867 -4.24357 0.32975
-0.306638 -4.07166 0.32975
-0.234785 -3.87226 0.32975
-0.166472 -3.67194 0.32975
-0.108124 -3.51123 0.32975
-0.0529262 -3.35177 0.32975
-0.0031995 -3.21045 0.32975
0.0427161 -3.07844 0.32975
0.0842202 -2.96275 0.32975
0.124126 -2.84261 0.32975
0.159188 -2.74786 0.32975
0.1919 -2.6597 0.32975
0.2234 -2.56719 0.32975
0.253029 -2.47734 0.32975
0.280236 -2.39914 0.32975
0.304231 -2.35061 0.32975
0.328412 -2.28187 0.32975
0.352343 -2.19091 0.32975
0.371989 -2.17667 0.32975
0.392688 -2.11228 0.32975
0.412589 -2.02869 0.32975
0.430678 -1.98492 0.32975
0.448 -1.927 0.32975
0.464484 -1.88893 0.32975
0.480008 -1.83372 0.32975
0.495302 -1.80638 0.32975
0.509039 -1.74793 0.32975
0.522982 -1.71736 0.32975
0.53582 -1.6757 0.32975
0.548303 -1.63994 0.32975
0.560099 -1.60309 0.32975
0.57173 -1.57214 0.32975
0.583527 -1.54908 0.32975
0.593111 -1.50703 0.32975
0.604688 -1.49079 0.32975
0.613503 -1.4526 0.32975
0.624711 -1.43919 0.32975
0.633347 -1.40785 0.32975
0.643399 -1.39034 0.32975
0.65109 -1.35891 0.32975
0.660125 -1.33931 0.32975
0.666688 -1.30683 0.32975
0.674264 -1.2832 0.32975
0.682537 -1.26545 0.32975
0.689183 -1.24078 0.32975
0.696612 -1.22197 0.32975
0.703731 -1.20312 0.32975
0.709459 -1.17937 0.32975
0.715917 -1.16047 0.32975
0.721831 -1.14059 0.32975
0.732742 -1.14204 0.32975
0.739693 -1.12789 0.32975
0.743054 -1.10116 0.32975
0.745169 -1.07156 0.32975
0.757816 -1.08046 0.32975
0.758145 -1.04703 0.32975
0.764054 -1.03377 0.32975
0.76735 -1.01285 0.32975
0.774631 -1.00527 0.32975
0.777362 -0.98436 0.32975
0.779428 -0.962538 0.32975
0.787481 -0.958666 0.32975
0.788994 -0.936873 0.32975
0.793304 -0.923559 0.32975
0.800992 -0.919577 0.32975
0.806438 -0.909948 0.32975
0.806873 -0.888242 0.32975
0.808488 -0.870294 0.32975
0.817632 -0.870798 0.32975
0.816045 -0.846446 0.32975
0.818944 -0.833153 0.32975
0.825786 -0.828975 0.32975
0.836386 -0.832897 0.32975
0.829433 -0.799691 0.32975
0.833767 -0.790939 0.32975
0.836638 -0.779488 0.32975
0.838432 -0.766266 0.32975
0.843257 -0.759281 0.32975
0.843764 -0.744325 0.32975
0.848813 -0.738206 0.32975
0.847483 -0.720687 0.32975
0.850802 -0.711951 0.32975
0.866 -0.723997 0.32975
0.858599 -0.697058 0.32975
0.863636 -0.691734 0.32975
0.870701 -0.689786 0.32975
0.872995 -0.680135 0.32975
0.86978 -0.662062 0.32975
0.875542 -0.658356 0.32975
0.882374 -0.656268 0.32975
0.875223 -0.633385 0.32975
0.877336 -0.624688 0.32975
0.878756 -0.615183 0.32975
0.883527 -0.610587 0.32975
0.892366 -0.611617 0.32975
0.890548 -0.59807 0.32975
0.894547 -0.592588 0.32975
0.892396 -0.579148 0.32975
0.902974 -0.58234 0.32975
0.896211 -0.563478 0.32975
0.899852 -0.557991 0.32975
0.898979 -0.547082 0.32975
0.913378 -0.554616 0.32975
0.914304 -0.545971 0.32975
0.916426 -0.538863 0.32975
0.916472 -0.529512 0.32975
0.91773 -0.521688 0.32975
0.930371 -0.526416 0.32975
0.920625 -0.506828 0.32975
0.922276 -0.499783 0.32975
0.925925 -0.494906 0.32975
0.91831 -0.478591 0.32975
0.92954 -0.48154 0.32975
0.928018 -0.471712 0.32975
0.93787 -0.473062 0.32975
0.940529 -0.467393 0.32975
0.940201 -0.458985 0.32975
0.939764 -0.450619 0.32975
0.954825 -0.456347 0.32975
0.975265 -0.466485 0.32975
0.989127 -0.470394 0.32975
1.00234 -0.473448 0.32975
1.0279 -0.48659 0.32975
1.05218 -0.498049 0.32975
1.07049 -0.504086 0.32975
1.0913 -0.511707 0.32975
1.11781 -0.523312 0.32975
1.14298 -0.533275 0.32975
1.16278 -0.538624 0.32975
1.19719 -0.554375 0.32975
1.21495 -0.55722 0.32975
1.24909 -0.571412 0.32975
1.28435 -0.585622 0.32975
1.32569 -0.603223 0.32975
1.34999 -0.608402 0.32975
1.38779 -0.622033 0.32975
1.42254 -0.632871 0.32975
1.42465 -0.622193 0.32975
1.4258 -0.610997 0.32975
1.43109 -0.602441 0.32975
1.4406 -0.596414 0.32975
1.45524 -0.593312 0.32975
1.45172 -0.5795 0.32975
1.56902 -0.634242 0.32975
1.68646 -0.68649 0.32975
1.55882 -0.603129 0.32975
1.37245 -0.491537 0.32975
1.38468 -0.487607 0.32975
1.41029 -0.49031 0.32975
1.78682 -0.667512 0.32975
1.85192 -0.684736 0.32975
1.86596 -0.676333 0.32975
0.450719 -0.00126785 0.32975
0.45073 -0.00124408 0.32975
0.450741 -0.00122021 0.32975
0.450751 -0.00119625 0.32975
0.450762 -0.00117219 0.32975
0.450772 -0.00114805 0.32975
0.450782 -0.00112382 0.32975
0.450791 -0.0010995 0.32975
1.4516 -0.385246 0.32975
1.4287 -0.366667 0.32975
1.45817 -0.367672 0.32975
0.450828 -0.00100142 0.32975
0.450837 -0.000976705 0.32975
0.450845 -0.000951914 0.32975
0.450853 -0.000927051 0.32975
0.450861 -0.000902117 0.32975
0.450869 -0.000877115 0.32975
0.450876 -0.000852046 0.32975
0.450884 -0.000826912 0.32975
0.450891 -0.000801715 0.32975
0.450898 -0.000776457 0.32975
1.47617 -0.265904 0.32975
1.47748 -0.256679 0.32975
1.50497 -0.253755 0.32975
0.450923 -0.000674853 0.32975
0.450929 -0.000649319 0.32975
0.450934 -0.000623735 0.32975
0.45094 -0.000598104 0.32975
0.448 0 0.32975
0.448 0 0.32975
0.448 0 0.32975
0.448 0 0.32975
0.448 0 0.32975
0.448 0 0.32975
1.51947 -0.150585 0.32975
1.50389 -0.13901 0.32975
1.53881 -0.133934 0.32975
0.448 0 0.32975
0.448 0 0.32975
0.448 0 0.32975
0.448 0 0.32975
0.448 0 0.32975
0.448 0 0.32975
0.448 0 0.32975
26.666 -1.37403 0.32975
0.448 0 0.32975
0.450998 -0.000104699 0.32975
1.54063 -0.0286115 0.32975
1.55183 -0.0192676 0.32975
22.9261 -0.196163 0.32975
22.972 0 0.32975
21.6792 0.185281 0.32975
21.6958 0.370879 0.32975
20.4202 0.522991 0.32975
0.448 0 0.32975
1.73677 0.056269 0.32975
1.6873 0.0649489 0.32975
1.66473 0.074418 0.32975
1.66503 0.085103 0.32975
1.59645 0.0903849 0.32975
1.60757 0.101449 0.32975
1.67333 0.117986 0.32975
1.69215 0.130765 0.32975
16.5776 1.83774 0.32975
16.5947 1.98257 0.32975
16.6294 2.13032 0.32975
0.448 0 0.32975
15.4276 2.23872 0.32975
15.2663 2.34699 0.32975
1.63943 0.199378 0.32975
1.63666 0.209593 0.32975
15.4446 2.77945 0.32975
15.4561 2.91728 0.32975
14.1268 2.78298 0.32975
14.0511 2.89143 0.32975
14.0839 3.02301 0.32975
14.1632 3.16641 0.32975
14.1516 3.28994 0.32975
12.8882 3.10168 0.32975
1.67077 0.31623 0.32975
1.67086 0.327665 0.32975
0.450891 0.000801715 0.32975
12.904 3.57171 0.32975
0.450876 0.000852046 0.32975
0.448 0 0.32975
11.596 3.51495 0.32975
11.4688 3.58089 0.32975
11.4448 3.67947 0.32975
1.70838 0.433982 0.32975
1.72057 0.450639 0.32975
11.573 4.04918 0.32975
11.541 4.1475 0.32975
11.3896 4.20007 0.32975
11.265 4.26094 0.32975
11.1088 4.30723 0.32975
10.9608 4.35455 0.32975
1.77077 0.56148 0.32975
1.74656 0.564629 0.32975
0.450741 0.00122021 0.32975
10.3893 4.53052 0.32975
10.2588 4.57484 0.32975
10.1436 4.62455 0.32975
10.0013 4.65945 0.32975
9.87166 4.69846 0.32975
1.81837 0.698237 0.32975
1.82198 0.715249 0.32975
1.93488 0.79059 0.32975
1.93232 0.805921 0.32975
1.91474 0.813026 0.32975
1.93544 0.841552 0.32975
1.8475 0.808 0.32975
1.84987 0.825765 0.32975
8.88253 5.06798 0.32975
8.77744 5.10429 0.32975
8.69527 5.15346 0.32975
1.90116 0.925767 0.32975
1.87458 0.926431 0.32975
8.36658 5.24119 0.32975
8.27494 5.27934 0.32975
8.18325 5.31629 0.32975
1.92247 1.03244 0.32975
1.90934 1.04236 0.32975
7.88691 5.40469 0.32975
7.80892 5.44679 0.32975
7.68683 5.45485 0.32975
1.97045 1.16821 0.32975
7.48415 5.49724 0.32975
7.43982 5.56155 0.32975
2.04659 1.29451 0.32975
2.01363 1.2906 0.32975
7.13174 5.60832 0.32975
2.25929 1.54699 0.32975
2.07138 1.41118 0.32975
2.05376 1.42066 0.32975
2.17655 1.5564 0.32975
2.1113 1.52413 0.32975
2.08258 1.52427 0.32975
6.60715 5.84482 0.32975
2.13485 1.62897 0.32975
2.1327 1.65555 0.32975
6.36365 5.91566 0.32975
2.18345 1.76601 0.32975
2.16589 1.77893 0.32975
2.2625 1.91209 0.32975
2.22256 1.90298 0.32975
5.97027 6.0265 0.32975
2.26469 2.01764 0.32975
2.40472 2.21167 0.32975
2.30071 2.1313 0.32975
2.3931 2.27742 0.32975
2.33072 2.24374 0.32975
2.38677 2.35191 0.32975
2.37246 2.37651 0.32975
2.42573 2.48635 0.32975
2.46737 2.58467 0.32975
2.45509 2.61569 0.32975
2.50199 2.72574 0.32975
2.55784 2.85128 0.32975
2.5558 2.90113 0.32975
2.58557 2.99676 0.32975
2.6253 3.1095 0.32975
2.66775 3.22975 0.32975
2.69875 3.33688 0.32975
2.76558 3.50149 0.32975
2.80356 3.62725 0.32975
2.84543 3.76321 0.32975
2.89358 3.91374 0.32975
2.97637 4.12593 0.32975
3.00826 4.26098 0.32975
3.09024 4.48564 0.32975
3.159 4.69559 0.32975
3.24004 4.93492 0.32975
3.32292 5.18649 0.32975
3.40829 5.45218 0.32975
3.52773 5.79214 0.32975
3.6059 6.06627 0.32975
3.57463 6.13636 0.32975
3.51383 6.14909 0.32975
3.45786 6.17112 0.32975
3.39571 6.18 0.32975
3.33829 6.19824 0.32975
3.27994 6.21413 0.32975
3.22642 6.24043 0.32975
3.34691 6.66703 0.32975
3.64731 7.53709 0.32975
3.98782 8.54589 0.32975
4.39523 9.76974 0.32975
4.41538 10.0718 0.32975
4.25029 9.90529 0.32975
3.97039 9.42105 0.32975
3.98209 9.70984 0.32975
5.63469 14.6468 0.32975
5.5018 14.6773 0.32975
5.37352 14.7208 0.32975
5.24487 14.7633 0.32975
5.11706 14.8084 0.32975
4.98883 14.8524 0.32975
4.85791 14.8876 0.32975
4.72727 14.9236 0.32975
4.59981 14.971 0.32975
4.47341 15.023 0.32975
4.34041 15.0508 0.32975
4.21158 15.0949 0.32975
4.08438 15.1466 0.32975
3.95521 15.1914 0.32975
3.82597 15.2371 0.32975
3.69704 15.2855 0.32975
3.56751 15.3329 0.32975
2.49214 10.5162 0.32975
2.31008 10.0469 0.32975
2.2213 10.0569 0.32975
2.2594 10.8245 0.32975
2.15783 10.7954 0.32975
1.98152 10.261 0.32975
1.82331 9.78583 0.32975
1.67952 9.35428 0.32975
1.55774 9.03813 0.32975
1.43162 8.63315 0.32975
1.32217 8.31719 0.32975
1.21831 8 0.32975
1.12459 7.73346 0.32975
1.03354 7.43999 0.32975
0.951153 7.19543 0.32975
0.877293 7.01888 0.32975
0.816184 7.02536 0.32975
0.755604 7.04529 0.32975
0.694496 7.0587 0.32975
0.634091 7.10656 0.32975
0.572104 7.10992 0.32975
0.510316 7.14073 0.32975
0.448001 6.937 0.32975
0.388355 6.83474 0.32975
0.332604 6.61099 0.32975
0.278557 6.47078 0.32975
0.227121 6.32514 0.32975
0.178171 6.18011 0.32975
0.132886 6.01275 0.32975
0.0876302 5.89199 0.32975
0.0448773 5.76492 0.32975
0.00407733 5.64056 0.32975
-0.0334491 5.50298 0.32975
-0.0718678 5.39903 0.32975
-0.111959 5.32765 0.32975
-0.147902 5.23016 0.32975
-0.179383 5.10963 0.32975
-0.211287 5.00779 0.32975
-0.235757 4.86519 0.32975
-0.278039 4.85805 0.32975
-0.306952 4.76658 0.32975
-0.325744 4.62371 0.32975
-0.366931 4.6217 0.32975
-0.389008 4.51609 0.32975
-0.407015 4.39867 0.32975
-0.445766 4.393 0.32975
-0.460574 4.27451 0.32975
-0.506931 4.30742 0.32975
-0.510066 4.14984 0.32975
-0.525233 4.05381 0.32975
-0.560571 4.04516 0.32975
-0.56654 3.92293 0.32975
-0.600994 3.9149 0.32975
-0.603316 3.79092 0.32975
-0.634704 3.77584 0.32975
-0.692321 3.84966 0.32975
-0.675877 3.67604 0.32975
-0.764445 3.84539 0.32975
-0.71483 3.57883 0.32975
-0.752045 3.58656 0.32975
-0.746836 3.47005 0.32975
-0.765722 3.42744 0.32975
-0.802084 3.43458 0.32975
-0.792435 3.31769 0.32975
-0.850725 3.3833 0.32975
-0.820094 3.21924 0.32975
-0.838773 3.18488 0.32975
-0.948794 3.37216 0.32975
-0.862512 3.08737 0.32975
-0.891796 3.08132 0.32975
-1.00608 3.26592 0.32975
-0.908877 2.97739 0.32975
-0.947063 2.99172 0.32975
-1.04803 3.13648 0.32975
-0.942513 2.85097 0.32975
-0.976263 2.85663 0.32975
-4.09871 8.92343 0.32975
-0.973262 2.73022 0.32975
-0.983888 2.69299 0.32975
-4.46244 9.04391 0.32975
-4.57172 9.05581 0.32975
-1.0337 2.6189 0.32975
-1.059 2.6102 0.32975
-1.12334 2.6676 0.32975
-5.10308 9.23855 0.32975
-1.06934 2.47607 0.32975
-1.09936 2.4763 0.32975
-5.54611 9.40888 0.32975
-5.67646 9.43085 0.32975
-1.10846 2.35156 0.32975
-5.93743 9.46678 0.32975
-6.04358 9.44531 0.32975
-6.2399 9.55131 0.32975
-1.14313 2.23068 0.32975
-1.18193 2.2434 0.32975
-6.83501 9.84242 0.32975
-7.01089 9.89829 0.32975
-1.18409 2.12698 0.32975
-1.19397 2.10163 0.32975
-7.44673 9.92504 0.32975
-7.63814 9.98555 0.32975
-7.83438 10.0473 0.32975
-1.22453 1.99325 0.32975
0.446052 0.00228122 0.32975
-8.4744 10.2641 0.32975
0.446012 0.00224687 0.32975
-1.31181 1.95447 0.32975
-1.27611 1.88153 0.32975
-1.35657 1.93516 0.32975
0.445935 0.00217612 0.32975
0.448 0 0.32975
0.448 0 0.32975
0.448 0 0.32975
