-3.2735 -3.7215 0.32975
0.448 0 0.32975
0.448 0 0.32975
0.445935 -0.00217612 0.32975
0.445954 -0.00219406 0.32975
-2.8374 -3.58538 0.32975
-2.79929 -3.60648 0.32975
0.448 0 0.32975
0.448 0 0.32975
0.448 0 0.32975
0.448 0 0.32975
-2.2248 -3.24237 0.32975
0.446112 -0.00233144 0.32975
-2.1012 -3.20478 0.32975
-2.03681 -3.18041 0.32975
-1.98278 -3.16786 0.32975
-1.87681 -3.08513 0.32975
-1.84742 -3.10208 0.32975
-1.76325 -3.04352 0.32975
0.446258 -0.00244235 0.32975
-1.64498 -2.98909 0.32975
-1.56161 -2.924 0.32975
-1.53546 -2.9406 0.32975
-5.21874 -8.56151 0.32975
-1.4261 -2.88587 0.32975
-1.40998 -2.91645 0.32975
-1.35532 -2.88591 0.32975
-1.29192 -2.83929 0.32975
-4.97175 -9.01997 0.32975
-1.18475 -2.77186 0.32975
-1.17 -2.80246 0.32975
-4.76775 -9.21881 0.32975
-1.06121 -2.72269 0.32975
-4.74206 -9.55889 0.32975
-0.989522 -2.70359 0.32975
-0.944172 -2.67434 0.32975
-4.60582 -9.91868 0.32975
-4.53514 -9.99463 0.32975
-0.832482 -2.62538 0.32975
-4.4581 -10.2859 0.32975
-4.39394 -10.3836 0.32975
-0.717703 -2.5579 0.32975
-0.722588 -2.62918 0.32975
-0.711562 -2.66681 0.32975
-0.630418 -2.54059 0.32975
-0.592516 -2.51203 0.32975
-4.03754 -11.1021 0.32975
-3.9896 -11.2655 0.32975
-0.492716 -2.45065 0.32975
-0.474797 -2.46813 0.32975
-3.7373 -11.499 0.32975
-3.67785 -11.651 0.32975
-0.195974 -1.87024 0.32975
-0.178994 -1.87389 0.32975
-0.153038 -1.8498 0.32975
-0.136873 -1.85498 0.32975
-0.110722 -1.8275 0.32975
-0.0936172 -1.82847 0.32975
-0.0729546 -1.81678 0.32975
-0.0514686 -1.80103 0.32975
-0.0352152 -1.80338 0.32975
-0.0164548 -1.79591 0.32975
0.00117029 -1.79214 0.32975
0.0196277 -1.7843 0.32975
0.038589 -1.77335 0.32975
0.0571101 -1.76319 0.32975
0.0727195 -1.76556 0.32975
0.0905333 -1.75701 0.32975
0.107024 -1.75417 0.32975
0.130181 -1.7148 0.32975
0.145331 -1.71652 0.32975
0.159167 -1.726 0.32975
0.176743 -1.71265 0.32975
0.194063 -1.69913 0.32975
0.211406 -1.68346 0.32975
0.224409 -1.69835 0.32975
0.240335 -1.6913 0.32975
0.258498 -1.66324 0.32975
0.273646 -1.65886 0.32975
0.290046 -1.64041 0.32975
0.303932 -1.64671 0.32975
0.317523 -1.65787 0.32975
0.334088 -1.62902 0.32975
0.348063 -1.63395 0.32975
0.362902 -1.62377 0.32975
0.376202 -1.64443 0.32975
0.388671 -1.69896 0.32975
0.40329 -1.70741 0.32975
0.417214 -1.76373 0.32975
0.432467 -1.77993 0.32975
0.448 -1.81 0.32975
0.464031 -1.83693 0.32975
0.480776 -1.87771 0.32975
0.498129 -1.91434 0.32975
0.516438 -1.95981 0.32975
0.53441 -1.97911 0.32975
0.554765 -2.0372 0.32975
0.574493 -2.06814 0.32975
0.595884 -2.11484 0.32975
0.624376 -2.24107 0.32975
0.744243 -3.38607 0.32975
0.782981 -3.47891 0.32975
0.822525 -3.56337 0.32975
0.863229 -3.64442 0.32975
0.908544 -3.75083 0.32975
0.957966 -3.87357 0.32975
1.0065 -3.97395 0.32975
1.0586 -4.08562 0.32975
1.11472 -4.20953 0.32975
1.17503 -4.34459 0.32975
1.2374 -4.47694 0.32975
1.30505 -4.62425 0.32975
1.37705 -4.77954 0.32975
1.4564 -4.95646 0.32975
1.54182 -5.14603 0.32975
1.63474 -5.35303 0.32975
1.7282 -5.54514 0.32975
1.8363 -5.78268 0.32975
1.95348 -6.03815 0.32975
2.08323 -6.32297 0.32975
2.2266 -6.63784 0.32975
2.38414 -6.9815 0.32975
2.55718 -7.35557 0.32975
2.71331 -7.64755 0.32975
2.91532 -8.07026 0.32975
2.97784 -8.02362 0.32975
3.04498 -7.99268 0.32975
3.11209 -7.96213 0.32975
3.23096 -8.08229 0.32975
3.34978 -8.19438 0.32975
3.41947 -8.16405 0.32975
3.49025 -8.13687 0.32975
3.55613 -8.09694 0.32975
3.62557 -8.06672 0.32975
3.69471 -8.0359 0.32975
3.76625 -8.01096 0.32975
3.83329 -7.97525 0.32975
3.89917 -7.93715 0.32975
3.9679 -7.90582 0.32975
4.0351 -7.87116 0.32975
4.11337 -7.86041 0.32975
4.18182 -7.82812 0.32975
4.24955 -7.79434 0.32975
4.31787 -7.76177 0.32975
4.38319 -7.72324 0.32975
4.45275 -7.69305 0.32975
4.51832 -7.65516 0.32975
4.59308 -7.63428 0.32975
4.66487 -7.60744 0.32975
4.73258 -7.57296 0.32975
4.8065 -7.54914 0.32975
4.86967 -7.50651 0.32975
4.95098 -7.49421 0.32975
2.73707 -3.73542 0.32975
5.09062 -7.42975 0.32975
2.62514 -3.41742 0.32975
2.48332 -3.13411 0.32975
2.47416 -3.06119 0.32975
2.50471 -3.0492 0.32975
2.67681 -3.24294 0.32975
3.03712 -3.69765 0.32975
2.99671 -3.57315 0.32975
2.78797 -3.2207 0.32975
2.71427 -3.06269 0.32975
3.05747 -3.46288 0.32975
2.94636 -3.25592 0.32975
2.91003 -3.15125 0.32975
2.80484 -2.96295 0.32975
2.78026 -2.8801 0.32975
2.89881 -2.97307 0.32975
3.24027 -3.3277 0.32975
3.3335 -3.37848 0.32975
3.37271 -3.3645 0.32975
3.41654 -3.35532 0.32975
3.45507 -3.33969 0.32975
3.49761 -3.32807 0.32975
3.53745 -3.31303 0.32975
3.569 -3.28885 0.32975
3.61495 -3.27947 0.32975
3.65957 -3.26811 0.32975
3.7113 -3.2633 0.32975
3.75249 -3.24731 0.32975
3.79581 -3.23294 0.32975
3.84275 -3.2215 0.32975
3.90291 -3.22176 0.32975
3.95523 -3.21378 0.32975
4.0032 -3.20112 0.32975
4.0677 -3.20244 0.32975
4.12721 -3.19829 0.32975
4.17703 -3.18489 0.32975
4.23992 -3.1818 0.32975
4.29146 -3.16831 0.32975
4.36948 -3.17555 0.32975
4.42365 -3.16237 0.32975
4.48025 -3.15034 0.32975
4.52187 -3.12599 0.32975
4.57455 -3.10958 0.32975
4.61921 -3.08654 0.32975
0.450427 -0.00176336 0.32975
4.73025 -3.0545 0.32975
0.450457 -0.00172073 0.32975
0.450472 -0.00169922 0.32975
0.450487 -0.00167758 0.32975
0.450502 -0.00165581 0.32975
4.55749 -2.66873 0.32975
4.53423 -2.60322 0.32975
4.511 -2.53884 0.32975
4.47331 -2.46672 0.32975
4.44754 -2.40317 0.32975
4.4227 -2.34127 0.32975
4.38495 -2.273 0.32975
4.36721 -2.21738 0.32975
4.33306 -2.15352 0.32975
4.30689 -2.0952 0.32975
4.27558 -2.03516 0.32975
4.25328 -1.9809 0.32975
4.22943 -1.92674 0.32975
4.20404 -1.87269 0.32975
4.19327 -1.82669 0.32975
4.1504 -1.76596 0.32975
4.13939 -1.72132 0.32975
4.12242 -1.67453 0.32975
4.09487 -1.62369 0.32975
4.07222 -1.57586 0.32975
4.05454 -1.53088 0.32975
4.03265 -1.48481 0.32975
4.026 -1.44561 0.32975
3.98824 -1.39454 0.32975
3.97227 -1.35284 0.32975
3.94272 -1.30662 0.32975
3.92486 -1.26547 0.32975
3.91032 -1.22607 0.32975
3.89536 -1.18702 0.32975
3.86481 -1.14325 0.32975
3.85659 -1.10752 0.32975
3.85754 -1.07502 0.32975
3.81897 -1.03061 0.32975
3.824 -1.00002 0.32975
3.79319 -0.959218 0.32975
3.74169 -0.913421 0.32975
2.76912 -0.621942 0.32975
2.68733 -0.579129 0.32975
2.67386 -0.554969 0.32975
2.66014 -0.531088 0.32975
2.67931 -0.515138 0.32975
2.69836 -0.498893 0.32975
2.70459 -0.479652 0.32975
2.73318 -0.464926 0.32975
2.75286 -0.44802 0.32975
2.73997 -0.424791 0.32975
2.76525 -0.408594 0.32975
2.78846 -0.391658 0.32975
2.79969 -0.372471 0.32975
2.82263 -0.354891 0.32975
2.83455 -0.335407 0.32975
2.85225 -0.316526 0.32975
2.86485 -0.296752 0.32975
2.88821 -0.278027 0.32975
2.8995 -0.257663 0.32975
2.90563 -0.236643 0.32975
2.92155 -0.216408 0.32975
2.94627 -0.196619 0.32975
2.96884 -0.176275 0.32975
2.9643 -0.153904 0.32975
3.00249 -0.133875 0.32975
3.00756 -0.111753 0.32975
3.03642 -0.0903898 0.32975
3.05811 -0.0683482 0.32975
3.0836 -0.0460049 0.32975
3.0959 -0.0231077 0.32975
3.113 0 0.32975
3.1179 0.0232997 0.32975
3.14459 0.0470689 0.32975
3.16107 0.0710445 0.32975
3.18733 0.0956596 0.32975
3.21337 0.120738 0.32975
3.39296 0.154339 0.32975
4.55932 0.251458 0.32975
4.59188 0.289769 0.32975
4.64402 0.330234 0.32975
4.72367 0.374072 0.32975
4.82476 0.421433 0.32975
4.93727 0.471841 0.32975
5.04128 0.523339 0.32975
5.16259 0.578879 0.32975
5.28625 0.636968 0.32975
5.42707 0.699762 0.32975
5.57704 0.766539 0.32975
5.71435 0.834109 0.32975
5.87356 0.907927 0.32975
6.04171 0.986321 0.32975
6.23151 1.07191 0.32975
6.41629 1.16012 0.32975
6.62153 1.25602 0.32975
6.84802 1.36037 0.32975
7.10048 1.47482 0.32975
7.36408 1.5967 0.32975
7.64743 1.72843 0.32975
7.96585 1.87441 0.32975
8.29096 2.02833 0.32975
8.68252 2.20643 0.32975
9.07827 2.39339 0.32975
9.45887 2.58383 0.32975
10.3996 2.9478 0.32975
10.7245 3.14183 0.32975
11.3318 3.43165 0.32975
12.126 3.79442 0.32975
12.9194 4.17287 0.32975
13.9292 4.64195 0.32975
15.8875 5.46742 0.32975
17.4376 6.18372 0.32975
0.448 0 0.32975
0.448 0 0.32975
0.448 0 0.32975
0.448 0 0.32975
0.448 0 0.32975
37.6134 15.7758 0.32975
37.4395 16.0843 0.32975
37.2849 16.4008 0.32975
37.1395 16.7213 0.32975
36.9795 17.0349 0.32975
36.8439 17.3599 0.32975
36.7107 17.6865 0.32975
0.448 0 0.32975
0.448 0 0.32975
0.448 0 0.32975
13.0053 6.67682 0.32975
12.7681 6.68929 0.32975
12.5457 6.70589 0.32975
10.7086 5.80518 0.32975
10.0687 5.5545 0.32975
9.23317 5.17486 0.32975
8.45566 4.81149 0.32975
7.83954 4.52954 0.32975
7.2926 4.27698 0.32975
6.8232 4.06145 0.32975
6.40843 3.87075 0.32975
6.05171 3.70902 0.32975
5.89146 3.67166 0.32975
5.88146 3.73432 0.32975
5.1786 3.3124 0.32975
4.89551 3.17238 0.32975
4.66864 3.06648 0.32975
4.47773 2.98185 0.32975
4.27506 2.8839 0.32975
4.11012 2.81004 0.32975
2.64576 1.71708 0.32975
2.45226 1.59426 0.32975
2.34268 1.53428 0.32975
2.24589 1.48206 0.32975
2.17466 1.44884 0.32975
2.10721 1.4171 0.32975
2.05251 1.39478 0.32975
2.00358 1.37626 0.32975
1.96179 1.36302 0.32975
1.90191 1.33226 0.32975
1.85805 1.31489 0.32975
1.81896 1.30099 0.32975
1.78238 1.28859 0.32975
1.73827 1.26794 0.32975
1.73211 1.28411 0.32975
1.73978 1.31452 0.32975
1.77271 1.37178 0.32975
2.31138 1.96359 0.32975
2.28053 1.96515 0.32975
2.21872 1.9324 0.32975
2.16566 1.90765 0.32975
2.10919 1.87763 0.32975
2.06912 1.86489 0.32975
2.02031 1.84094 0.32975
1.97783 1.82319 0.32975
1.93261 1.80097 0.32975
1.89418 1.78588 0.32975
1.85115 1.764 0.32975
1.81785 1.75332 0.32975
1.78119 1.73744 0.32975
1.73649 1.70988 0.32975
1.70129 1.69373 0.32975
1.66295 1.67224 0.32975
1.63902 1.66975 0.32975
1.58827 1.62847 0.32975
1.56722 1.62847 0.32975
1.53116 1.60585 0.32975
1.50496 1.59689 0.32975
1.47356 1.57922 0.32975
1.44899 1.57124 0.32975
1.42358 1.56126 0.32975
1.40469 1.56118 0.32975
1.37352 1.54033 0.32975
1.34837 1.52853 0.32975
1.3205 1.51121 0.32975
1.29989 1.50572 0.32975
1.27509 1.4921 0.32975
1.2482 1.47378 0.32975
1.2231 1.45775 0.32975
1.19973 1.44405 0.32975
1.1821 1.44076 0.32975
1.15924 1.42653 0.32975
1.14589 1.43088 0.32975
1.13036 1.4306 0.32975
1.10897 1.41747 0.32975
1.08331 1.39406 0.32975
1.06624 1.38859 0.32975
1.04652 1.37651 0.32975
1.03449 1.38168 0.32975
1.01054 1.3581 0.32975
0.994551 1.35276 0.32975
0.977961 1.34538 0.32975
0.961541 1.33782 0.32975
0.946695 1.33382 0.32975
0.934695 1.33718 0.32975
0.912659 1.31216 0.32975
0.899238 1.31049 0.32975
0.883976 1.303 0.32975
0.869499 1.29724 0.32975
0.857261 1.29801 0.32975
0.846503 1.30344 0.32975
0.829149 1.28674 0.32975
0.812392 1.27079 0.32975
0.797281 1.25946 0.32975
0.786535 1.26343 0.32975
0.77074 1.24794 0.32975
0.759354 1.24877 0.32975
0.749378 1.25533 0.32975
0.736612 1.25012 0.32975
0.719632 1.22525 0.32975
0.708929 1.22758 0.32975
0.695814 1.21805 0.32975
0.684412 1.21624 0.32975
0.671967 1.20842 0.32975
0.659156 1.19753 0.32975
0.649193 1.20228 0.32975
0.636191 1.18819 0.32975
0.625371 1.18682 0.32975
0.613894 1.1804 0.32975
0.602935 1.17685 0.32975
0.590953 1.16426 0.32975
0.579882 1.15751 0.32975
0.570716 1.16757 0.32975
0.559564 1.15864 0.32975
0.548229 1.14562 0.32975
0.539483 1.16241 0.32975
0.527453 1.13623 0.32975
0.517534 1.13688 0.32975
0.507035 1.12645 0.32975
0.496897 1.11993 0.32975
0.487716 1.13731 0.32975
0.477161 1.11362 0.32975
0.467442 1.11383 0.32975
0.457634 1.10396 0.32975
0.448 1.115 0.32975
0.438506 1.08796 0.32975
0.429256 1.07384 0.32975
0.419729 1.07963 0.32975
0.410204 1.08234 0.32975
0.400891 1.07897 0.32975
0.392524 1.05855 0.32975
0.383044 1.06202 0.32975
0.373361 1.06739 0.32975
0.363656 1.07169 0.32975
0.356748 1.04302 0.32975
0.346499 1.05412 0.32975
0.337513 1.05121 0.32975
0.329816 1.03729 0.32975
0.321743 1.02828 0.32975
0.311078 1.04003 0.32975
0.305209 1.01602 0.32975
0.296348 1.01473 0.32975
0.285621 1.02522 0.32975
0.278991 1.00996 0.32975
0.270011 1.00943 0.32975
0.259933 1.01472 0.32975
0.251848 1.00911 0.32975
0.243847 1.00344 0.32975
0.236762 0.993798 0.32975
0.227232 0.995822 0.32975
0.218775 0.992883 0.32975
0.211053 0.986956 0.32975
0.202933 0.98291 0.32975
0.194114 0.981702 0.32975
0.186075 0.977517 0.32975
0.178356 0.972303 0.32975
0.169882 0.969913 0.32975
0.164269 0.957861 0.32975
0.148611 0.979256 0.32975
0.146994 0.954671 0.32975
0.143 0.938693 0.32975
0.128792 0.954014 0.32975
0.11592 0.964429 0.32975
0.115862 0.937928 0.32975
0.109058 0.931235 0.32975
0.0995436 0.931989 0.32975
0.0903488 0.931713 0.32975
0.0836978 0.924835 0.32975
0.0718951 0.930893 0.32975
0.0687609 0.915565 0.32975
0.0568783 0.921425 0.32975
0.0524412 0.909724 0.32975
0.0437036 0.908064 0.32975
0.0337213 0.909051 0.32975
0.0270721 0.902683 0.32975
0.021794 0.893559 0.32975
0.00875215 0.900592 0.32975
0.00537185 0.887775 0.32975
-0.00689836 0.892789 0.32975
-0.012825 0.885237 0.32975
-0.0205324 0.881182 0.32975
-0.0229555 0.867393 0.32975
-0.0314769 0.864999 0.32975
-0.0404843 0.863393 0.32975
-0.0535001 0.868623 0.32975
-0.0559856 0.855598 0.32975
-0.0649778 0.853739 0.32975
-0.0859934 0.871398 0.32975
-0.0898679 0.860769 0.32975
-0.0914486 0.846765 0.32975
-0.0977281 0.840348 0.32975
-0.107249 0.838889 0.32975
-0.121818 0.844789 0.32975
-0.126336 0.835664 0.32975
-0.136474 0.834716 0.32975
-0.136187 0.819 0.32975
-0.153304 0.827624 0.32975
-0.154555 0.814307 0.32975
-0.170064 0.820199 0.32975
-0.17111 0.80684 0.32975
-0.187362 0.813227 0.32975
-0.195058 0.808434 0.32975
-0.202088 0.802792 0.32975
-0.208433 0.796317 0.32975
-0.219856 0.79592 0.32975
-0.228725 0.792343 0.32975
-0.240862 0.792445 0.32975
-0.244438 0.782659 0.32975
-0.259271 0.785504 0.32975
-0.251236 0.763082 0.32975
-0.267416 0.76719 0.32975
-0.269266 0.75584 0.32975
-0.289033 0.763219 0.32975
-0.301272 0.762465 0.32975
-0.291634 0.739634 0.32975
