-1.38694 -1.83494 0.32975
-1.31899 -1.7981 0.32975
-1.28378 -1.79331 0.32975
-1.22608 -1.76411 0.32975
-1.17788 -1.74355 0.32975
-1.11194 -1.70237 0.32975
-1.07896 -1.69586 0.32975
-1.02766 -1.66792 0.32975
-0.975648 -1.63772 0.32975
-0.939221 -1.62423 0.32975
-0.896712 -1.60256 0.32975
-0.848964 -1.57334 0.32975
-0.807494 -1.55041 0.32975
-0.780844 -1.54487 0.32975
-0.737148 -1.51692 0.32975
-0.698298 -1.49388 0.32975
-0.671376 -1.48546 0.32975
-0.638146 -1.46784 0.32975
-0.605311 -1.44976 0.32975
-0.587393 -1.45157 0.32975
-0.555759 -1.43352 0.32975
-0.529617 -1.42244 0.32975
-0.495358 -1.39859 0.32975
-0.469319 -1.38592 0.32975
-0.455012 -1.39052 0.32975
-0.418664 -1.36039 0.32975
-0.397221 -1.35264 0.32975
-0.381205 -1.35314 0.32975
-0.350309 -1.32861 0.32975
-0.328534 -1.31829 0.32975
-0.312 -1.31636 0.32975
-0.296545 -1.31598 0.32975
-0.274366 -1.30318 0.32975
-0.251992 -1.28922 0.32975
-0.228978 -1.27321 0.32975
-0.217842 -1.27907 0.32975
-0.186225 -1.24474 0.32975
-0.1798 -1.25917 0.32975
-0.160459 -1.24753 0.32975
-0.137065 -1.22661 0.32975
-0.12338 -1.22533 0.32975
-0.108933 -1.22208 0.32975
-0.0901125 -1.20862 0.32975
-0.06838 -1.18759 0.32975
-0.0568247 -1.18929 0.32975
-0.0445135 -1.18903 0.32975
-0.0247535 -1.17011 0.32975
-0.00756098 -1.15651 0.32975
0.00613229 -1.1511 0.32975
0.0200465 -1.14461 0.32975
0.0297094 -1.14924 0.32975
0.0477656 -1.13023 0.32975
0.0641552 -1.11477 0.32975
0.0726286 -1.12187 0.32975
0.0793427 -1.13461 0.32975
0.101888 -1.09773 0.32975
0.111772 -1.09975 0.32975
0.12053 -1.10552 0.32975
0.131017 -1.10545 0.32975
0.145753 -1.08987 0.32975
0.161228 -1.07025 0.32975
0.172081 -1.0669 0.32975
0.179225 -1.078 0.32975
0.192611 -1.06377 0.32975
0.206627 -1.0455 0.32975
0.215977 -1.04659 0.32975
0.226366 -1.04271 0.32975
0.238664 -1.02892 0.32975
0.247269 -1.03267 0.32975
0.259386 -1.01767 0.32975
0.266711 -1.02814 0.32975
0.278826 -1.01094 0.32975
0.28875 -1.00547 0.32975
0.298565 -0.999895 0.32975
0.306878 -1.00413 0.32975
0.316952 -0.995411 0.32975
0.326009 -0.993539 0.32975
0.330608 -1.03033 0.32975
0.340022 -1.02734 0.32975
0.347458 -1.04417 0.32975
0.354743 -1.06593 0.32975
0.363186 -1.07767 0.32975
0.370989 -1.10131 0.32975
0.378893 -1.12989 0.32975
0.38818 -1.14143 0.32975
0.39762 -1.1539 0.32975
0.406749 -1.18128 0.32975
0.416247 -1.21258 0.32975
0.426464 -1.23381 0.32975
0.437005 -1.25995 0.32975
0.448 -1.267 0.32975
0.459336 -1.29895 0.32975
0.470967 -1.3158 0.32975
0.483286 -1.34754 0.32975
0.496161 -1.37916 0.32975
0.509024 -1.39767 0.32975
0.522317 -1.41805 0.32975
0.536459 -1.4463 0.32975
0.548519 -1.43749 0.32975
0.560275 -1.42659 0.32975
0.572894 -1.42755 0.32975
0.587072 -1.44432 0.32975
0.601343 -1.45896 0.32975
0.605352 -1.38106 0.32975
0.609842 -1.3181 0.32975
0.622514 -1.32556 0.32975
0.672208 -1.59532 0.32975
0.707405 -1.73572 0.32975
0.719257 -1.71265 0.32975
0.74261 -1.76052 0.32975
0.767686 -1.81303 0.32975
0.795705 -1.87605 0.32975
0.82542 -1.94166 0.32975
0.857502 -2.01277 0.32975
0.745522 -1.39973 0.32975
0.725476 -1.25161 0.32975
0.741336 -1.27058 0.32975
0.873104 -1.77069 0.32975
1.04458 -2.39275 0.32975
0.448751 -0.00290444 0.32975
0.448776 -0.00289778 0.32975
0.448802 -0.00289089 0.32975
0.448827 -0.00288379 0.32975
0.448852 -0.00287646 0.32975
0.842409 -1.29006 0.32975
0.829295 -1.20931 0.32975
0.841688 -1.21165 0.32975
0.868111 -1.25558 0.32975
0.448977 -0.00283656 0.32975
0.449001 -0.00282792 0.32975
0.449026 -0.00281908 0.32975
0.449051 -0.00281002 0.32975
0.449075 -0.00280074 0.32975
0.4491 -0.00279125 0.32975
0.449124 -0.00278155 0.32975
0.95429 -1.22229 0.32975
0.942666 -1.16536 0.32975
0.949228 -1.15274 0.32975
0.968216 -1.16842 0.32975
1.0323 -1.28214 0.32975
1.04474 -1.27971 0.32975
1.05201 -1.26633 0.32975
1.0661 -1.2673 0.32975
1.0758 -1.25917 0.32975
1.08858 -1.25721 0.32975
1.10276 -1.25778 0.32975
1.09165 -1.21052 0.32975
1.05399 -1.1161 0.32975
1.05983 -1.10377 0.32975
1.07289 -1.10448 0.32975
0.4495 -0.00259808 0.32975
0.449523 -0.00258489 0.32975
0.449545 -0.0025715 0.32975
0.449567 -0.00255792 0.32975
0.44959 -0.00254414 0.32975
0.449612 -0.00253017 0.32975
0.449634 -0.00251601 0.32975
1.20526 -1.14409 0.32975
1.16321 -1.06034 0.32975
1.17017 -1.05076 0.32975
1.1839 -1.05097 0.32975
1.23311 -1.10068 0.32975
1.24445 -1.09622 0.32975
1.2522 -1.08681 0.32975
1.27429 -1.09653 0.32975
0.448 0 0.32975
0.449847 -0.00236403 0.32975
0.449868 -0.00234782 0.32975
0.449888 -0.00233144 0.32975
1.28126 -1.01083 0.32975
1.27655 -0.987431 0.32975
0.449948 -0.00228122 0.32975
17.7555 -19.91 0.32975
17.9372 -19.7679 0.32975
17.2465 -18.6567 0.32975
0.448 0 0.32975
0.448 0 0.32975
15.9298 -16.3144 0.32975
16.1084 -16.2168 0.32975
1.40334 -0.97216 0.32975
1.39623 -0.94823 0.32975
1.40946 -0.944826 0.32975
0.448 0 0.32975
0.448 0 0.32975
14.1667 -12.7929 0.32975
14.2793 -12.6741 0.32975
14.4533 -12.6104 0.32975
14.5538 -12.4798 0.32975
13.7173 -11.5348 0.32975
1.51105 -0.907928 0.32975
1.49595 -0.879333 0.32975
0.450315 -0.00190823 0.32975
0.448 0 0.32975
0.448 0 0.32975
0.448 0 0.32975
12.3975 -9.16916 0.32975
12.4778 -9.06514 0.32975
12.6031 -8.99432 0.32975
12.7418 -8.93198 0.32975
1.6187 -0.835051 0.32975
1.61202 -0.815052 0.32975
11.9619 -7.91326 0.32975
12.0388 -7.81808 0.32975
12.1791 -7.76465 0.32975
11.2736 -7.0302 0.32975
11.2383 -6.87421 0.32975
11.2394 -6.74322 0.32975
0.448 0 0.32975
1.73118 -0.771012 0.32975
1.74734 -0.765368 0.32975
0.448 0 0.32975
1.94762 -0.848446 0.32975
1.90949 -0.810117 0.32975
1.89805 -0.787312 0.32975
1.90398 -0.774159 0.32975
1.85569 -0.732795 0.32975
1.84777 -0.713219 0.32975
1.89779 -0.72284 0.32975
11.087 -5.189 0.32975
11.0173 -5.04129 0.32975
10.953 -4.89857 0.32975
10.8798 -4.75404 0.32975
1.95809 -0.672336 0.32975
1.97399 -0.663519 0.32975
10.6619 -4.33555 0.32975
10.6134 -4.21067 0.32975
10.5608 -4.08583 0.32975
10.4965 -3.95821 0.32975
2.1023 -0.635028 0.32975
2.08062 -0.610411 0.32975
10.2405 -3.56419 0.32975
10.2439 -3.46892 0.32975
10.2058 -3.35986 0.32975
10.1437 -3.24412 0.32975
2.19224 -0.566737 0.32975
2.18281 -0.546984 0.32975
9.96515 -2.90968 0.32975
9.90388 -2.80096 0.32975
9.84722 -2.69518 0.32975
2.30492 -0.514969 0.32975
2.3132 -0.499779 0.32975
9.67638 -2.38662 0.32975
9.66387 -2.29777 0.32975
9.60384 -2.19812 0.32975
2.41818 -0.454851 0.32975
2.43671 -0.440887 0.32975
2.6009 -0.457614 0.32975
2.60971 -0.439806 0.32975
2.58206 -0.414819 0.32975
2.53545 -0.386886 0.32975
9.25612 -1.55311 0.32975
9.20918 -1.46612 0.32975
2.63277 -0.346033 0.32975
2.64065 -0.327694 0.32975
9.08017 -1.21317 0.32975
9.08943 -1.13767 0.32975
2.77155 -0.285296 0.32975
2.77991 -0.265688 0.32975
8.94321 -0.892883 0.32975
2.9126 -0.237314 0.32975
2.88967 -0.213619 0.32975
8.83905 -0.66039 0.32975
3.01373 -0.179414 0.32975
3.00123 -0.156163 0.32975
3.33104 -0.151094 0.32975
3.11546 -0.116464 0.32975
3.12037 -0.0933214 0.32975
3.31802 -0.0751543 0.32975
3.23458 -0.0486402 0.32975
8.55369 -0.0707369 0.32975
3.324 0 0.32975
3.35689 0.0253853 0.32975
3.46154 0.0526013 0.32975
3.45397 0.0787143 0.32975
3.5721 0.109096 0.32975
3.58002 0.136747 0.32975
3.68056 0.169411 0.32975
3.72687 0.200544 0.32975
3.78685 0.233475 0.32975
3.92924 0.273979 0.32975
3.91675 0.303476 0.32975
4.03242 0.34514 0.32975
4.11082 0.384978 0.32975
4.13117 0.419645 0.32975
4.24747 0.466516 0.32975
4.38106 0.517797 0.32975
4.49622 0.568939 0.32975
4.55637 0.614 0.32975
4.63284 0.662813 0.32975
4.73242 0.716967 0.32975
4.88751 0.782806 0.32975
5.03095 0.849399 0.32975
5.12545 0.909204 0.32975
5.27805 0.982685 0.32975
5.44536 1.06222 0.32975
5.59113 1.1402 0.32975
5.76416 1.22733 0.32975
5.98176 1.32854 0.32975
6.15043 1.42178 0.32975
6.38371 1.53508 0.32975
6.61833 1.65334 0.32975
6.84362 1.77366 0.32975
6.85 1.83575 0.32975
6.81648 1.88643 0.32975
6.76631 1.9317 0.32975
6.76065 1.99037 0.32975
6.72212 2.03858 0.32975
6.69935 2.09167 0.32975
6.661 2.13931 0.32975
6.7505 2.23183 0.32975
7.19123 2.45434 0.32975
7.7887 2.74457 0.32975
8.41424 3.05795 0.32975
9.1502 3.42789 0.32975
10.0564 3.88205 0.32975
10.2245 4.04956 0.32975
9.68803 3.92216 0.32975
9.41501 3.89897 0.32975
9.64832 4.09624 0.32975
14.3285 6.32573 0.32975
14.2891 6.45423 0.32975
14.2187 6.56831 0.32975
14.1483 6.68209 0.32975
14.1074 6.81032 0.32975
14.0412 6.92608 0.32975
13.9829 7.04582 0.32975
13.9218 7.16413 0.32975
13.8579 7.28097 0.32975
13.8078 7.40547 0.32975
13.7401 7.52029 0.32975
13.6731 7.6355 0.32975
13.6128 7.75468 0.32975
13.5455 7.86978 0.32975
13.484 7.98848 0.32975
13.424 8.10829 0.32975
13.3662 8.22982 0.32975
13.3073 8.35095 0.32975
8.97115 5.64135 0.32975
8.58583 5.48904 0.32975
8.69998 5.67142 0.32975
9.15067 6.09367 0.32975
9.04506 6.13222 0.32975
8.51147 5.85846 0.32975
8.04766 5.62345 0.32975
7.63732 5.41754 0.32975
7.26449 5.23048 0.32975
6.93254 5.06628 0.32975
6.61182 4.90293 0.32975
6.37452 4.7992 0.32975
6.02299 4.59566 0.32975
5.81184 4.5008 0.32975
5.56857 4.37338 0.32975
5.51135 4.4015 0.32975
5.48473 4.45612 0.32975
5.45977 4.51262 0.32975
5.43273 4.56766 0.32975
5.40438 4.6219 0.32975
5.37764 4.67806 0.32975
5.34239 4.72646 0.32975
5.20681 4.67647 0.32975
5.035 4.587 0.32975
4.89106 4.52129 0.32975
4.75349 4.45847 0.32975
4.62356 4.40012 0.32975
4.4336 4.27403 0.32975
4.28873 4.19142 0.32975
4.1784 4.14303 0.32975
4.04271 4.06309 0.32975
3.9402 4.01732 0.32975
3.83877 3.97008 0.32975
3.74614 3.93057 0.32975
3.6532 3.88822 0.32975
3.55999 3.84299 0.32975
3.45475 3.78 0.32975
3.35084 3.71547 0.32975
3.27387 3.68275 0.32975
3.21334 3.66973 0.32975
3.1134 3.60208 0.32975
3.05248 3.58475 0.32975
2.98335 3.55443 0.32975
2.88455 3.47976 0.32975
2.84786 3.49182 0.32975
2.76809 3.43968 0.32975
2.68555 3.38057 0.32975
2.65324 3.39578 0.32975
2.56066 3.31622 0.32975
2.53588 3.34131 0.32975
2.45439 3.27414 0.32975
2.42369 3.28809 0.32975
2.333 3.20009 0.32975
2.301 3.20949 0.32975
2.22466 3.14024 0.32975
2.18653 3.13639 0.32975
4.34066 7.16939 0.32975
2.08411 3.07707 0.32975
2.06273 3.10188 0.32975
1.98884 3.02408 0.32975
1.95927 3.03114 0.32975
4.09832 7.48426 0.32975
1.8618 2.96409 0.32975
1.83377 2.97178 0.32975
1.82727 3.02653 0.32975
1.74712 2.91786 0.32975
1.74473 2.98228 0.32975
1.72843 3.01649 0.32975
1.62781 2.84832 0.32975
3.76814 8.21763 0.32975
3.72745 8.32538 0.32975
1.51845 2.7886 0.32975
1.50072 2.81564 0.32975
3.58398 8.61604 0.32975
1.41437 2.72895 0.32975
1.38954 2.73444 0.32975
3.41829 8.87726 0.32975
1.32839 2.70956 0.32975
1.29449 2.68471 0.32975
1.27804 2.71495 0.32975
3.22567 9.37726 0.32975
1.20766 2.64924 0.32975
1.17222 2.61144 0.32975
1.16105 2.66113 0.32975
2.99562 9.8509 0.32975
1.10433 2.63241 0.32975
1.06266 2.56025 0.32975
1.04142 2.57039 0.32975
1.04407 2.68872 0.32975
2.67037 10.4554 0.32975
0.956189 2.49783 0.32975
0.934372 2.50217 0.32975
2.46553 10.8856 0.32975
2.37602 10.9343 0.32975
0.857483 2.44697 0.32975
0.837209 2.45737 0.32975
0.814272 2.45078 0.32975
2.08718 11.6634 0.32975
2.00583 11.8329 0.32975
0.741949 2.39402 0.32975
0.720254 2.38954 0.32975
0.700436 2.40177 0.32975
1.6315 12.2912 0.32975
1.55026 12.5989 0.32975
0.630731 2.32182 0.32975
0.611579 2.33929 0.32975
0.591891 2.3526 0.32975
1.15401 13.4715 0.32975
1.04663 13.7109 0.32975
0.926788 13.7106 0.32975
0.508128 2.29621 0.32975
0.487669 2.27265 0.32975
0.573881 14.4245 0.32975
0.448001 14.633 0.32975
0.427493 2.34991 0.32975
0.408732 2.24966 0.32975
0.389756 2.22424 0.32975
0.36829 2.28261 0.32975
0.34484 2.36275 0.32975
-0.420094 16.5643 0.32975
0.447817 0.0029944 0.32975
0.294326 2.19763 0.32975
0.276723 2.17627 0.32975
0.255734 2.19761 0.32975
-1.2893 18.0426 0.32975
0.447686 0.00298357 0.32975
0.44766 0.00298072 0.32975
0.447634 0.00297764 0.32975
0.17024 2.10979 0.32975
0.152536 2.10234 0.32975
0.447557 0.00296705 0.32975
0.0864805 2.28255 0.32975
0.0631086 2.30002 0.32975
0.448 0 0.32975
0.447453 0.00294976 0.32975
0.0522621 2.03589 0.32975
0.0263369 2.07254 0.32975
0.447376 0.00293444 0.32975
-0.0467807 2.23181 0.32975
0.448 0 0.32975
0.448 0 0.32975
-0.0525358 2.00754 0.32975
-0.0657801 1.98664 0.32975
-0.133825 2.1714 0.32975
-0.153019 2.1672 0.32975
0.447173 0.00288379 0.32975
0.447148 0.00287646 0.32975
0.447123 0.00286891 0.32975
-0.158223 1.92269 0.32975
-0.182085 1.9392 0.32975
-0.256733 2.10623 0.32975
-0.25067 2.02908 0.32975
-0.250992 1.97389 0.32975
-0.268874 1.9696 0.32975
-0.274478 1.93235 0.32975
-0.276978 1.88863 0.32975
-0.291233 1.87665 0.32975
0.446876 0.00278155 0.32975
0.446852 0.00277164 0.32975
-0.395588 1.98737 0.32975
-0.40931 1.97168 0.32975
-0.42323 1.95681 0.32975
-0.376825 1.80991 0.32975
-0.395969 1.8099 0.32975
-0.474585 1.93424 0.32975
-0.490991 1.92522 0.32975
-0.501955 1.90532 0.32975
-0.527625 1.91477 0.32975
-0.543836 1.9053 0.32975
-0.494698 1.77296 0.32975
-0.508226 1.76115 0.32975
-0.587554 1.86819 0.32975
-0.614158 1.87736 0.32975
0.4465 0.00259808 0.32975
0.446477 0.00258489 0.32975
0.446455 0.0025715 0.32975
-0.604834 1.71807 0.32975
-0.621907 1.71221 0.32975
0.446388 0.00253017 0.32975
0.446366 0.00251601 0.32975
0.446344 0.00250166 0.32975
0.446322 0.00248711 0.32975
0.446301 0.00247238 0.32975
-0.722096 1.67107 0.32975
-0.725601 1.64533 0.32975
-1.01147 2.00879 0.32975
-1.03906 2.00964 0.32975
-1.04631 1.98301 0.32975
-1.04103 1.94054 0.32975
-1.03759 1.90147 0.32975
-0.871731 1.65913 0.32975
-0.841478 1.59237 0.32975
-0.920204 1.65976 0.32975
-0.936565 1.65006 0.32975
-0.952859 1.6402 0.32975
-0.960559 1.62036 0.32975
-0.969344 1.60202 0.32975
-0.970557 1.57547 0.32975
-0.940338 1.51511 0.32975
-0.909858 1.45613 0.32975
-0.889473 1.4094 0.32975
-0.868378 1.36315 0.32975
-0.83957 1.31024 0.32975
-0.814186 1.26219 0.32975
