-1.03339 -1.48139 0.32975
-1.00148 -1.475 0.32975
-0.982302 -1.48112 0.32975
-0.974829 -1.49935 0.32975
-0.969193 -1.51975 0.32975
-0.934933 -1.50921 0.32975
-0.915688 -1.51453 0.32975
-0.90242 -1.52637 0.32975
-0.891672 -1.54112 0.32975
-0.874926 -1.54895 0.32975
-0.858787 -1.55737 0.32975
-0.845147 -1.56871 0.32975
-0.828891 -1.57683 0.32975
-0.823175 -1.59809 0.32975
-0.802408 -1.60045 0.32975
-0.787177 -1.60971 0.32975
-0.777897 -1.62682 0.32975
-0.766033 -1.64067 0.32975
-0.740502 -1.63583 0.32975
-0.726181 -1.64614 0.32975
-0.806985 -1.7923 0.32975
-0.908543 -1.97378 0.32975
-0.995277 -2.13975 0.32975
-4.48687 -7.45577 0.32975
-4.42325 -7.50107 0.32975
-4.35385 -7.53739 0.32975
-4.32127 -7.63243 0.32975
-4.3778 -7.87499 0.32975
-4.30271 -7.90651 0.32975
-4.23303 -7.94681 0.32975
-4.167 -7.99341 0.32975
-4.09067 -8.02207 0.32975
-4.02825 -8.07536 0.32975
-3.95236 -8.10445 0.32975
-3.88616 -8.15137 0.32975
-3.81625 -8.19154 0.32975
-3.74687 -8.2329 0.32975
-3.67844 -8.27635 0.32975
-3.60649 -8.31295 0.32975
-3.54155 -8.36426 0.32975
-3.47094 -8.40419 0.32975
-3.39745 -8.43807 0.32975
-3.33099 -8.48775 0.32975
-3.26076 -8.52958 0.32975
-3.18932 -8.56898 0.32975
-3.11937 -8.6124 0.32975
-3.05083 -8.6599 0.32975
-2.98025 -8.70313 0.32975
-2.90668 -8.73925 0.32975
-2.83765 -8.78786 0.32975
-2.76494 -8.82747 0.32975
-2.69279 -8.86931 0.32975
-2.62536 -8.9257 0.32975
-2.5518 -8.96545 0.32975
-2.48148 -9.01602 0.32975
-1.08981 -4.87731 0.32975
-1.01737 -4.793 0.32975
-0.921238 -4.62247 0.32975
-0.833714 -4.46987 0.32975
-0.728651 -4.24286 0.32975
-0.677604 -4.20081 0.32975
-0.680212 -4.36247 0.32975
-0.74661 -4.79132 0.32975
-0.680475 -4.70044 0.32975
-0.571029 -4.4139 0.32975
-0.540696 -4.45972 0.32975
-0.556629 -4.72641 0.32975
-0.502586 -4.67228 0.32975
-0.402436 -4.37511 0.32975
-0.357117 -4.34402 0.32975
-0.366757 -4.62072 0.32975
-0.360403 -4.83083 0.32975
-0.320875 -4.85449 0.32975
-0.281587 -4.88178 0.32975
-0.241186 -4.90381 0.32975
-0.201368 -4.93244 0.32975
-0.160493 -4.95578 0.32975
-0.119714 -4.98276 0.32975
-0.0777784 -5.00245 0.32975
-0.0353506 -5.01978 0.32975
0.00620745 -5.04971 0.32975
0.0486434 -5.07431 0.32975
0.0921722 -5.08857 0.32975
0.135431 -5.11045 0.32975
0.178627 -5.13995 0.32975
0.222531 -5.16408 0.32975
0.266662 -5.19283 0.32975
0.311068 -5.22921 0.32975
0.35634 -5.2512 0.32975
0.401968 -5.2748 0.32975
0.448 -5.31 0.32975
0.494556 -5.3348 0.32975
0.541719 -5.36918 0.32975
0.589512 -5.40415 0.32975
0.63726 -5.4197 0.32975
0.686468 -5.4618 0.32975
0.737523 -5.52442 0.32975
0.78743 -5.54963 0.32975
0.840659 -5.61529 0.32975
0.886272 -5.56878 0.32975
0.930843 -5.51892 0.32975
0.448288 -0.00298619 0.32975
1.01256 -5.37141 0.32975
1.05443 -5.32256 0.32975
1.09391 -5.26049 0.32975
1.133 -5.2031 0.32975
1.16892 -5.12959 0.32975
1.20759 -5.08255 0.32975
1.2419 -5.01252 0.32975
1.27472 -4.9403 0.32975
1.30877 -4.88169 0.32975
1.34551 -4.84253 0.32975
1.37838 -4.78641 0.32975
1.41015 -4.72912 0.32975
1.43932 -4.66381 0.32975
1.47089 -4.61397 0.32975
1.50257 -4.56785 0.32975
1.53119 -4.5118 0.32975
1.56036 -4.46142 0.32975
1.58948 -4.41378 0.32975
1.61864 -4.36888 0.32975
1.6479 -4.3267 0.32975
1.67817 -4.29011 0.32975
1.70079 -4.22935 0.32975
1.72771 -4.18575 0.32975
1.75306 -4.13913 0.32975
1.77863 -4.09525 0.32975
1.64456 -3.57613 0.32975
1.48461 -3.01053 0.32975
1.48581 -2.93067 0.32975
1.50587 -2.90647 0.32975
1.53224 -2.89994 0.32975
1.56539 -2.9109 0.32975
1.59148 -2.9029 0.32975
1.61977 -2.90023 0.32975
1.6546 -2.91299 0.32975
1.68037 -2.90327 0.32975
1.71203 -2.90708 0.32975
1.7459 -2.91512 0.32975
1.77668 -2.91552 0.32975
1.81263 -2.92647 0.32975
1.84802 -2.93521 0.32975
1.87271 -2.92108 0.32975
1.91242 -2.93717 0.32975
1.94662 -2.94121 0.32975
1.98331 -2.94931 0.32975
2.01603 -2.94904 0.32975
2.04219 -2.93613 0.32975
2.08035 -2.94484 0.32975
2.11682 -2.94964 0.32975
2.1585 -2.96267 0.32975
2.1919 -2.96056 0.32975
2.22591 -2.95894 0.32975
2.26002 -2.95696 0.32975
2.30219 -2.96732 0.32975
2.34198 -2.97295 0.32975
2.42613 -3.04605 0.32975
2.57351 -3.21129 0.32975
3.07173 -3.88984 0.32975
3.16675 -3.95581 0.32975
3.25508 -4.00893 0.32975
3.30506 -4.00545 0.32975
3.39809 -4.06046 0.32975
3.47624 -4.09244 0.32975
3.57082 -4.14412 0.32975
3.67626 -4.20715 0.32975
3.77627 -4.25999 0.32975
3.89424 -4.33252 0.32975
4.00744 -4.39554 0.32975
4.13853 -4.47697 0.32975
4.26937 -4.55413 0.32975
4.3895 -4.6149 0.32975
4.52803 -4.69354 0.32975
4.68943 -4.79407 0.32975
4.8375 -4.87503 0.32975
5.00215 -4.96999 0.32975
5.17766 -5.07194 0.32975
5.35803 -5.1741 0.32975
5.55235 -5.28571 0.32975
5.7686 -5.41428 0.32975
5.98111 -5.53311 0.32975
6.20964 -5.66194 0.32975
6.47607 -5.82124 0.32975
6.7457 -5.97629 0.32975
7.02726 -6.13526 0.32975
7.34154 -6.31677 0.32975
7.67731 -6.5093 0.32975
8.00496 -6.68584 0.32975
8.74905 -7.21599 0.32975
8.97443 -7.28226 0.32975
9.34024 -7.46148 0.32975
10.1535 -8.00059 0.32975
10.5113 -8.14907 0.32975
11.129 -8.49608 0.32975
11.8899 -8.93941 0.32975
12.6855 -9.39015 0.32975
13.8874 -10.1273 0.32975
14.8378 -10.6479 0.32975
16.0588 -11.3419 0.32975
17.765 -12.3521 0.32975
19.3327 -13.2232 0.32975
0.448 0 0.32975
0.448 0 0.32975
0.448 0 0.32975
34.7773 -22.2937 0.32975
34.9874 -22.004 0.32975
35.1552 -21.6875 0.32975
35.3406 -21.3822 0.32975
35.5087 -21.0666 0.32975
35.6973 -20.7634 0.32975
35.8468 -20.4375 0.32975
36.0525 -20.1441 0.32975
2.50598 -1.14076 0.32975
2.47104 -1.09842 0.32975
2.48584 -1.08354 0.32975
2.49345 -1.06479 0.32975
2.66482 -1.12953 0.32975
3.32074 -1.43229 0.32975
3.33043 -1.40586 0.32975
3.35793 -1.38797 0.32975
3.37628 -1.36548 0.32975
3.38263 -1.33739 0.32975
3.3951 -1.31213 0.32975
3.40093 -1.28397 0.32975
3.42399 -1.26323 0.32975
3.43121 -1.23568 0.32975
3.43539 -1.20698 0.32975
3.29229 -1.12039 0.32975
3.14325 -1.03461 0.32975
3.0201 -0.96167 0.32975
2.89496 -0.89062 0.32975
2.78952 -0.829176 0.32975
2.68037 -0.768666 0.32975
2.59785 -0.71933 0.32975
2.51845 -0.67273 0.32975
2.4241 -0.623062 0.32975
2.34053 -0.578604 0.32975
2.31003 -0.551558 0.32975
2.23595 -0.512686 0.32975
2.15266 -0.472745 0.32975
2.10263 -0.443357 0.32975
2.05319 -0.41513 0.32975
2.01406 -0.390462 0.32975
1.96976 -0.365342 0.32975
1.94366 -0.3453 0.32975
1.90073 -0.322062 0.32975
1.87512 -0.303343 0.32975
1.82773 -0.28071 0.32975
1.78203 -0.25931 0.32975
1.76458 -0.244013 0.32975
1.7381 -0.227479 0.32975
1.69565 -0.208785 0.32975
1.68162 -0.195387 0.32975
1.64174 -0.178406 0.32975
1.62939 -0.166033 0.32975
1.607 -0.152585 0.32975
1.57255 -0.138078 0.32975
1.5608 -0.126788 0.32975
1.54197 -0.114981 0.32975
1.52004 -0.103226 0.32975
1.49799 -0.0918621 0.32975
1.48878 -0.0819113 0.32975
1.46552 -0.0711517 0.32975
1.43416 -0.0603161 0.32975
1.43564 -0.0517602 0.32975
1.41008 -0.0420055 0.32975
1.37344 -0.032317 0.32975
1.37368 -0.0242399 0.32975
1.36086 -0.0159342 0.32975
1.33497 -0.00774039 0.32975
1.309 0 0.32975
1.29997 0.00743497 0.32975
1.29087 0.0147123 0.32975
1.26472 0.0213866 0.32975
1.2605 0.0283733 0.32975
1.25024 0.0350264 0.32975
1.24591 0.0418164 0.32975
1.22655 0.0476178 0.32975
1.22111 0.0540613 0.32975
1.21363 0.0602566 0.32975
1.19614 0.0654539 0.32975
1.18559 0.0710217 0.32975
1.16704 0.075574 0.32975
1.15244 0.0802611 0.32975
1.14377 0.0854304 0.32975
1.143 0.0914988 0.32975
1.14317 0.0976995 0.32975
1.12053 0.10051 0.32975
1.11074 0.104968 0.32975
1.11177 0.111077 0.32975
1.09305 0.11374 0.32975
1.09596 0.120093 0.32975
1.09195 0.125171 0.32975
1.07711 0.127994 0.32975
1.07108 0.13244 0.32975
1.07088 0.138088 0.32975
1.07062 0.143744 0.32975
1.04309 0.142868 0.32975
1.05055 0.150234 0.32975
1.04632 0.154735 0.32975
1.0575 0.163315 0.32975
1.04641 0.165955 0.32975
1.02091 0.16428 0.32975
1.02425 0.170693 0.32975
1.00074 0.168991 0.32975
0.991619 0.171402 0.32975
0.985347 0.174595 0.32975
0.984751 0.179594 0.32975
0.985055 0.184923 0.32975
0.962682 0.182259 0.32975
0.96671 0.188795 0.32975
0.96598 0.193665 0.32975
0.952133 0.193519 0.32975
0.944843 0.195712 0.32975
0.939407 0.198541 0.32975
0.936732 0.20244 0.32975
0.941391 0.209432 0.32975
0.949632 0.218116 0.32975
0.936747 0.217604 0.32975
0.931189 0.220202 0.32975
0.923812 0.221875 0.32975
0.913734 0.222144 0.32975
0.91717 0.22883 0.32975
0.904417 0.227561 0.32975
0.898849 0.229719 0.32975
0.905698 0.238262 0.32975
0.901835 0.241308 0.32975
0.89356 0.24192 0.32975
0.887934 0.243859 0.32975
0.885789 0.247689 0.32975
0.883611 0.2515 0.32975
0.875368 0.251739 0.32975
0.866298 0.251339 0.32975
0.86153 0.253412 0.32975
0.866088 0.26125 0.32975
0.858732 0.261665 0.32975
0.848885 0.260337 0.32975
0.84076 0.259962 0.32975
0.849254 0.270649 0.32975
0.848525 0.275273 0.32975
0.84365 0.277037 0.32975
0.833077 0.274673 0.32975
0.832283 0.279198 0.32975
0.832244 0.284325 0.32975
0.828949 0.287066 0.32975
0.82405 0.288553 0.32975
0.818365 0.289361 0.32975
0.800174 0.280132 0.32975
0.805487 0.289487 0.32975
0.804491 0.293868 0.32975
0.804211 0.298896 0.32975
0.793224 0.294849 0.32975
0.799695 0.305723 0.32975
0.791771 0.304143 0.32975
0.79059 0.308469 0.32975
0.789359 0.312798 0.32975
0.780035 0.309627 0.32975
0.764263 0.300123 0.32975
0.777458 0.318154 0.32975
0.772529 0.318914 0.32975
0.755591 0.307591 0.32975
0.759905 0.317396 0.32975
0.748787 0.311474 0.32975
0.75776 0.326418 0.32975
0.756945 0.331303 0.32975
0.752016 0.331775 0.32975
0.747101 0.332186 0.32975
0.748167 0.339277 0.32975
0.745851 0.342638 0.32975
0.73051 0.330777 0.32975
0.729541 0.335527 0.32975
0.732327 0.344916 0.32975
0.72616 0.343498 0.32975
0.724397 0.347478 0.32975
0.725663 0.355393 0.32975
0.722551 0.357802 0.32975
0.70979 0.347406 0.32975
0.712101 0.356912 0.32975
0.70545 0.354349 0.32975
0.708155 0.364724 0.32975
0.698653 0.357969 0.32975
0.690422 0.352726 0.32975
0.687894 0.355657 0.32975
0.683125 0.355235 0.32975
0.68165 0.35979 0.32975
0.684412 0.371092 0.32975
0.668446 0.352788 0.32975
0.678944 0.376867 0.32975
0.667921 0.36601 0.32975
0.669794 0.376532 0.32975
0.668 0.381051 0.32975
0.661712 0.377734 0.32975
0.660347 0.383083 0.32975
0.65795 0.38668 0.32975
0.651281 0.382316 0.32975
0.642858 0.374319 0.32975
0.642308 0.381351 0.32975
0.646112 0.397351 0.32975
0.63913 0.391874 0.32975
0.63355 0.389014 0.32975
0.633529 0.397869 0.32975
0.628392 0.395833 0.32975
0.624931 0.397392 0.32975
0.623051 0.402589 0.32975
0.621094 0.407784 0.32975
0.615998 0.405583 0.32975
0.612078 0.406107 0.32975
0.61146 0.414966 0.32975
0.603173 0.40424 0.32975
0.601041 0.409326 0.32975
0.600541 0.419103 0.32975
0.596544 0.419475 0.32975
0.59418 0.424538 0.32975
0.588249 0.419159 0.32975
0.586749 0.427024 0.32975
0.582115 0.425358 0.32975
0.580152 0.43225 0.32975
0.574671 0.427634 0.32975
0.570383 0.4268 0.32975
0.570662 0.442306 0.32975
0.562139 0.425973 0.32975
0.559169 0.429858 0.32975
0.56001 0.449247 0.32975
0.554685 0.444373 0.32975
0.551702 0.449185 0.32975
0.548212 0.452025 0.32975
0.544679 0.454839 0.32975
0.540706 0.455665 0.32975
0.536154 0.453512 0.32975
0.531646 0.451314 0.32975
0.528573 0.456951 0.32975
0.522602 0.445801 0.32975
0.518083 0.442484 0.32975
0.517323 0.463848 0.32975
0.513411 0.465426 0.32975
0.51 0.470936 0.32975
0.506132 0.473445 0.32975
0.501998 0.473934 0.32975
0.497965 0.475381 0.32975
0.494294 0.480776 0.32975
0.490445 0.485147 0.32975
0.485268 0.473536 0.32975
0.481971 0.485814 0.32975
0.478158 0.493079 0.32975
0.473331 0.483337 0.32975
0.469592 0.494529 0.32975
0.46538 0.497697 0.32975
0.461246 0.505827 0.32975
0.456726 0.499924 0.32975
0.452389 0.502981 0.32975
0.448 0.509 0.32975
0.443584 0.505981 0.32975
0.439169 0.505923 0.32975
0.435042 0.49483 0.32975
0.430201 0.509689 0.32975
0.425711 0.510514 0.32975
0.421727 0.501312 0.32975
0.416011 0.523023 0.32975
0.412424 0.508758 0.32975
0.406417 0.528366 0.32975
0.403202 0.512044 0.32975
0.397202 0.52756 0.32975
0.392704 0.526102 0.32975
0.388229 0.524606 0.32975
0.381947 0.53796 0.32975
0.377907 0.532406 0.32975
0.373125 0.532764 0.32975
0.367296 0.540003 0.32975
0.36243 0.540266 0.32975
0.355573 0.55232 0.32975
0.351104 0.549523 0.32975
0.346859 0.545707 0.32975
0.338094 0.565417 0.32975
0.331769 0.571296 0.32975
0.327619 0.566347 0.32975
0.322032 0.568204 0.32975
0.314604 0.577801 0.32975
0.310734 0.571754 0.32975
0.299944 0.593821 0.32975
0.299024 0.576048 0.32975
0.291673 0.583419 0.32975
0.28445 0.589742 0.32975
0.276002 0.599827 0.32975
0.271911 0.594468 0.32975
0.261175 0.611079 0.32975
0.257653 0.603703 0.32975
0.250538 0.607725 0.32975
0.239531 0.623049 0.32975
0.231497 0.62877 0.32975
0.229356 0.61743 0.32975
0.222951 0.618318 0.32975
0.216513 0.61914 0.32975
0.208969 0.622698 0.32975
0.198413 0.633614 0.32975
0.189522 0.639757 0.32975
0.180887 0.644868 0.32975
0.172144 0.649876 0.32975
0.162097 0.657532 0.32975
0.156776 0.654099 0.32975
0.15108 0.651532 0.32975
0.133149 0.675199 0.32975
0.130283 0.666108 0.32975
0.11703 0.67859 0.32975
0.10889 0.68015 0.32975
0.0934335 0.695876 0.32975
0.0878362 0.691868 0.32975
0.0691366 0.712539 0.32975
0.0615016 0.711842 0.32975
0.0456079 0.725934 0.32975
0.0417505 0.718043 0.32975
0.0289999 0.725729 0.32975
0.0165924 0.732385 0.32975
-0.00574849 0.755164 0.32975
-0.0112762 0.749471 0.32975
-0.547188 1.59263 0.32975
-0.54869 1.56449 0.32975
-0.748027 1.84172 0.32975
-4.82245 7.96277 0.32975
-0.651933 1.63072 0.32975
-0.681414 1.64331 0.32975
-4.96484 7.73034 0.32975
-0.76625 1.70232 0.32975
-0.788112 1.70136 0.32975
-5.1582 7.57635 0.32975
-0.879604 1.76179 0.32975
-0.922321 1.78584 0.32975
-1.01235 1.86916 0.32975
-1.01055 1.83365 0.32975
-1.1832 2.01436 0.32975
-1.1123 1.8928 0.32975
-1.21875 1.98635 0.32975
-1.22043 1.95348 0.32975
-1.32402 2.03847 0.32975
-1.3424 2.02368 0.32975
-1.45701 2.11573 0.32975
-1.51459 2.14179 0.32975
-1.56185 2.1553 0.32975
-1.67695 2.23923 0.32975
-1.76379 2.29038 0.32975
-1.79491 2.2824 0.32975
-1.88757 2.33557 0.32975
