-1.27875 -1.72675 0.32975
-1.26082 -1.7389 0.32975
-1.27823 -1.78756 0.32975
-1.26187 -1.80183 0.32975
-1.25972 -1.83131 0.32975
-1.25719 -1.86089 0.32975
-1.26297 -1.90022 0.32975
-1.28078 -1.95403 0.32975
-1.27809 -1.98564 0.32975
-1.27499 -2.01736 0.32975
-1.28174 -2.06143 0.32975
-1.28213 -2.09882 0.32975
-1.28137 -2.1356 0.32975
-1.29193 -2.18739 0.32975
-1.28386 -2.21667 0.32975
-1.2821 -2.25471 0.32975
-1.29606 -2.31445 0.32975
-1.29602 -2.35691 0.32975
-1.29126 -2.39388 0.32975
-1.30108 -2.45212 0.32975
-1.29625 -2.49104 0.32975
-1.29766 -2.53996 0.32975
-1.2978 -2.58826 0.32975
-1.30606 -2.65009 0.32975
-1.29866 -2.68962 0.32975
-1.31327 -2.76464 0.32975
-1.31822 -2.82654 0.32975
-1.31073 -2.86999 0.32975
-1.31137 -2.92808 0.32975
-1.32128 -3.00364 0.32975
-1.3225 -3.0666 0.32975
-1.32177 -3.12806 0.32975
-1.3264 -3.20111 0.32975
-1.33132 -3.27711 0.32975
-1.33881 -3.3605 0.32975
-1.3362 -3.42741 0.32975
-1.33073 -3.49096 0.32975
-1.33411 -3.57437 0.32975
-1.33003 -3.64551 0.32975
-1.47725 -4.03636 0.32975
-1.84851 -4.92488 0.32975
-1.84484 -5.03118 0.32975
-1.85454 -5.17158 0.32975
-1.86195 -5.31253 0.32975
-1.86825 -5.45675 0.32975
-1.87297 -5.60333 0.32975
-1.88205 -5.76708 0.32975
-1.87892 -5.90722 0.32975
-1.89107 -6.09348 0.32975
-1.90714 -6.29912 0.32975
-1.9222 -6.51207 0.32975
-1.93104 -6.71821 0.32975
-1.93386 -6.91741 0.32975
-1.95273 -7.17502 0.32975
-1.94719 -7.37164 0.32975
-1.97358 -7.68028 0.32975
-1.99564 -7.99279 0.32975
-1.9951 -8.24777 0.32975
-1.9947 -8.5187 0.32975
-2.00445 -8.84324 0.32975
-2.04132 -9.29027 0.32975
-2.06181 -9.70471 0.32975
-2.10645 -10.2454 0.32975
-2.10636 -10.6397 0.32975
-2.03344 -10.7483 0.32975
-1.9376 -10.7607 0.32975
-1.83882 -10.7586 0.32975
-1.74226 -10.7655 0.32975
-1.64899 -10.7881 0.32975
-1.64534 -11.2947 0.32975
-1.69847 -12.1732 0.32975
-1.73905 -13.0693 0.32975
-1.7887 -14.122 0.32975
-1.76057 -14.7779 0.32975
-1.54649 -14.1915 0.32975
-1.40756 -14.0944 0.32975
-1.94612 -19.4986 0.32975
-1.77373 -19.4998 0.32975
-1.6017 -19.5016 0.32975
-1.42895 -19.4928 0.32975
-1.25999 -19.5224 0.32975
-1.08854 -19.5236 0.32975
-0.917204 -19.5233 0.32975
-0.746782 -19.5345 0.32975
-0.57611 -19.5412 0.32975
-0.405807 -19.5554 0.32975
-0.234633 -19.5481 0.32975
-0.0649638 -19.5893 0.32975
0.106089 -19.588 0.32975
0.325034 -14.0905 0.32975
0.448001 -14.302 0.32975
0.578279 -14.9284 0.32975
0.69003 -13.8659 0.32975
0.75872 -11.8659 0.32975
0.828719 -10.9024 0.32975
0.92258 -10.8696 0.32975
1.01747 -10.8661 0.32975
1.11325 -10.8767 0.32975
1.19293 -10.653 0.32975
1.2333 -9.97815 0.32975
1.26866 -9.38017 0.32975
1.28675 -8.71071 0.32975
1.32186 -8.3142 0.32975
1.34491 -7.87207 0.32975
1.36153 -7.44013 0.32975
1.38479 -7.1156 0.32975
1.39939 -6.76947 0.32975
1.42118 -6.51168 0.32975
1.42618 -6.17601 0.32975
1.44225 -5.94138 0.32975
1.46054 -5.74241 0.32975
1.16528 -3.87009 0.32975
1.14197 -3.57018 0.32975
1.14459 -3.42386 0.32975
1.14991 -3.30223 0.32975
1.15857 -3.20518 0.32975
1.18247 -3.18132 0.32975
1.2116 -3.18062 0.32975
1.24271 -3.18742 0.32975
1.2745 -3.19586 0.32975
1.30029 -3.18079 0.32975
1.33176 -3.18673 0.32975
1.36256 -3.18947 0.32975
1.3915 -3.1852 0.32975
1.4216 -3.18449 0.32975
1.45206 -3.18446 0.32975
1.48475 -3.19079 0.32975
1.51668 -3.19395 0.32975
1.54679 -3.19113 0.32975
1.58194 -3.20215 0.32975
1.60916 -3.19026 0.32975
1.64116 -3.19124 0.32975
1.67613 -3.19938 0.32975
1.70437 -3.18947 0.32975
1.74002 -3.19786 0.32975
1.78395 -3.22526 0.32975
1.96833 -3.58168 0.32975
2.00432 -3.57929 0.32975
2.04892 -3.59572 0.32975
2.0906 -3.60436 0.32975
2.12748 -3.60167 0.32975
2.16359 -3.5968 0.32975
2.20675 -3.60596 0.32975
2.2435 -3.60122 0.32975
2.28802 -3.61125 0.32975
2.32224 -3.60038 0.32975
2.36391 -3.60331 0.32975
2.40721 -3.60842 0.32975
2.4556 -3.6218 0.32975
2.49156 -3.61198 0.32975
2.538 -3.61999 0.32975
2.57865 -3.61712 0.32975
2.61837 -3.6121 0.32975
2.66183 -3.61264 0.32975
2.70652 -3.61438 0.32975
2.75678 -3.62405 0.32975
2.80139 -3.6239 0.32975
2.84506 -3.62157 0.32975
2.89 -3.62041 0.32975
2.94075 -3.62698 0.32975
2.98034 -3.61656 0.32975
3.03271 -3.62363 0.32975
3.08422 -3.62844 0.32975
3.13362 -3.62941 0.32975
3.18927 -3.63778 0.32975
3.23917 -3.63753 0.32975
3.28866 -3.63588 0.32975
3.33834 -3.63365 0.32975
3.39448 -3.6386 0.32975
3.44647 -3.63744 0.32975
3.50638 -3.64484 0.32975
3.5634 -3.64767 0.32975
3.61152 -3.63921 0.32975
3.67827 -3.65116 0.32975
3.74146 -3.65776 0.32975
3.79014 -3.64731 0.32975
3.84981 -3.64799 0.32975
3.91111 -3.64936 0.32975
3.972 -3.64921 0.32975
4.04366 -3.65897 0.32975
4.10869 -3.66069 0.32975
4.16974 -3.65734 0.32975
4.2382 -3.66016 0.32975
4.3128 -3.66755 0.32975
4.38488 -3.6712 0.32975
4.45363 -3.67048 0.32975
4.53084 -3.6762 0.32975
4.60021 -3.67357 0.32975
4.68343 -3.6818 0.32975
4.7633 -3.68562 0.32975
4.84433 -3.68896 0.32975
1.21885 -0.635442 0.32975
1.22437 -0.628691 0.32975
1.21965 -0.613799 0.32975
1.20607 -0.592266 0.32975
1.19455 -0.572845 0.32975
1.18274 -0.55367 0.32975
1.18112 -0.542478 0.32975
1.16398 -0.52019 0.32975
1.15954 -0.507534 0.32975
1.15493 -0.494996 0.32975
1.14109 -0.476348 0.32975
1.14605 -0.47084 0.32975
1.12678 -0.449277 0.32975
1.13403 -0.445515 0.32975
1.12271 -0.42984 0.32975
1.11541 -0.417047 0.32975
1.09515 -0.396576 0.32975
1.10373 -0.394004 0.32975
1.09767 -0.382684 0.32975
1.09405 -0.373 0.32975
1.0851 -0.360454 0.32975
1.08647 -0.353911 0.32975
1.0746 -0.340214 0.32975
1.07666 -0.334264 0.32975
1.06979 -0.323686 0.32975
1.06369 -0.313707 0.32975
1.06371 -0.306984 0.32975
1.06278 -0.299846 0.32975
1.04822 -0.28629 0.32975
1.04979 -0.280619 0.32975
1.04311 -0.271209 0.32975
1.03724 -0.262345 0.32975
1.04501 -0.259586 0.32975
1.03712 -0.250068 0.32975
1.03928 -0.244917 0.32975
1.02193 -0.231881 0.32975
1.03323 -0.230529 0.32975
1.02309 -0.220755 0.32975
1.02218 -0.214677 0.32975
1.00524 -0.202818 0.32975
1.00416 -0.196946 0.32975
1.00302 -0.191109 0.32975
1.00277 -0.185623 0.32975
0.997711 -0.178612 0.32975
1.00497 -0.175612 0.32975
0.996919 -0.167821 0.32975
0.987816 -0.159901 0.32975
0.993997 -0.156562 0.32975
0.994378 -0.151524 0.32975
0.991816 -0.145715 0.32975
0.987258 -0.139462 0.32975
0.984574 -0.133783 0.32975
0.979886 -0.127695 0.32975
0.979032 -0.122598 0.32975
0.966413 -0.114929 0.32975
0.971309 -0.111233 0.32975
0.959521 -0.10407 0.32975
0.976115 -0.102655 0.32975
0.972075 -0.0971315 0.32975
0.969948 -0.0920335 0.32975
0.960869 -0.0858248 0.32975
0.965549 -0.0819717 0.32975
0.95042 -0.0750872 0.32975
0.962939 -0.07237 0.32975
0.94868 -0.0659157 0.32975
0.966109 -0.0636158 0.32975
0.950747 -0.0572809 0.32975
0.949239 -0.0526824 0.32975
0.95167 -0.0484979 0.32975
0.942113 -0.0432292 0.32975
0.944465 -0.0390726 0.32975
0.928826 -0.0336227 0.32975
0.945071 -0.0304022 0.32975
0.938327 -0.0256969 0.32975
0.942529 -0.0215916 0.32975
0.953692 -0.0176592 0.32975
0.939831 -0.0128791 0.32975
0.943924 -0.00865646 0.32975
0.932982 -0.00423235 0.32975
0.934 0 0.32975
0.920982 0.00412763 0.32975
0.931926 0.00844692 0.32975
0.937832 0.0128267 0.32975
0.921711 0.0165424 0.32975
0.911558 0.0202394 0.32975
0.916357 0.0245455 0.32975
0.912133 0.0283875 0.32975
0.904884 0.0319485 0.32975
0.919542 0.0371112 0.32975
0.908242 0.0402659 0.32975
0.91285 0.0447599 0.32975
0.906475 0.0481876 0.32975
0.897094 0.0511679 0.32975
0.903579 0.055938 0.32975
0.906048 0.0603031 0.32975
0.901543 0.0637413 0.32975
0.905914 0.0684357 0.32975
0.897398 0.0711777 0.32975
0.890842 0.0741064 0.32975
0.902981 0.0802254 0.32975
0.890465 0.0820059 0.32975
0.882861 0.0845283 0.32975
0.887986 0.0895162 0.32975
0.883276 0.0925207 0.32975
0.884404 0.0967485 0.32975
0.888415 0.101678 0.32975
0.894318 0.107151 0.32975
0.882693 0.108381 0.32975
0.888507 0.113923 0.32975
0.890394 0.118539 0.32975
0.883561 0.120792 0.32975
0.886335 0.125691 0.32975
0.887139 0.130079 0.32975
0.88025 0.132152 0.32975
0.877173 0.135318 0.32975
0.881682 0.140912 0.32975
0.884229 0.14596 0.32975
0.878211 0.148134 0.32975
0.862762 0.146875 0.32975
0.880259 0.157329 0.32975
0.873249 0.158994 0.32975
0.854107 0.15589 0.32975
0.881575 0.17079 0.32975
0.93199 0.195545 0.32975
0.930265 0.199761 0.32975
0.937709 0.207869 0.32975
0.920286 0.205356 0.32975
0.911168 0.206215 0.32975
0.923 0.21647 0.32975
0.924718 0.222297 0.32975
0.915539 0.223005 0.32975
0.91717 0.22883 0.32975
0.92321 0.236931 0.32975
0.91756 0.239253 0.32975
0.91102 0.241033 0.32975
0.930972 0.256801 0.32975
0.926077 0.259574 0.32975
0.920295 0.261797 0.32975
0.901455 0.256553 0.32975
0.901797 0.262 0.32975
0.899494 0.26595 0.32975
0.888584 0.26473 0.32975
0.89052 0.271177 0.32975
0.90425 0.285097 0.32975
0.912709 0.296052 0.32975
0.957073 0.330596 0.32975
0.980019 0.352136 0.32975
0.97361 0.354528 0.32975
0.975441 0.3625 0.32975
0.971438 0.366515 0.32975
0.96822 0.371069 0.32975
0.975479 0.383236 0.32975
0.97533 0.390204 0.32975
0.976697 0.398402 0.32975
0.972407 0.402391 0.32975
0.970451 0.408184 0.32975
0.970782 0.41584 0.32975
0.980345 0.431084 0.32975
0.973476 0.433169 0.32975
0.981933 0.448023 0.32975
0.964316 0.440975 0.32975
1.00498 0.484172 0.32975
1.29657 0.750748 0.32975
1.31748 0.782883 0.32975
1.32315 0.801925 0.32975
1.32343 0.816352 0.32975
1.3286 0.835662 0.32975
1.31337 0.835674 0.32975
1.31603 0.853006 0.32975
1.32481 0.876812 0.32975
1.32694 0.894416 0.32975
1.32744 0.910684 0.32975
1.33322 0.932831 0.32975
1.34074 0.957342 0.32975
1.32829 0.960672 0.32975
1.3259 0.975006 0.32975
1.33061 0.997609 0.32975
1.32646 1.01056 0.32975
1.33385 1.03719 0.32975
1.33055 1.05178 0.32975
1.33215 1.07256 0.32975
1.33534 1.09578 0.32975
1.33508 1.11522 0.32975
1.34317 1.14577 0.32975
1.32401 1.14164 0.32975
1.33508 1.17719 0.32975
1.32893 1.19051 0.32975
1.33849 1.22566 0.32975
1.33996 1.25048 0.32975
1.33647 1.26887 0.32975
1.34349 1.30294 0.32975
1.35333 1.34221 0.32975
1.34379 1.3534 0.32975
1.35591 1.39806 0.32975
1.34851 1.41352 0.32975
1.34621 1.43744 0.32975
1.3258 1.43244 0.32975
1.31893 1.44947 0.32975
1.32198 1.48373 0.32975
1.3135 1.49909 0.32975
1.3186 1.53879 0.32975
1.32987 1.59093 0.32975
1.32072 1.60736 0.32975
1.32309 1.64581 0.32975
1.32486 1.68443 0.32975
1.33873 1.74815 0.32975
1.3279 1.76481 0.32975
1.32825 1.80478 0.32975
1.3327 1.85481 0.32975
1.33423 1.90053 0.32975
1.34208 1.96188 0.32975
1.33713 1.99701 0.32975
1.33841 2.0478 0.32975
1.34121 2.10427 0.32975
1.33927 2.15172 0.32975
1.34968 2.23173 0.32975
1.34336 2.27301 0.32975
1.35395 2.36009 0.32975
1.35819 2.43441 0.32975
1.35333 2.48737 0.32975
1.35295 2.5555 0.32975
1.35568 2.63611 0.32975
1.35866 2.72169 0.32975
1.35744 2.79896 0.32975
1.35944 2.89072 0.32975
1.36254 2.99132 0.32975
1.36821 3.10658 0.32975
1.37001 3.21542 0.32975
1.37158 3.33031 0.32975
1.37587 3.46284 0.32975
1.38292 3.61506 0.32975
1.38642 3.76378 0.32975
1.39205 3.93226 0.32975
1.39437 4.09917 0.32975
1.40358 4.31035 0.32975
1.40585 4.50633 0.32975
1.41334 4.7448 0.32975
1.42074 5.00434 0.32975
1.43043 5.30073 0.32975
1.43918 5.62128 0.32975
1.44918 5.98281 0.32975
1.45685 6.3696 0.32975
1.46448 6.80146 0.32975
1.52826 7.68646 0.32975
1.51009 8.06739 0.32975
1.51814 8.71555 0.32975
1.55388 9.7062 0.32975
1.56259 10.6046 0.32975
1.60955 12.0632 0.32975
1.64822 13.7186 0.32975
1.72022 16.165 0.32975
0.448 0 0.32975
0.448 0 0.32975
1.14281 13.2578 0.32975
1.02613 13.2414 0.32975
0.91391 13.3419 0.32975
0.799084 13.4074 0.32975
0.448 0 0.32975
0.448 0 0.32975
0.448 0 0.32975
0.116772 37.9556 0.32975
-0.212873 37.8612 0.32975
0.448 0 0.32975
-0.445461 25.5854 0.32975
-0.508397 21.9051 0.32975
-0.623471 20.4449 0.32975
-0.676515 18.3856 0.32975
-0.70919 16.5486 0.32975
-0.756821 15.3087 0.32975
-0.790659 14.1579 0.32975
-0.808347 13.0477 0.32975
-0.84439 12.2963 0.32975
-0.86312 11.5075 0.32975
-0.875988 10.783 0.32975
-0.892633 10.1831 0.32975
-0.907823 9.64719 0.32975
-0.919235 9.1484 0.32975
-0.93175 8.71141 0.32975
-0.943683 8.31636 0.32975
-0.983904 8.12072 0.32975
-0.996035 7.79131 0.32975
-0.955591 7.22085 0.32975
-0.981269 7.02508 0.32975
-0.987422 6.75313 0.32975
-0.997167 6.51873 0.32975
-1.00811 6.3071 0.32975
-1.01173 6.08023 0.32975
-1.01974 5.88678 0.32975
-1.02373 5.69077 0.32975
-1.02986 5.51544 0.32975
-1.0341 5.34429 0.32975
-1.03796 5.18216 0.32975
-1.04223 5.03093 0.32975
-1.0431 4.87715 0.32975
-1.04591 4.73807 0.32975
-1.04826 4.60502 0.32975
-1.05158 4.48178 0.32975
-1.0558 4.36735 0.32975
-1.06148 4.26262 0.32975
-1.06099 4.14592 0.32975
-1.09817 4.13541 0.32975
-1.14889 4.16003 0.32975
-1.18183 4.13757 0.32975
-1.2145 4.11484 0.32975
-1.25992 4.12327 0.32975
-1.30443 4.12846 0.32975
-1.34158 4.11577 0.32975
-1.3872 4.12192 0.32975
-1.43429 4.13031 0.32975
-1.22219 3.58173 0.32975
-1.07386 3.19064 0.32975
-1.09287 3.15926 0.32975
-1.09004 3.08484 0.32975
-1.09466 3.02764 0.32975
-1.09655 2.96705 0.32975
-1.0975 2.90666 0.32975
-1.09465 2.84122 0.32975
-1.09757 2.78829 0.32975
-1.09673 2.73031 0.32975
-1.11 2.69853 0.32975
-1.09999 2.62797 0.32975
-1.10587 2.58607 0.32975
-1.09651 2.5204 0.32975
-1.1089 2.49157 0.32975
-1.10963 2.44499 0.32975
-1.10313 2.38853 0.32975
-1.10018 2.33905 0.32975
-1.106 2.3039 0.32975
-1.10395 2.25811 0.32975
-1.10811 2.22236 0.32975
-1.11003 2.18427 0.32975
-1.11786 2.15522 0.32975
-1.11222 2.10852 0.32975
-1.10589 2.06208 0.32975
-1.10617 2.02543 0.32975
-1.11578 2.00155 0.32975
-1.11762 1.96826 0.32975
-1.1146 1.92965 0.32975
-1.10912 1.88894 0.32975
-1.11526 1.86302 0.32975
-1.12886 1.84627 0.32975
-1.11867 1.80225 0.32975
-1.1191 1.77128 0.32975
-1.13115 1.75382 0.32975
-1.13626 1.72892 0.32975
-1.13355 1.69601 0.32975
-1.12489 1.65748 0.32975
-1.13165 1.63578 0.32975
-1.13746 1.61337 0.32975
-1.11895 1.56695 0.32975
