-2.29345 -2.74145 0.32975
-2.28555 -2.78168 0.32975
-2.27923 -2.82413 0.32975
-2.26343 -2.85725 0.32975
-2.2609 -2.90494 0.32975
-2.25233 -2.9469 0.32975
-2.24525 -2.99116 0.32975
-2.23164 -3.02878 0.32975
-2.2425 -3.09506 0.32975
-2.23422 -3.14048 0.32975
-2.22278 -3.18291 0.32975
-2.21717 -3.23311 0.32975
-2.21591 -3.28966 0.32975
-2.20329 -3.33313 0.32975
-2.31324 -3.53423 0.32975
-2.99455 -4.48641 0.32975
-3.02327 -4.60653 0.32975
-3.05967 -4.74034 0.32975
-3.10105 -4.88484 0.32975
-3.15526 -5.05159 0.32975
-3.21486 -5.2311 0.32975
-3.27725 -5.42028 0.32975
-3.31705 -5.58191 0.32975
-3.37582 -5.77716 0.32975
-3.44726 -5.99817 0.32975
-3.51996 -6.22845 0.32975
-3.59105 -6.46382 0.32975
-3.67451 -6.72733 0.32975
-3.75626 -6.99706 0.32975
-3.85491 -7.30489 0.32975
-3.9545 -7.62535 0.32975
-4.06703 -7.98029 0.32975
-4.17951 -8.34825 0.32975
-4.31261 -8.76796 0.32975
-4.4453 -9.20296 0.32975
-4.5966 -9.69059 0.32975
-4.92679 -10.5486 0.32975
-4.9028 -10.7321 0.32975
-5.21444 -11.6097 0.32975
-5.40265 -12.2661 0.32975
0.448 0 0.32975
0.448 0 0.32975
-6.60644 -15.8445 0.32975
-6.57397 -16.1494 0.32975
0.448 0 0.32975
0.448 0 0.32975
0.448 0 0.32975
0.448 0 0.32975
0.448 0 0.32975
0.448 0 0.32975
0.448 0 0.32975
0.448 0 0.32975
0.448 0 0.32975
0.448 0 0.32975
0.448 0 0.32975
0.448 0 0.32975
-11.7591 -39.9276 0.32975
0.448 0 0.32975
0.448 0 0.32975
0.447198 -0.00289089 0.32975
-0.375045 -3.07164 0.32975
-0.344452 -3.06419 0.32975
-0.317683 -3.07099 0.32975
-0.326105 -3.22438 0.32975
-0.465751 -3.95789 0.32975
-0.434857 -3.98231 0.32975
-0.397577 -3.97813 0.32975
-0.36582 -4.00005 0.32975
-0.332027 -4.01289 0.32975
-0.295157 -4.00971 0.32975
-0.25979 -4.01408 0.32975
-0.207074 -3.91457 0.32975
-0.135501 -3.68408 0.32975
-0.0719936 -3.47936 0.32975
-0.0160034 -3.30155 0.32975
0.0367119 -3.12404 0.32975
0.082514 -2.97665 0.32975
0.123673 -2.84658 0.32975
0.162324 -2.71803 0.32975
0.195638 -2.62088 0.32975
0.228978 -2.50344 0.32975
0.25758 -2.41952 0.32975
0.2847 -2.3353 0.32975
0.31058 -2.2468 0.32975
0.333751 -2.18001 0.32975
0.356181 -2.103 0.32975
0.376177 -2.05675 0.32975
0.395986 -1.98632 0.32975
0.414229 -1.93471 0.32975
0.431516 -1.88893 0.32975
0.448 -1.806 0.32975
0.46328 -1.75093 0.32975
0.47807 -1.72274 0.32975
0.491454 -1.65943 0.32975
0.505096 -1.635 0.32975
0.516832 -1.5765 0.32975
0.529435 -1.55387 0.32975
0.540611 -1.51417 0.32975
0.5511 -1.4744 0.32975
0.561295 -1.43955 0.32975
0.570367 -1.39866 0.32975
0.581417 -1.38559 0.32975
0.589009 -1.34161 0.32975
0.597655 -1.3135 0.32975
0.603627 -1.26748 0.32975
0.614421 -1.26409 0.32975
0.621966 -1.23784 0.32975
0.628771 -1.20957 0.32975
0.637442 -1.19609 0.32975
0.644407 -1.17368 0.32975
0.651516 -1.15419 0.32975
0.655384 -1.11894 0.32975
0.666285 -1.12298 0.32975
0.6689 -1.08576 0.32975
0.676287 -1.07401 0.32975
0.67959 -1.04464 0.32975
0.685098 -1.02699 0.32975
0.690783 -1.01126 0.32975
0.698147 -1.00329 0.32975
0.702386 -0.983638 0.32975
0.707854 -0.969789 0.32975
0.710161 -0.945321 0.32975
0.716746 -0.93723 0.32975
0.720939 -0.921426 0.32975
0.722537 -0.89797 0.32975
0.725551 -0.880281 0.32975
0.729823 -0.867364 0.32975
0.73167 -0.847801 0.32975
0.74036 -0.849076 0.32975
0.740081 -0.824811 0.32975
0.746584 -0.820352 0.32975
0.749879 -0.807411 0.32975
0.754763 -0.799145 0.32975
0.75183 -0.771316 0.32975
0.755927 -0.762145 0.32975
0.7618 -0.757581 0.32975
0.762148 -0.740086 0.32975
0.767797 -0.735482 0.32975
0.769729 -0.722614 0.32975
0.77229 -0.71159 0.32975
0.774261 -0.69967 0.32975
0.774758 -0.685062 0.32975
0.782916 -0.686679 0.32975
0.788449 -0.682835 0.32975
0.787585 -0.666473 0.32975
0.780459 -0.638648 0.32975
0.791653 -0.646318 0.32975
0.801575 -0.651204 0.32975
0.797548 -0.630601 0.32975
0.804022 -0.629267 0.32975
0.801 -0.611414 0.32975
0.804799 -0.605725 0.32975
0.804406 -0.59316 0.32975
0.809046 -0.589174 0.32975
0.811525 -0.581761 0.32975
0.81014 -0.568446 0.32975
0.815631 -0.566103 0.32975
0.817798 -0.558704 0.32975
0.821541 -0.553797 0.32975
0.81673 -0.536506 0.32975
0.837458 -0.556204 0.32975
0.82778 -0.532432 0.32975
0.834175 -0.531524 0.32975
0.834635 -0.522507 0.32975
0.833162 -0.511127 0.32975
0.844304 -0.516473 0.32975
0.842639 -0.505115 0.32975
0.843297 -0.496956 0.32975
0.842584 -0.48727 0.32975
0.84046 -0.476092 0.32975
0.843957 -0.471883 0.32975
0.846761 -0.466889 0.32975
0.854757 -0.46792 0.32975
0.853523 -0.458361 0.32975
0.852155 -0.448859 0.32975
0.864164 -0.454163 0.32975
0.857881 -0.439544 0.32975
0.861701 -0.43595 0.32975
0.862711 -0.429446 0.32975
0.860135 -0.419391 0.32975
0.856001 -0.408001 0.32975
0.855266 -0.400219 0.32975
0.865936 -0.403597 0.32975
0.858562 -0.389609 0.32975
0.868528 -0.392149 0.32975
0.877095 -0.393193 0.32975
0.866391 -0.376721 0.32975
0.877152 -0.379681 0.32975
0.8646 -0.362145 0.32975
0.872307 -0.362392 0.32975
0.880049 -0.362532 0.32975
0.871622 -0.349207 0.32975
0.882425 -0.35179 0.32975
0.885478 -0.347986 0.32975
0.87983 -0.337382 0.32975
0.889104 -0.338471 0.32975
0.884055 -0.328591 0.32975
0.879671 -0.31942 0.32975
0.890532 -0.321519 0.32975
0.887622 -0.31358 0.32975
0.888704 -0.308584 0.32975
0.884787 -0.300195 0.32975
0.897338 -0.303083 0.32975
0.899966 -0.29915 0.32975
0.895011 -0.290293 0.32975
0.901745 -0.289067 0.32975
0.90425 -0.285097 0.32975
0.902457 -0.278492 0.32975
0.89887 -0.27091 0.32975
0.905525 -0.269503 0.32975
0.895735 -0.2585 0.32975
0.896233 -0.253598 0.32975
0.908925 -0.255495 0.32975
0.914652 -0.253371 0.32975
0.915079 -0.24835 0.32975
0.904811 -0.237801 0.32975
0.920233 -0.240615 0.32975
0.916051 -0.233361 0.32975
0.907284 -0.224008 0.32975
0.91915 -0.224727 0.32975
0.909311 -0.215113 0.32975
0.91572 -0.213152 0.32975
0.902946 -0.202555 0.32975
0.925788 -0.207748 0.32975
0.92298 -0.201617 0.32975
0.928417 -0.198995 0.32975
0.948679 -0.202288 0.32975
1.04254 -0.234194 0.32975
1.11364 -0.255516 0.32975
1.21045 -0.285069 0.32975
1.3689 -0.33518 0.32975
1.41326 -0.341818 0.32975
1.41432 -0.332731 0.32975
1.41339 -0.323016 0.32975
1.41903 -0.315506 0.32975
1.41888 -0.306118 0.32975
1.43778 -0.302605 0.32975
1.44517 -0.295376 0.32975
0.450884 -0.000826912 0.32975
0.450891 -0.000801715 0.32975
0.450898 -0.000776457 0.32975
0.450904 -0.00075114 0.32975
0.450911 -0.000725766 0.32975
1.44371 -0.239048 0.32975
1.36196 -0.211004 0.32975
1.36279 -0.202804 0.32975
0.450934 -0.000623735 0.32975
0.448 0 0.32975
0.450945 -0.000572427 0.32975
0.448 0 0.32975
0.448 0 0.32975
0.448 0 0.32975
0.448 0 0.32975
0.448 0 0.32975
0.448 0 0.32975
0.448 0 0.32975
0.448 0 0.32975
0.448 0 0.32975
0.448 0 0.32975
1.42647 -0.0942163 0.32975
1.40634 -0.0838438 0.32975
0.450991 -0.000235377 0.32975
0.448 0 0.32975
0.448 0 0.32975
0.448 0 0.32975
30.5473 -1.31416 0.32975
0.448 0 0.32975
0.448 0 0.32975
0.448 0 0.32975
26.649 -0.228651 0.32975
0.448 0 0.32975
0.448 0 0.32975
0.451 5.23569e-05 0.32975
1.43766 0.0259153 0.32975
1.46338 0.0354579 0.32975
22.8527 0.978208 0.32975
22.9212 1.17777 0.32975
21.6584 1.29728 0.32975
21.6113 1.47989 0.32975
20.3275 1.56455 0.32975
0.448 0 0.32975
0.448 0 0.32975
19.0137 1.95134 0.32975
19.0268 2.11679 0.32975
19.0503 2.28408 0.32975
1.49001 0.137183 0.32975
1.4957 0.147245 0.32975
1.48943 0.155643 0.32975
0.448 0 0.32975
16.5106 2.68797 0.32975
16.4748 2.82595 0.32975
16.536 2.98174 0.32975
0.448 0 0.32975
15.286 3.01883 0.32975
15.1329 3.12138 0.32975
15.1696 3.26369 0.32975
15.1727 3.39946 0.32975
1.52636 0.258891 0.32975
1.51144 0.265146 0.32975
0.450904 0.00075114 0.32975
13.912 3.60768 0.32975
13.9244 3.73733 0.32975
1.6515 0.345098 0.32975
1.67145 0.362404 0.32975
1.63669 0.363418 0.32975
1.63347 0.373777 0.32975
1.63872 0.386889 0.32975
1.6097 0.388698 0.32975
1.54196 0.376682 0.32975
1.54523 0.388551 0.32975
0.448 0 0.32975
0.448 0 0.32975
11.4334 4.21692 0.32975
11.2715 4.26351 0.32975
11.2274 4.35518 0.32975
11.2823 4.48773 0.32975
11.2888 4.60164 0.32975
1.59157 0.49724 0.32975
1.58536 0.506387 0.32975
11.2065 4.90292 0.32975
11.0554 4.94632 0.32975
10.8981 4.98446 0.32975
10.7482 5.02373 0.32975
10.6315 5.07728 0.32975
10.4772 5.11012 0.32975
1.61797 0.609046 0.32975
1.61172 0.618763 0.32975
10.042 5.20914 0.32975
9.92625 5.25388 0.32975
9.78431 5.28223 0.32975
9.6807 5.3305 0.32975
9.55111 5.36214 0.32975
1.67032 0.734444 0.32975
1.66557 0.746128 0.32975
9.16509 5.44704 0.32975
9.06999 5.49281 0.32975
8.96889 5.53353 0.32975
8.87442 5.57732 0.32975
0.450487 0.00167758 0.32975
1.69408 0.856406 0.32975
1.69966 0.876425 0.32975
0.450442 0.00174211 0.32975
8.30517 5.70857 0.32975
8.19879 5.73528 0.32975
0.450396 0.00180544 0.32975
1.73323 0.986193 0.32975
1.76634 1.03 0.32975
1.85669 1.12053 0.32975
1.87639 1.15669 0.32975
1.84541 1.15194 0.32975
1.78092 1.11845 0.32975
7.44373 5.97492 0.32975
7.38604 6.03115 0.32975
7.29495 6.05767 0.32975
1.81093 1.22719 0.32975
1.82745 1.26403 0.32975
7.01848 6.12707 0.32975
6.89803 6.12085 0.32975
1.84927 1.35319 0.32975
6.72318 6.1666 0.32975
6.68397 6.23598 0.32975
1.90309 1.48071 0.32975
1.88942 1.49263 0.32975
6.42774 6.30133 0.32975
1.92725 1.58631 0.32975
1.92079 1.60726 0.32975
2.09607 1.83037 0.32975
1.96275 1.71211 0.32975
1.97465 1.75621 0.32975
2.02941 1.85159 0.32975
1.99455 1.8431 0.32975
5.77388 6.46081 0.32975
2.0364 1.96152 0.32975
2.03853 1.99956 0.32975
2.07766 2.08586 0.32975
2.07765 2.12381 0.32975
2.11262 2.20903 0.32975
2.15514 2.30707 0.32975
2.14905 2.3413 0.32975
2.19127 2.44397 0.32975
2.17905 2.4722 0.32975
2.21859 2.57622 0.32975
2.25867 2.68442 0.32975
2.25891 2.73598 0.32975
2.28398 2.82716 0.32975
2.32156 2.94091 0.32975
2.35995 3.05976 0.32975
2.39117 3.17097 0.32975
2.43244 3.30267 0.32975
2.47206 3.43618 0.32975
2.512 3.57495 0.32975
2.55311 3.72077 0.32975
2.5991 3.88069 0.32975
2.65104 4.0575 0.32975
2.69254 4.22137 0.32975
2.77152 4.46344 0.32975
2.83417 4.68313 0.32975
2.90566 4.9293 0.32975
2.98661 5.20492 0.32975
3.07067 5.49855 0.32975
3.16797 5.833 0.32975
3.28492 6.22505 0.32975
3.33664 6.488 0.32975
3.28071 6.51479 0.32975
3.21555 6.51994 0.32975
3.15395 6.53275 0.32975
3.09609 6.55426 0.32975
3.0333 6.56317 0.32975
2.97199 6.57521 0.32975
2.95583 6.70751 0.32975
3.2211 7.61903 0.32975
3.67958 9.12571 0.32975
4.03413 10.4149 0.32975
3.95834 10.4913 0.32975
3.67785 9.94044 0.32975
3.5152 9.72791 0.32975
3.62637 10.396 0.32975
4.9238 15.11 0.32975
4.78874 15.1379 0.32975
4.65887 15.1839 0.32975
4.52518 15.2162 0.32975
4.39274 15.2532 0.32975
4.26311 15.3016 0.32975
2.29852 7.70798 0.32975
2.21994 7.67511 0.32975
2.15939 7.71957 0.32975
2.08863 7.71856 0.32975
2.02201 7.73651 0.32975
1.96455 7.80197 0.32975
3.33534 15.5787 0.32975
3.20015 15.6082 0.32975
3.06566 15.6425 0.32975
2.93296 15.6894 0.32975
2.07922 10.9148 0.32975
1.91294 10.4236 0.32975
1.81226 10.3626 0.32975
1.78905 10.922 0.32975
1.71429 11.1141 0.32975
1.56311 10.6096 0.32975
1.42189 10.1142 0.32975
1.29428 9.67305 0.32975
1.18559 9.37202 0.32975
1.07148 8.91623 0.32975
0.974177 8.60292 0.32975
0.882284 8.28663 0.32975
0.800227 8.06731 0.32975
0.71753 7.7183 0.32975
0.64396 7.48343 0.32975
0.575245 7.28989 0.32975
0.511521 7.27872 0.32975
0.448001 7.314 0.32975
0.383939 7.34072 0.32975
0.319742 7.34788 0.32975
0.255102 7.36647 0.32975
0.190721 7.36751 0.32975
0.135075 7.16717 0.32975
0.0810212 7.00239 0.32975
0.0323201 6.7963 0.32975
-0.020066 6.69366 0.32975
-0.0649669 6.51785 0.32975
-0.109275 6.36967 0.32975
-0.149982 6.21028 0.32975
-0.18931 6.0636 0.32975
-0.229748 5.94851 0.32975
-0.265788 5.81334 0.32975
-0.30135 5.69189 0.32975
-0.335961 5.57818 0.32975
-0.36835 5.46233 0.32975
-0.399561 5.3513 0.32975
-0.428899 5.24014 0.32975
-0.460354 5.15153 0.32975
-0.494523 5.08539 0.32975
-0.517112 4.96507 0.32975
-0.539669 4.85455 0.32975
-0.583657 4.85357 0.32975
-0.605411 4.75163 0.32975
-0.618717 4.62046 0.32975
-0.662499 4.62556 0.32975
-0.672581 4.49441 0.32975
-0.690479 4.40217 0.32975
-0.728851 4.39206 0.32975
-0.736935 4.27274 0.32975
-0.773349 4.25935 0.32975
-0.772982 4.12197 0.32975
-0.796334 4.07003 0.32975
-0.812859 3.99894 0.32975
-0.889734 4.11712 0.32975
-0.853583 3.89002 0.32975
-0.939898 4.03075 0.32975
-0.884891 3.76397 0.32975
-0.887589 3.6695 0.32975
-0.922011 3.66426 0.32975
-0.951427 3.64563 0.32975
-0.952768 3.55606 0.32975
-0.979625 3.5335 0.32975
-1.03222 3.57357 0.32975
-0.991453 3.39114 0.32975
-1.10114 3.56278 0.32975
-1.02683 3.31252 0.32975
-1.0478 3.28223 0.32975
-1.16471 3.45847 0.32975
-1.06223 3.16627 0.32975
-1.14592 3.26802 0.32975
-1.12574 3.15643 0.32975
-1.09965 3.03744 0.32975
-4.15194 8.8364 0.32975
-1.12708 2.96229 0.32975
-1.12853 2.90361 0.32975
-4.54796 9.01296 0.32975
-4.64662 9.0047 0.32975
-1.17 2.80246 0.32975
-1.21723 2.82701 0.32975
-1.27017 2.85951 0.32975
-1.19944 2.68837 0.32975
-1.20429 2.64421 0.32975
-5.47304 9.29418 0.32975
-5.6122 9.33189 0.32975
-1.2332 2.54002 0.32975
-1.28047 2.56255 0.32975
-6.04472 9.44696 0.32975
-1.27789 2.46483 0.32975
-1.28772 2.43339 0.32975
-6.42967 9.46631 0.32975
-6.62087 9.55304 0.32975
-1.30208 2.32243 0.32975
-1.31132 2.29279 0.32975
-7.19974 9.78867 0.32975
-7.39133 9.85538 0.32975
-1.34871 2.21875 0.32975
-1.35719 2.18987 0.32975
-7.84589 9.88427 0.32975
-8.01366 9.90733 0.32975
-1.44014 2.17205 0.32975
-1.38414 2.07086 0.32975
-1.45902 2.11796 0.32975
-1.49905 2.12483 0.32975
-9.06315 10.1995 0.32975
-1.42088 1.96939 0.32975
-1.42549 1.94006 0.32975
0.448 0 0.32975
0.448 0 0.32975
