-6.12314 -6.57114 0.32975
-6.06625 -6.62895 0.32975
-6.0151 -6.69274 0.32975
-5.96196 -6.75469 0.32975
-5.91777 -6.82646 0.32975
-5.86539 -6.88986 0.32975
-5.82042 -6.96178 0.32975
-5.75677 -7.01322 0.32975
-5.71239 -7.08672 0.32975
-5.66525 -7.1577 0.32975
-5.60963 -7.2192 0.32975
-5.56167 -7.29031 0.32975
-5.51041 -7.35802 0.32975
-5.45033 -7.41521 0.32975
-5.41371 -7.50265 0.32975
-5.35532 -7.56304 0.32975
-5.31017 -7.64134 0.32975
-5.24743 -7.69693 0.32975
-2.65551 -4.27161 0.32975
-2.56178 -4.21956 0.32975
-2.4411 -4.12607 0.32975
-2.31833 -4.02503 0.32975
-2.22047 -3.95617 0.32975
-2.11188 -3.86756 0.32975
-1.97455 -3.73041 0.32975
-1.93331 -3.73791 0.32975
-2.0405 -3.98243 0.32975
-2.10493 -4.166 0.32975
-2.01852 -4.10497 0.32975
-1.86841 -3.93248 0.32975
-1.974 -4.19503 0.32975
-1.9634 -4.26213 0.32975
-1.86503 -4.17281 0.32975
-1.70637 -3.96786 0.32975
-1.76039 -4.15339 0.32975
-1.83719 -4.38982 0.32975
-1.81514 -4.44167 0.32975
-1.79548 -4.49973 0.32975
-1.7706 -4.5488 0.32975
-1.73857 -4.58423 0.32975
-1.70947 -4.6267 0.32975
-1.67772 -4.66446 0.32975
-1.64995 -4.71207 0.32975
-1.62111 -4.75863 0.32975
-1.59318 -4.80872 0.32975
-1.55726 -4.84113 0.32975
-1.52655 -4.88719 0.32975
-1.49336 -4.92842 0.32975
-1.46246 -4.97692 0.32975
-1.42841 -5.01869 0.32975
-1.39378 -5.06025 0.32975
-1.35956 -5.1044 0.32975
-1.32342 -5.14457 0.32975
-1.28607 -5.18259 0.32975
-1.25623 -5.24508 0.32975
-1.2149 -5.27406 0.32975
-1.17993 -5.3247 0.32975
-1.14533 -5.37898 0.32975
-1.10852 -5.42824 0.32975
-1.06724 -5.46378 0.32975
-1.03115 -5.52027 0.32975
-0.99519 -5.5804 0.32975
0.447274 -0.00291089 0.32975
0.4473 -0.00291711 0.32975
0.447325 -0.00292311 0.32975
0.447351 -0.00292889 0.32975
-0.687405 -5.34166 0.32975
-0.630182 -5.29943 0.32975
-0.578171 -5.27919 0.32975
-0.5204 -5.22502 0.32975
-0.466605 -5.18698 0.32975
-0.412888 -5.14447 0.32975
-0.36061 -5.10536 0.32975
-0.306272 -5.04695 0.32975
-0.259 -5.03056 0.32975
-0.208547 -4.98697 0.32975
-0.158909 -4.94288 0.32975
-0.113035 -4.92414 0.32975
-0.0646078 -4.87714 0.32975
-0.0174274 -4.83364 0.32975
0.0287808 -4.7917 0.32975
0.0728873 -4.76626 0.32975
0.116168 -4.74541 0.32975
0.160705 -4.69722 0.32975
0.203015 -4.67458 0.32975
0.245475 -4.63858 0.32975
0.287218 -4.60419 0.32975
0.32824 -4.57343 0.32975
0.368556 -4.55131 0.32975
0.40867 -4.50683 0.32975
0.448 -4.299 0.32975
0.482906 -3.99985 0.32975
0.507879 -3.43048 0.32975
0.535562 -3.34385 0.32975
0.564076 -3.32397 0.32975
0.594212 -3.34881 0.32975
0.624582 -3.36938 0.32975
0.654527 -3.37669 0.32975
0.685381 -3.39471 0.32975
0.716409 -3.41045 0.32975
0.74799 -3.4289 0.32975
0.778189 -3.42914 0.32975
0.809668 -3.44105 0.32975
0.841834 -3.45664 0.32975
0.875396 -3.48086 0.32975
0.907844 -3.49286 0.32975
0.943595 -3.52634 0.32975
0.975679 -3.53079 0.32975
1.01132 -3.55667 0.32975
1.04333 -3.55753 0.32975
1.08112 -3.59061 0.32975
1.1148 -3.59773 0.32975
1.15037 -3.61337 0.32975
1.18766 -3.63552 0.32975
1.22538 -3.65729 0.32975
1.26333 -3.67771 0.32975
1.30214 -3.69968 0.32975
1.361 -3.80294 0.32975
1.48367 -4.15384 0.32975
1.73495 -4.97628 0.32975
1.79153 -5.01412 0.32975
1.86089 -5.09471 0.32975
1.92376 -5.1466 0.32975
2.0027 -5.24858 0.32975
2.08762 -5.36296 0.32975
2.17525 -5.47815 0.32975
2.26595 -5.59507 0.32975
2.35817 -5.70891 0.32975
2.46262 -5.85087 0.32975
2.55933 -5.96221 0.32975
2.67421 -6.11646 0.32975
2.78598 -6.25322 0.32975
2.91357 -6.42303 0.32975
3.04466 -6.59201 0.32975
3.18225 -6.76751 0.32975
3.33228 -6.96328 0.32975
3.48711 -7.15969 0.32975
3.65315 -7.37133 0.32975
3.83246 -7.60161 0.32975
4.02805 -7.8557 0.32975
4.2355 -8.12233 0.32975
4.46252 -8.41661 0.32975
4.70152 -8.721 0.32975
4.95727 -9.04421 0.32975
5.20037 -9.32706 0.32975
5.70408 -10.0968 0.32975
5.93753 -10.3243 0.32975
6.24548 -10.6776 0.32975
6.82567 -11.5056 0.32975
7.18091 -11.9004 0.32975
7.7535 -12.6535 0.32975
8.33616 -13.3914 0.32975
9.07437 -14.3567 0.32975
9.88694 -15.4029 0.32975
10.7735 -16.5242 0.32975
11.9349 -18.0309 0.32975
0.448 0 0.32975
0.448 0 0.32975
0.448 0 0.32975
0.448 0 0.32975
24.0862 -33.7589 0.32975
24.4101 -33.5937 0.32975
0.448 0 0.32975
0.448 0 0.32975
0.448 0 0.32975
0.448 0 0.32975
25.8422 -32.5031 0.32975
26.1037 -32.2536 0.32975
2.27618 -2.25761 0.32975
2.12852 -2.03863 0.32975
2.14239 -2.01929 0.32975
2.16579 -2.01127 0.32975
2.21805 -2.03621 0.32975
2.79699 -2.65505 0.32975
2.82141 -2.63593 0.32975
2.84567 -2.6166 0.32975
2.87182 -2.59923 0.32975
2.90061 -2.58451 0.32975
2.91612 -2.55581 0.32975
2.94814 -2.54416 0.32975
2.96318 -2.51518 0.32975
2.98432 -2.49243 0.32975
2.88368 -2.35211 0.32975
2.76992 -2.20342 0.32975
2.66254 -2.06509 0.32975
2.56325 -1.93827 0.32975
2.46564 -1.81669 0.32975
2.38929 -1.71751 0.32975
2.3144 -1.62243 0.32975
2.24484 -1.53465 0.32975
2.19688 -1.46748 0.32975
2.13477 -1.39047 0.32975
2.0699 -1.31339 0.32975
2.03982 -1.26619 0.32975
1.98068 -1.19746 0.32975
1.94188 -1.1463 0.32975
1.92228 -1.11095 0.32975
1.86279 -1.04689 0.32975
1.82252 -0.998647 0.32975
1.81571 -0.975581 0.32975
1.78486 -0.936077 0.32975
1.73693 -0.885859 0.32975
1.7156 -0.855006 0.32975
1.68715 -0.820178 0.32975
1.67833 -0.798986 0.32975
1.63128 -0.753831 0.32975
1.63612 -0.742417 0.32975
1.60503 -0.709031 0.32975
1.58203 -0.681395 0.32975
1.55864 -0.654217 0.32975
1.54525 -0.6335 0.32975
1.5168 -0.604696 0.32975
1.50192 -0.584196 0.32975
1.48676 -0.564002 0.32975
1.47487 -0.545995 0.32975
1.45831 -0.525932 0.32975
1.44593 -0.508469 0.32975
1.43243 -0.490818 0.32975
1.39892 -0.463797 0.32975
1.39662 -0.452467 0.32975
1.39237 -0.440368 0.32975
1.37889 -0.424231 0.32975
1.36155 -0.406737 0.32975
1.35956 -0.396357 0.32975
1.33076 -0.374711 0.32975
1.32938 -0.36508 0.32975
1.32882 -0.355876 0.32975
1.30957 -0.33938 0.32975
1.28355 -0.320739 0.32975
1.27695 -0.309934 0.32975
1.25895 -0.295163 0.32975
1.25584 -0.286072 0.32975
1.25831 -0.279012 0.32975
1.23985 -0.264949 0.32975
1.22596 -0.252776 0.32975
1.21002 -0.240264 0.32975
1.21017 -0.23302 0.32975
1.20067 -0.222952 0.32975
1.19586 -0.214446 0.32975
1.19674 -0.207644 0.32975
1.19659 -0.200585 0.32975
1.17798 -0.188787 0.32975
1.16214 -0.178055 0.32975
1.15394 -0.169481 0.32975
1.15344 -0.162864 0.32975
1.16948 -0.159949 0.32975
1.13564 -0.146162 0.32975
1.13199 -0.139159 0.32975
1.1479 -0.136047 0.32975
1.1294 -0.126289 0.32975
1.12653 -0.119644 0.32975
1.11867 -0.112232 0.32975
1.12062 -0.106532 0.32975
1.10866 -0.0987368 0.32975
1.10554 -0.0924109 0.32975
1.0855 -0.0839283 0.32975
1.08918 -0.0787276 0.32975
1.09084 -0.0732425 0.32975
1.09543 -0.0680481 0.32975
1.07709 -0.0605745 0.32975
1.08258 -0.0555182 0.32975
1.07008 -0.0489585 0.32975
1.08345 -0.0444349 0.32975
1.06984 -0.0380333 0.32975
1.06016 -0.0320819 0.32975
1.05342 -0.0264333 0.32975
1.06163 -0.0214283 0.32975
1.0408 -0.015523 0.32975
1.04191 -0.0103668 0.32975
1.02798 -0.00506136 0.32975
1.024 0 0.32975
1.02798 0.00506136 0.32975
1.01991 0.00998272 0.32975
1.00581 0.0146068 0.32975
1.00866 0.0195786 0.32975
1.00447 0.024296 0.32975
0.995249 0.0286801 0.32975
1.00496 0.034065 0.32975
1.00863 0.0392032 0.32975
1.00528 0.0438587 0.32975
0.998896 0.0481971 0.32975
0.9885 0.0520442 0.32975
0.992004 0.057177 0.32975
0.975587 0.0601109 0.32975
0.975042 0.0647126 0.32975
0.963551 0.0678736 0.32975
0.96492 0.0726483 0.32975
0.976134 0.0789302 0.32975
0.967524 0.0822846 0.32975
0.962841 0.0861549 0.32975
0.954191 0.0892551 0.32975
0.939627 0.0911177 0.32975
0.959428 0.0994114 0.32975
0.956581 0.103472 0.32975
0.952724 0.107282 0.32975
0.946887 0.110601 0.32975
0.935185 0.112475 0.32975
0.934185 0.116723 0.32975
0.936059 0.121687 0.32975
0.930138 0.124689 0.32975
0.935793 0.130704 0.32975
0.937524 0.135757 0.32975
0.914212 0.133684 0.32975
0.924533 0.141156 0.32975
0.929021 0.147063 0.32975
0.90483 0.144038 0.32975
0.921626 0.15389 0.32975
0.920265 0.158018 0.32975
0.897121 0.154645 0.32975
0.89764 0.159226 0.32975
0.90751 0.167248 0.32975
0.900413 0.16915 0.32975
0.899853 0.17345 0.32975
0.8946 0.175921 0.32975
0.893975 0.180186 0.32975
0.89331 0.184453 0.32975
0.888001 0.186769 0.32975
0.885438 0.190203 0.32975
0.883761 0.194013 0.32975
0.885691 0.199467 0.32975
0.871246 0.197363 0.32975
0.876728 0.204493 0.32975
0.870433 0.206034 0.32975
0.875779 0.213283 0.32975
0.852517 0.206112 0.32975
0.859573 0.214251 0.32975
0.864751 0.221591 0.32975
0.860165 0.223787 0.32975
0.859946 0.228345 0.32975
0.843141 0.22356 0.32975
0.851568 0.233 0.32975
0.849519 0.236513 0.32975
0.850869 0.242068 0.32975
0.833393 0.236169 0.32975
0.837254 0.243233 0.32975
0.844394 0.252531 0.32975
0.823724 0.243998 0.32975
0.821581 0.247268 0.32975
0.833502 0.260025 0.32975
0.827098 0.260547 0.32975
0.831363 0.268434 0.32975
0.827378 0.270608 0.32975
0.822575 0.272145 0.32975
0.821793 0.276593 0.32975
0.820164 0.280446 0.32975
0.816909 0.283074 0.32975
0.810485 0.283204 0.32975
0.793913 0.275151 0.32975
0.800047 0.285082 0.32975
0.802176 0.29196 0.32975
0.802679 0.297611 0.32975
0.786381 0.289004 0.32975
0.802714 0.308348 0.32975
0.795515 0.307456 0.32975
0.796535 0.313822 0.32975
0.789359 0.312798 0.32975
0.786617 0.315765 0.32975
0.782398 0.317331 0.32975
0.784651 0.3251 0.32975
0.778948 0.325222 0.32975
0.764077 0.316077 0.32975
0.770418 0.328095 0.32975
0.766848 0.330177 0.32975
0.77015 0.339475 0.32975
0.768539 0.343736 0.32975
0.766879 0.347995 0.32975
0.76316 0.350021 0.32975
0.758106 0.350511 0.32975
0.758972 0.357732 0.32975
0.755838 0.360432 0.32975
0.746253 0.355445 0.32975
0.746957 0.362664 0.32975
0.738746 0.359041 0.32975
0.735602 0.361565 0.32975
0.73613 0.368789 0.32975
0.729248 0.366529 0.32975
0.73326 0.378553 0.32975
0.733515 0.385851 0.32975
0.721908 0.377002 0.32975
0.727899 0.392404 0.32975
0.723317 0.393193 0.32975
0.722141 0.398877 0.32975
0.718649 0.401254 0.32975
0.711274 0.397764 0.32975
0.714873 0.410949 0.32975
0.709128 0.409888 0.32975
0.696532 0.397735 0.32975
0.699844 0.410973 0.32975
0.694703 0.410583 0.32975
0.699231 0.426506 0.32975
0.691 0.420888 0.32975
0.692735 0.432567 0.32975
0.682163 0.422441 0.32975
0.686102 0.43853 0.32975
0.684144 0.444123 0.32975
0.673795 0.433748 0.32975
0.672725 0.441048 0.32975
0.668422 0.442098 0.32975
0.668501 0.452093 0.32975
0.662825 0.45039 0.32975
0.658464 0.451341 0.32975
0.661152 0.46772 0.32975
0.65869 0.473217 0.32975
0.656546 0.479622 0.32975
0.650008 0.475901 0.32975
0.649292 0.485961 0.32975
0.643545 0.48399 0.32975
0.636382 0.478235 0.32975
0.633993 0.484528 0.32975
0.631859 0.491753 0.32975
0.627903 0.494278 0.32975
0.627254 0.506198 0.32975
0.623156 0.508689 0.32975
0.620614 0.515888 0.32975
0.616105 0.517375 0.32975
0.614892 0.529313 0.32975
0.605881 0.516405 0.32975
0.60222 0.520639 0.32975
0.602633 0.539268 0.32975
0.595248 0.53096 0.32975
0.59268 0.539953 0.32975
0.588463 0.543131 0.32975
0.585896 0.553069 0.32975
0.58013 0.550361 0.32975
0.579371 0.569032 0.32975
0.573319 0.565275 0.32975
0.570668 0.577107 0.32975
0.566425 0.582075 0.32975
0.563821 0.595848 0.32975
0.55643 0.585037 0.32975
0.552189 0.590885 0.32975
0.547524 0.59473 0.32975
0.543425 0.60249 0.32975
0.538459 0.605278 0.32975
0.533731 0.610005 0.32975
0.527882 0.606764 0.32975
0.536843 0.723566 0.32975
1.75969 11.5125 0.32975
0.583573 1.28989 0.32975
0.571353 1.28107 0.32975
0.560954 1.29107 0.32975
1.32447 11.1366 0.32975
1.22167 11.064 0.32975
1.12002 10.9875 0.32975
1.01919 10.899 0.32975
0.509329 1.40466 0.32975
0.496231 1.38116 0.32975
0.484281 1.38553 0.32975
0.475016 1.54776 0.32975
0.461439 1.53994 0.32975
0.448 1.547 0.32975
0.434902 1.50094 0.32975
0.422083 1.48477 0.32975
0.409232 1.48049 0.32975
0.0911879 10.2178 0.32975
0.0062673 10.1174 0.32975
-0.0798591 10.0722 0.32975
0.351177 1.58304 0.32975
0.335692 1.60608 0.32975
-0.176536 7.93546 0.32975
0.26933 2.0422 0.32975
0.259088 1.96193 0.32975
0.270615 1.6877 0.32975
0.256687 1.67914 0.32975
0.184519 2.14588 0.32975
0.169066 2.11872 0.32975
0.19735 1.78347 0.32975
0.179283 1.79803 0.32975
0.101185 2.18971 0.32975
0.0911667 2.13235 0.32975
0.113206 1.89871 0.32975
0.0964675 1.8967 0.32975
0.0232591 2.1851 0.32975
0.0145742 2.13036 0.32975
0.0257315 1.98662 0.32975
-0.029682 2.15469 0.32975
-0.0354194 2.09392 0.32975
-0.0520395 2.08282 0.32975
-0.168658 2.47328 0.32975
-0.122116 2.20447 0.32975
-0.150908 2.23515 0.32975
-0.193372 2.31271 0.32975
-0.21601 2.31568 0.32975
-0.275671 2.44307 0.32975
-0.281467 2.38598 0.32975
-0.33624 2.48729 0.32975
-0.360079 2.48701 0.32975
-0.421097 2.59746 0.32975
-0.441778 2.5841 0.32975
-0.512697 2.71292 0.32975
-0.578061 2.81908 0.32975
-0.595968 2.79222 0.32975
-0.662224 2.89223 0.32975
-0.72627 2.98106 0.32975
-0.778087 3.03467 0.32975
-0.834754 3.09684 0.32975
-0.910572 3.2006 0.32975
-0.990686 3.30875 0.32975
-1.07401 3.41849 0.32975
-1.16267 3.53429 0.32975
-1.24966 3.64064 0.32975
-1.34207 3.75295 0.32975
-1.45672 3.90526 0.32975
-1.56346 4.03436 0.32975
-1.70255 4.2207 0.32975
-1.84043 4.39603 0.32975
-1.974 4.55513 0.32975
-2.14917 4.7834 0.32975
-2.31639 4.98708 0.32975
-2.52969 5.26304 0.32975
-2.7585 5.55382 0.32975
-3.01696 5.88234 0.32975
-3.31693 6.26589 0.32975
-3.52038 6.4758 0.32975
-3.57144 6.43245 0.32975
-3.61882 6.38363 0.32975
-3.66348 6.33112 0.32975
-3.71581 6.29083 0.32975
-3.77447 6.26006 0.32975
-3.84196 6.24193 0.32975
-4.30293 6.78504 0.32975
-5.57854 8.44889 0.32975
-6.3515 9.35871 0.32975
-6.42756 9.29178 0.32975
-6.07146 8.65162 0.32975
-6.11384 8.55156 0.32975
-9.55834 12.8075 0.32975
-9.66787 12.7174 0.32975
-9.7772 12.6271 0.32975
-9.89463 12.5466 0.32975
-10.0114 12.4651 0.32975
-10.1211 12.3748 0.32975
-10.2418 12.2972 0.32975
-10.3547 12.2102 0.32975
-6.82812 8.08096 0.32975
-6.86999 7.98619 0.32975
-6.67752 7.64119 0.32975
-6.73292 7.5671 0.32975
-10.9111 11.7626 0.32975
-11.0154 11.6652 0.32975
-11.1379 11.5859 0.32975
