-1.67827 -2.12627 0.32975
-1.66734 -2.15259 0.32975
-1.66237 -2.18535 0.32975
-1.65423 -2.21529 0.32975
-1.64642 -2.24599 0.32975
-1.64228 -2.28114 0.32975
-1.63433 -2.31267 0.32975
-1.63196 -2.35097 0.32975
-1.62646 -2.38639 0.32975
-1.61075 -2.41049 0.32975
-1.60442 -2.44598 0.32975
-1.59826 -2.48232 0.32975
-1.14859 -1.97162 0.32975
-0.890406 -1.68261 0.32975
-0.84612 -1.6564 0.32975
-0.822485 -1.65573 0.32975
-0.793544 -1.64758 0.32975
-0.769007 -1.64469 0.32975
-0.750494 -1.64959 0.32975
-0.710502 -1.62416 0.32975
-0.693991 -1.63093 0.32975
-0.659891 -1.61199 0.32975
-0.637393 -1.60916 0.32975
-0.617238 -1.6094 0.32975
-0.601519 -1.61612 0.32975
-0.58469 -1.621 0.32975
-0.548248 -1.59433 0.32975
-0.525415 -1.58847 0.32975
-0.50791 -1.5909 0.32975
-0.489423 -1.59143 0.32975
-0.4695 -1.58916 0.32975
-0.440825 -1.57099 0.32975
-0.419324 -1.56469 0.32975
-0.404206 -1.56957 0.32975
-0.380617 -1.5584 0.32975
-0.368372 -1.56824 0.32975
-0.344667 -1.5557 0.32975
-0.327045 -1.5545 0.32975
-0.311697 -1.55761 0.32975
-0.289466 -1.54613 0.32975
-0.271296 -1.54254 0.32975
-0.257808 -1.54875 0.32975
-0.240605 -1.54663 0.32975
-0.215917 -1.5269 0.32975
-0.200614 -1.52804 0.32975
-0.179218 -1.51424 0.32975
-0.166729 -1.52151 0.32975
-0.15013 -1.51844 0.32975
-0.133273 -1.51427 0.32975
-0.115484 -1.50711 0.32975
-0.104363 -1.5176 0.32975
-0.0880938 -1.51388 0.32975
-0.07063 -1.50621 0.32975
-0.0571491 -1.50973 0.32975
-0.0399379 -1.50172 0.32975
-0.0235067 -1.49543 0.32975
-0.00926943 -1.49566 0.32975
0.00948037 -1.48042 0.32975
0.0237941 -1.47938 0.32975
0.0385907 -1.47628 0.32975
0.0527833 -1.47497 0.32975
0.0691752 -1.46481 0.32975
0.079553 -1.47776 0.32975
0.0924627 -1.48092 0.32975
0.109224 -1.4674 0.32975
0.124206 -1.46054 0.32975
0.136756 -1.46429 0.32975
0.151939 -1.45519 0.32975
0.166557 -1.4479 0.32975
0.177198 -1.46112 0.32975
0.194126 -1.43979 0.32975
0.207196 -1.43899 0.32975
0.218354 -1.44993 0.32975
0.233528 -1.43506 0.32975
0.247034 -1.42995 0.32975
0.260042 -1.42768 0.32975
0.273727 -1.41934 0.32975
0.285893 -1.42279 0.32975
0.29727 -1.4341 0.32975
0.31094 -1.42342 0.32975
0.323106 -1.42755 0.32975
0.337059 -1.40964 0.32975
0.347551 -1.43649 0.32975
0.361494 -1.41436 0.32975
0.374416 -1.40407 0.32975
0.386497 -1.40866 0.32975
0.398582 -1.41514 0.32975
0.411143 -1.40752 0.32975
0.423532 -1.40179 0.32975
0.435879 -1.38895 0.32975
0.448 -1.405 0.32975
0.460095 -1.38595 0.32975
0.472521 -1.40479 0.32975
0.484307 -1.38652 0.32975
0.496545 -1.39015 0.32975
0.508282 -1.38068 0.32975
0.520328 -1.38011 0.32975
0.532125 -1.37543 0.32975
0.544124 -1.37464 0.32975
0.555724 -1.36877 0.32975
0.568711 -1.37973 0.32975
0.579213 -1.3627 0.32975
0.591099 -1.3615 0.32975
0.602409 -1.35523 0.32975
0.617276 -1.37865 0.32975
0.626821 -1.35828 0.32975
0.637693 -1.34974 0.32975
0.650647 -1.35594 0.32975
0.661846 -1.35017 0.32975
0.67296 -1.34431 0.32975
0.685203 -1.34525 0.32975
0.697663 -1.34706 0.32975
0.710935 -1.35268 0.32975
0.719938 -1.33662 0.32975
0.730552 -1.3293 0.32975
0.742791 -1.32972 0.32975
0.755958 -1.33391 0.32975
0.76782 -1.33215 0.32975
0.779675 -1.33028 0.32975
0.790019 -1.32249 0.32975
0.801288 -1.31849 0.32975
0.813048 -1.31632 0.32975
0.826726 -1.32077 0.32975
0.840225 -1.32413 0.32975
0.85235 -1.32257 0.32975
0.859967 -1.30659 0.32975
0.870426 -1.30009 0.32975
0.887467 -1.31343 0.32975
0.897284 -1.30482 0.32975
0.908653 -1.30085 0.32975
0.92204 -1.30241 0.32975
0.932687 -1.29635 0.32975
0.942189 -1.28741 0.32975
0.954138 -1.28491 0.32975
0.974322 -1.30269 0.32975
0.986053 -1.29897 0.32975
0.997368 -1.29423 0.32975
1.00306 -1.27655 0.32975
1.02109 -1.28719 0.32975
1.02691 -1.27031 0.32975
1.03924 -1.26792 0.32975
1.05674 -1.27626 0.32975
1.06084 -1.25651 0.32975
1.07714 -1.26186 0.32975
1.09176 -1.26345 0.32975
1.10091 -1.25423 0.32975
1.11465 -1.25379 0.32975
1.12986 -1.25583 0.32975
1.14322 -1.2542 0.32975
1.15414 -1.24809 0.32975
1.168 -1.24708 0.32975
1.18951 -1.25884 0.32975
1.1979 -1.24804 0.32975
1.20667 -1.23803 0.32975
1.21691 -1.23052 0.32975
1.23407 -1.23388 0.32975
1.24372 -1.2253 0.32975
1.25824 -1.22414 0.32975
1.27337 -1.22366 0.32975
1.29421 -1.23124 0.32975
1.30033 -1.21726 0.32975
1.32138 -1.22443 0.32975
1.33262 -1.21757 0.32975
1.34856 -1.21704 0.32975
1.35614 -1.20514 0.32975
1.37393 -1.20669 0.32975
1.38504 -1.19935 0.32975
1.3992 -1.19583 0.32975
1.41904 -1.19914 0.32975
1.43074 -1.19216 0.32975
1.45653 -1.20192 0.32975
1.46309 -1.18851 0.32975
1.47014 -1.17584 0.32975
1.48633 -1.17361 0.32975
1.51058 -1.18011 0.32975
1.52962 -1.18038 0.32975
1.53238 -1.16285 0.32975
1.55006 -1.16132 0.32975
1.56501 -1.1567 0.32975
1.57927 -1.15119 0.32975
1.59705 -1.14905 0.32975
1.61345 -1.14529 0.32975
1.6421 -1.15313 0.32975
1.64632 -1.13716 0.32975
1.66278 -1.1328 0.32975
1.6881 -1.13634 0.32975
1.69351 -1.12146 0.32975
1.71299 -1.11917 0.32975
1.74384 -1.12645 0.32975
1.75058 -1.1125 0.32975
1.76483 -1.10495 0.32975
1.78754 -1.10423 0.32975
1.81189 -1.10446 0.32975
1.82148 -1.09251 0.32975
1.80495 -1.06017 0.32975
1.80543 -1.04159 0.32975
1.80009 -1.01887 0.32975
1.78481 -0.98919 0.32975
1.79259 -0.976899 0.32975
1.77989 -0.95003 0.32975
1.77175 -0.9269 0.32975
1.76578 -0.905684 0.32975
1.76285 -0.88688 0.32975
1.75387 -0.864333 0.32975
1.7622 -0.85345 0.32975
1.75104 -0.830128 0.32975
1.75993 -0.819785 0.32975
1.773 -0.811963 0.32975
1.7869 -0.80449 0.32975
1.80937 -0.801911 0.32975
1.82411 -0.7945 0.32975
1.84144 -0.78837 0.32975
1.86838 -0.787331 0.32975
1.86114 -0.767271 0.32975
1.85454 -0.747868 0.32975
1.84859 -0.729101 0.32975
1.87005 -0.724569 0.32975
1.90227 -0.725071 0.32975
1.94719 -0.731203 0.32975
2.06543 -0.771476 0.32975
2.0431 -0.743808 0.32975
1.96036 -0.68922 0.32975
1.94896 -0.668268 0.32975
1.96115 -0.657936 0.32975
1.9788 -0.649786 0.32975
1.99735 -0.64176 0.32975
2.0307 -0.639453 0.32975
2.0632 -0.636246 0.32975
2.09204 -0.631086 0.32975
2.10778 -0.620568 0.32975
2.14696 -0.618372 0.32975
2.16926 -0.609531 0.32975
2.19248 -0.600673 0.32975
2.20999 -0.589552 0.32975
2.24645 -0.584351 0.32975
2.27914 -0.577355 0.32975
2.29367 -0.564277 0.32975
2.3177 -0.55383 0.32975
2.37725 -0.553204 0.32975
2.40802 -0.543563 0.32975
2.45519 -0.537826 0.32975
2.49563 -0.529554 0.32975
2.53705 -0.520858 0.32975
2.58819 -0.513813 0.32975
2.64131 -0.506365 0.32975
2.71398 -0.502356 0.32975
2.75545 -0.490464 0.32975
2.84098 -0.486857 0.32975
3.01103 -0.498203 0.32975
3.92676 -0.644749 0.32975
4.00808 -0.627738 0.32975
4.09726 -0.610676 0.32975
4.16566 -0.58882 0.32975
4.29527 -0.574979 0.32975
4.40016 -0.55544 0.32975
4.48616 -0.531633 0.32975
4.59387 -0.509048 0.32975
4.69651 -0.484057 0.32975
4.8597 -0.463689 0.32975
4.92231 -0.430826 0.32975
5.06237 -0.403705 0.32975
5.19432 -0.373544 0.32975
5.34504 -0.342435 0.32975
5.48958 -0.308357 0.32975
5.64886 -0.272565 0.32975
5.7979 -0.233582 0.32975
5.92166 -0.191145 0.32975
8.0304 -0.198553 0.32975
8.24881 -0.136165 0.32975
8.57769 -0.0709463 0.32975
8.896 0 0.32975
9.20767 0.076444 0.32975
9.59761 0.159706 0.32975
9.99373 0.249965 0.32975
10.4469 0.34917 0.32975
10.978 0.459748 0.32975
11.4869 0.578521 0.32975
12.1402 0.715121 0.32975
12.8956 0.870422 0.32975
12.9543 0.98427 0.32975
12.9343 1.09241 0.32975
12.9193 1.20085 0.32975
12.9173 1.31058 0.32975
13.5969 1.49813 0.32975
14.9054 1.77515 0.32975
16.4311 2.10421 0.32975
16.7686 2.29371 0.32975
16.1595 2.3481 0.32975
21.388 3.31657 0.32975
21.3533 3.49835 0.32975
21.3102 3.67856 0.32975
21.2694 3.85902 0.32975
21.229 4.03942 0.32975
21.195 4.22102 0.32975
21.1544 4.40128 0.32975
21.124 4.58376 0.32975
21.0832 4.76401 0.32975
21.0331 4.94204 0.32975
20.9911 5.12197 0.32975
20.9398 5.29954 0.32975
15.6855 4.08287 0.32975
15.8989 4.2849 0.32975
16.3165 4.55022 0.32975
15.0758 4.33294 0.32975
13.2816 3.92363 0.32975
12.3571 3.75491 0.32975
12.3219 3.85808 0.32975
12.3001 3.96567 0.32975
12.2679 4.06993 0.32975
11.8709 4.04507 0.32975
11.0026 3.84157 0.32975
10.3627 3.70694 0.32975
9.79594 3.58834 0.32975
9.22742 3.45831 0.32975
8.77133 3.36284 0.32975
8.36472 3.27921 0.32975
7.91974 3.17156 0.32975
7.64692 3.13018 0.32975
5.38845 2.19963 0.32975
5.23076 2.17963 0.32975
5.0167 2.13042 0.32975
4.83456 2.09228 0.32975
4.81884 2.1318 0.32975
4.81975 2.17968 0.32975
4.79878 2.21684 0.32975
4.79435 2.26257 0.32975
4.78151 2.30417 0.32975
4.76299 2.34285 0.32975
4.76425 2.39254 0.32975
4.73798 2.42716 0.32975
4.73309 2.474 0.32975
4.73805 2.52703 0.32975
4.71926 2.56643 0.32975
4.70012 2.6057 0.32975
4.71114 2.6639 0.32975
4.78556 2.76333 0.32975
5.01959 2.96883 0.32975
5.01519 3.02296 0.32975
4.99859 3.06941 0.32975
4.9947 3.12486 0.32975
4.98037 3.1736 0.32975
4.95087 3.21187 0.32975
4.93885 3.2628 0.32975
4.9496 3.33101 0.32975
4.93793 3.3834 0.32975
4.91379 3.42672 0.32975
4.92863 3.50065 0.32975
1.70096 0.996646 0.32975
1.65568 0.977964 0.32975
1.62859 0.9732 0.32975
1.62464 0.987322 0.32975
1.6137 0.995604 0.32975
1.61101 1.01099 0.32975
1.58491 1.00586 0.32975
1.5538 0.995666 0.32975
1.4942 0.958662 0.32975
1.49457 0.97594 0.32975
1.49472 0.993296 0.32975
1.47809 0.994751 0.32975
1.48079 1.01492 0.32975
1.4733 1.0253 0.32975
1.451 1.02066 0.32975
1.424 1.01067 0.32975
1.40412 1.00754 0.32975
1.39189 1.01219 0.32975
1.36275 0.998274 0.32975
1.34731 0.998787 0.32975
1.33724 1.0051 0.32975
1.33302 1.0181 0.32975
1.32216 1.02351 0.32975
1.31448 1.03263 0.32975
1.32261 1.06098 0.32975
1.31457 1.07013 0.32975
1.31703 1.09252 0.32975
1.30439 1.09612 0.32975
1.31244 1.12656 0.32975
1.29776 1.12767 0.32975
1.29443 1.14389 0.32975
1.2903 1.15932 0.32975
1.28595 1.17477 0.32975
1.28255 1.19187 0.32975
1.28855 1.223 0.32975
1.27561 1.22698 0.32975
1.27149 1.24416 0.32975
1.27313 1.27059 0.32975
1.26846 1.28786 0.32975
1.24394 1.27377 0.32975
1.23227 1.27981 0.32975
1.20923 1.26689 0.32975
1.18241 1.24678 0.32975
1.164 1.24015 0.32975
1.16448 1.26637 0.32975
1.14079 1.24983 0.32975
1.12795 1.25231 0.32975
1.1231 1.26968 0.32975
1.10368 1.25956 0.32975
1.09584 1.27147 0.32975
1.07848 1.26454 0.32975
1.06128 1.25741 0.32975
1.05072 1.26362 0.32975
1.03713 1.26339 0.32975
1.02111 1.25757 0.32975
1.00157 1.24334 0.32975
0.989103 1.24445 0.32975
0.973143 1.23716 0.32975
0.963092 1.24354 0.32975
0.952595 1.24892 0.32975
0.93618 1.23932 0.32975
0.928213 1.251 0.32975
0.908523 1.23172 0.32975
0.89673 1.23288 0.32975
0.884953 1.23392 0.32975
0.869611 1.22445 0.32975
0.856371 1.22049 0.32975
0.845087 1.22211 0.32975
0.829596 1.21027 0.32975
0.815511 1.20208 0.32975
0.806427 1.21003 0.32975
0.793649 1.20542 0.32975
0.778841 1.19297 0.32975
0.771006 1.20548 0.32975
0.758221 1.19953 0.32975
0.747741 1.2022 0.32975
0.734437 1.1931 0.32975
0.72379 1.19458 0.32975
0.712056 1.19108 0.32975
0.699989 1.18551 0.32975
0.688239 1.18081 0.32975
0.675444 1.1701 0.32975
0.6665 1.17892 0.32975
0.658114 1.19162 0.32975
0.644572 1.17467 0.32975
0.631811 1.16053 0.32975
0.622415 1.16704 0.32975
0.611946 1.16654 0.32975
0.602152 1.1709 0.32975
0.590953 1.16426 0.32975
0.57909 1.15056 0.32975
0.569253 1.15365 0.32975
0.559277 1.15566 0.32975
0.547358 1.13566 0.32975
0.538307 1.14745 0.32975
0.52808 1.1452 0.32975
0.518328 1.14985 0.32975
0.50714 1.12845 0.32975
0.497944 1.14391 0.32975
0.487925 1.1433 0.32975
0.477501 1.12661 0.32975
0.467966 1.14383 0.32975
0.457913 1.13596 0.32975
0.448 1.127 0.32975
0.438305 1.11096 0.32975
0.428506 1.11683 0.32975
0.418682 1.11962 0.32975
0.408773 1.12332 0.32975
0.399059 1.12093 0.32975
0.38996 1.10748 0.32975
0.37987 1.11392 0.32975
0.37078 1.1043 0.32975
0.361381 1.1006 0.32975
0.349601 1.1247 0.32975
0.341803 1.1029 0.32975
0.332496 1.09895 0.32975
0.321552 1.10982 0.32975
0.313091 1.09875 0.32975
0.303899 1.09456 0.32975
0.295327 1.08632 0.32975
0.287331 1.07506 0.32975
0.279207 1.06572 0.32975
0.269088 1.06913 0.32975
0.262544 1.05177 0.32975
0.25319 1.0511 0.32975
0.246124 1.03856 0.32975
0.237069 1.03676 0.32975
0.22803 1.03488 0.32975
0.214462 1.05342 0.32975
0.205728 1.0494 0.32975
0.196113 1.04919 0.32975
0.185999 1.05083 0.32975
0.172081 1.0669 0.32975
0.167699 1.0461 0.32975
0.155641 1.05421 0.32975
0.146728 1.05066 0.32975
0.135015 1.05662 0.32975
0.1299 1.04046 0.32975
0.120832 1.03764 0.32975
0.106845 1.04997 0.32975
0.103407 1.02988 0.32975
0.0950839 1.02494 0.32975
0.084818 1.02559 0.32975
0.0683575 1.04306 0.32975
0.0641727 1.02659 0.32975
0.0577373 1.01667 0.32975
0.0455817 1.0216 0.32975
0.0366821 1.01805 0.32975
0.0213081 1.03013 0.32975
0.0209311 1.00611 0.32975
0.00100254 1.02802 0.32975
-0.00185086 1.01038 0.32975
-0.00940679 1.00369 0.32975
-0.0211063 1.006 0.32975
-0.0285758 0.999162 0.32975
-0.046921 1.01474 0.32975
-0.0562034 1.01128 0.32975
-0.0572913 0.99169 0.32975
-0.064079 0.983695 0.32975
-0.0825026 0.997731 0.32975
-0.0926206 0.9957 0.32975
-0.102259 0.992693 0.32975
-0.108439 0.983502 0.32975
-0.1275 0.996795 0.32975
-0.130086 0.981396 0.32975
-0.141204 0.980599 0.32975
-0.152351 0.979684 0.32975
-0.160877 0.974407 0.32975
-0.177954 0.982551 0.32975
-0.181058 0.968665 0.32975
-0.188384 0.96147 0.32975
-0.201782 0.963342 0.32975
-0.227723 0.983182 0.32975
-0.223658 0.959227 0.32975
-0.234326 0.956586 0.32975
-0.245586 0.95464 0.32975
-0.258649 0.954982 0.32975
-0.265151 0.946383 0.32975
-0.281296 0.950437 0.32975
-0.291409 0.946401 0.32975
-0.312713 0.956347 0.32975
-0.315995 0.943455 0.32975
-0.341373 0.957586 0.32975
-0.341986 0.941469 0.32975
-0.353419 0.938341 0.32975
-0.372074 0.943387 0.32975
-0.376299 0.931701 0.32975
-0.381722 0.9215 0.32975
-0.394461 0.919385 0.32975
-0.40859 0.918581 0.32975
-0.414508 0.908894 0.32975
-0.430048 0.909245 0.32975
-0.447762 0.911534 0.32975
-0.455682 0.903682 0.32975
