-0.568819 -1.01682 0.32975
-0.557805 -1.02351 0.32975
-0.540499 -1.02362 0.32975
-0.523956 -1.02423 0.32975
-0.492476 -1.00854 0.32975
-0.487017 -1.02039 0.32975
-0.47607 -1.02628 0.32975
-0.461115 -1.02757 0.32975
-0.442928 -1.0249 0.32975
-0.421611 -1.01818 0.32975
-0.403694 -1.01501 0.32975
-0.397348 -1.02549 0.32975
-0.391514 -1.03671 0.32975
-0.372474 -1.03148 0.32975
-0.367751 -1.04411 0.32975
-0.336693 -1.02263 0.32975
-0.328943 -1.03104 0.32975
-0.325864 -1.04582 0.32975
-0.295548 -1.02341 0.32975
-0.283686 -1.02579 0.32975
-0.270118 -1.02558 0.32975
-0.257742 -1.02686 0.32975
-0.238689 -1.01806 0.32975
-0.236402 -1.03402 0.32975
-0.209924 -1.01311 0.32975
-0.203744 -1.02303 0.32975
-0.198502 -1.03462 0.32975
-0.175863 -1.01805 0.32975
-0.171591 -1.03117 0.32975
-0.168152 -1.04602 0.32975
-0.15 -1.03577 0.32975
-0.132075 -1.02528 0.32975
-0.121166 -1.0268 0.32975
-0.112661 -1.03261 0.32975
-0.0994039 -1.02952 0.32975
-0.0862432 -1.02627 0.32975
-0.0759049 -1.02822 0.32975
-0.0691432 -1.03723 0.32975
-0.0552501 -1.03182 0.32975
-0.0384776 -1.01992 0.32975
-0.0316718 -1.02866 0.32975
-0.0230915 -1.03372 0.32975
-0.00835843 -1.025 0.32975
-0.00737141 -1.04728 0.32975
0.00803669 -1.03649 0.32975
0.0193946 -1.03475 0.32975
0.0295644 -1.03566 0.32975
0.0444822 -1.02439 0.32975
0.05057 -1.03534 0.32975
0.0571685 -1.04533 0.32975
0.0683577 -1.04306 0.32975
0.0848181 -1.02559 0.32975
0.0879217 -1.04574 0.32975
0.100234 -1.03936 0.32975
0.110862 -1.0376 0.32975
0.125042 -1.02429 0.32975
0.132238 -1.03281 0.32975
0.140411 -1.0384 0.32975
0.151139 -1.03528 0.32975
0.160986 -1.03494 0.32975
0.170028 -1.0374 0.32975
0.176588 -1.04947 0.32975
0.184063 -1.05859 0.32975
0.201248 -1.0278 0.32975
0.210452 -1.02893 0.32975
0.216842 -1.04268 0.32975
0.225742 -1.04564 0.32975
0.236072 -1.04166 0.32975
0.241735 -1.06114 0.32975
0.256106 -1.03537 0.32975
0.264107 -1.04291 0.32975
0.2747 -1.0356 0.32975
0.283431 -1.03905 0.32975
0.29147 -1.04737 0.32975
0.301451 -1.04275 0.32975
0.310425 -1.04498 0.32975
0.319428 -1.04714 0.32975
0.327778 -1.05517 0.32975
0.33929 -1.0343 0.32975
0.347649 -1.04218 0.32975
0.356574 -1.04501 0.32975
0.366716 -1.03281 0.32975
0.374895 -1.04545 0.32975
0.384448 -1.03906 0.32975
0.392838 -1.05256 0.32975
0.402069 -1.052 0.32975
0.411111 -1.05636 0.32975
0.420619 -1.04564 0.32975
0.429849 -1.03984 0.32975
0.438837 -1.04996 0.32975
0.448 -1.066 0.32975
0.457163 -1.04996 0.32975
0.466203 -1.04284 0.32975
0.475381 -1.04564 0.32975
0.48461 -1.04836 0.32975
0.493146 -1.03401 0.32975
0.502953 -1.04856 0.32975
0.512895 -1.06102 0.32975
0.521802 -1.05542 0.32975
0.529205 -1.03181 0.32975
0.539078 -1.04102 0.32975
0.549405 -1.05313 0.32975
0.560473 -1.07011 0.32975
0.566524 -1.04027 0.32975
0.577791 -1.05706 0.32975
0.58688 -1.0549 0.32975
0.594828 -1.04473 0.32975
0.604826 -1.04935 0.32975
0.613195 -1.043 0.32975
0.625756 -1.06223 0.32975
0.632935 -1.04882 0.32975
0.641534 -1.04422 0.32975
0.651402 -1.04641 0.32975
0.664115 -1.06224 0.32975
0.671921 -1.05347 0.32975
0.683919 -1.06416 0.32975
0.689597 -1.04647 0.32975
0.699887 -1.04919 0.32975
0.70855 -1.04501 0.32975
0.719412 -1.04947 0.32975
0.727783 -1.04417 0.32975
0.742764 -1.06288 0.32975
0.748445 -1.04778 0.32975
0.756725 -1.04224 0.32975
0.77224 -1.06054 0.32975
0.782686 -1.06149 0.32975
0.787919 -1.04616 0.32975
0.800208 -1.05264 0.32975
0.815892 -1.06844 0.32975
0.818526 -1.04633 0.32975
0.829352 -1.04776 0.32975
0.842684 -1.05563 0.32975
0.850806 -1.04934 0.32975
0.860314 -1.04672 0.32975
0.867934 -1.03937 0.32975
0.88579 -1.05692 0.32975
0.894606 -1.05214 0.32975
0.904568 -1.05003 0.32975
0.916967 -1.05332 0.32975
0.929459 -1.05647 0.32975
0.937815 -1.05041 0.32975
0.951267 -1.05512 0.32975
0.962648 -1.05518 0.32975
0.980314 -1.06766 0.32975
0.993243 -1.0701 0.32975
1.00348 -1.06707 0.32975
1.01747 -1.07102 0.32975
1.02536 -1.06337 0.32975
1.04044 -1.06879 0.32975
1.04482 -1.05487 0.32975
1.06 -1.06002 0.32975
1.07126 -1.05808 0.32975
1.08253 -1.05603 0.32975
1.09694 -1.05898 0.32975
1.10987 -1.05921 0.32975
1.13252 -1.07448 0.32975
1.14187 -1.06847 0.32975
1.15006 -1.0607 0.32975
1.1688 -1.06863 0.32975
1.17866 -1.06312 0.32975
1.18849 -1.05753 0.32975
1.20756 -1.06486 0.32975
1.22858 -1.07437 0.32975
1.24268 -1.07395 0.32975
1.24841 -1.06219 0.32975
1.27165 -1.07341 0.32975
1.27853 -1.06303 0.32975
1.30147 -1.07296 0.32975
1.31017 -1.06469 0.32975
1.32579 -1.06484 0.32975
1.35433 -1.08012 0.32975
1.36177 -1.06989 0.32975
1.37501 -1.0664 0.32975
1.38229 -1.05603 0.32975
1.39147 -1.04783 0.32975
1.41612 -1.05652 0.32975
1.44713 -1.07143 0.32975
1.45437 -1.0605 0.32975
1.49485 -1.08405 0.32975
1.53441 -1.10554 0.32975
1.54897 -1.10097 0.32975
1.58064 -1.11304 0.32975
1.58743 -1.10034 0.32975
1.61368 -1.10619 0.32975
1.61743 -1.09052 0.32975
1.64018 -1.09243 0.32975
1.6675 -1.09804 0.32975
1.69202 -1.10061 0.32975
1.71365 -1.10021 0.32975
1.73537 -1.09952 0.32975
1.77479 -1.11331 0.32975
1.78214 -1.09978 0.32975
1.80412 -1.09816 0.32975
1.83635 -1.10434 0.32975
1.87036 -1.11127 0.32975
1.88238 -1.10064 0.32975
1.92148 -1.11035 0.32975
1.94478 -1.10756 0.32975
1.97542 -1.10974 0.32975
2.01517 -1.11785 0.32975
2.05026 -1.12192 0.32975
2.08059 -1.12205 0.32975
2.1011 -1.11503 0.32975
2.13995 -1.11988 0.32975
2.17063 -1.11869 0.32975
2.20816 -1.12134 0.32975
2.25095 -1.12661 0.32975
2.29823 -1.13382 0.32975
2.31062 -1.11918 0.32975
2.32549 -1.10593 0.32975
2.34806 -1.097 0.32975
2.37584 -1.09072 0.32975
2.43601 -1.10197 0.32975
2.47719 -1.10176 0.32975
2.52028 -1.10185 0.32975
2.55554 -1.09711 0.32975
2.59533 -1.09412 0.32975
2.65133 -1.09854 0.32975
2.69948 -1.09812 0.32975
2.76584 -1.10555 0.32975
2.82706 -1.10937 0.32975
2.86213 -1.10018 0.32975
2.92919 -1.1047 0.32975
2.98184 -1.10174 0.32975
3.04935 -1.10421 0.32975
3.11616 -1.10519 0.32975
3.26757 -1.13918 0.32975
3.37416 -1.15265 0.32975
3.44853 -1.15179 0.32975
3.54183 -1.15673 0.32975
3.62698 -1.15705 0.32975
3.71802 -1.15798 0.32975
3.80365 -1.15544 0.32975
3.91981 -1.16165 0.32975
4.04204 -1.16778 0.32975
4.06259 -1.13967 0.32975
4.18715 -1.14317 0.32975
4.27273 -1.13294 0.32975
4.41032 -1.13618 0.32975
4.53668 -1.13389 0.32975
4.67779 -1.13337 0.32975
4.91213 -1.1545 0.32975
5.07631 -1.15397 0.32975
5.27193 -1.15812 0.32975
5.48647 -1.16322 0.32975
5.72683 -1.17029 0.32975
5.98236 -1.17636 0.32975
6.23348 -1.17707 0.32975
6.54979 -1.18607 0.32975
6.85292 -1.18708 0.32975
7.1703 -1.18532 0.32975
7.9132 -1.24925 0.32975
8.20135 -1.22801 0.32975
8.67562 -1.22963 0.32975
9.29208 -1.24295 0.32975
9.97579 -1.25436 0.32975
10.7844 -1.26915 0.32975
11.9555 -1.31112 0.32975
13.0108 -1.32041 0.32975
14.4612 -1.34932 0.32975
16.3283 -1.38935 0.32975
18.8581 -1.4489 0.32975
0.448 0 0.32975
0.448 0 0.32975
32.3283 -1.67077 0.32975
32.3686 -1.39368 0.32975
32.3635 -1.11452 0.32975
32.3931 -0.836513 0.32975
32.3981 -0.557696 0.32975
32.3848 -0.278707 0.32975
32.381 0 0.32975
32.3758 0.278628 0.32975
32.3881 0.557514 0.32975
32.3371 0.835047 0.32975
0.448 0 0.32975
21.418 0.915571 0.32975
19.6167 1.00459 0.32975
17.5271 1.0446 0.32975
16.1397 1.09727 0.32975
14.7468 1.12534 0.32975
13.4115 1.13416 0.32975
12.4674 1.15734 0.32975
11.6135 1.17354 0.32975
10.8815 1.18875 0.32975
10.5432 1.23953 0.32975
9.62184 1.20776 0.32975
9.17325 1.22625 0.32975
8.7231 1.23672 0.32975
8.34259 1.25038 0.32975
8.01478 1.26625 0.32975
7.56028 1.25409 0.32975
7.29047 1.26818 0.32975
7.0092 1.27537 0.32975
6.76557 1.28533 0.32975
6.57414 1.30215 0.32975
6.47468 1.33608 0.32975
6.16755 1.32046 0.32975
5.94675 1.32013 0.32975
5.62841 1.29162 0.32975
5.51916 1.31149 0.32975
5.35297 1.31428 0.32975
5.19677 1.31695 0.32975
5.05533 1.32113 0.32975
4.91418 1.32294 0.32975
4.77719 1.32357 0.32975
4.65675 1.32701 0.32975
4.53945 1.32939 0.32975
4.4101 1.3257 0.32975
4.32274 1.33418 0.32975
4.2082 1.33156 0.32975
4.11186 1.33354 0.32975
4.01485 1.33359 0.32975
3.93025 1.33671 0.32975
3.85054 1.3403 0.32975
3.77474 1.34409 0.32975
3.69544 1.34513 0.32975
3.61822 1.34568 0.32975
3.54399 1.34618 0.32975
3.47275 1.34671 0.32975
3.41265 1.35107 0.32975
3.35544 1.35576 0.32975
3.27399 1.34793 0.32975
3.21539 1.34974 0.32975
3.15249 1.34841 0.32975
3.10587 1.35425 0.32975
3.04872 1.35385 0.32975
3.0006 1.35724 0.32975
2.93505 1.35036 0.32975
2.89694 1.35747 0.32975
2.8467 1.35712 0.32975
2.79579 1.3555 0.32975
2.75027 1.35614 0.32975
2.71864 1.36434 0.32975
2.66742 1.36006 0.32975
2.60543 1.34811 0.32975
2.57335 1.35399 0.32975
2.54635 1.36269 0.32975
2.55023 1.39143 0.32975
2.5123 1.39239 0.32975
2.48194 1.39789 0.32975
2.44182 1.39608 0.32975
2.40839 1.39833 0.32975
2.35971 1.38894 0.32975
2.33224 1.39426 0.32975
2.30403 1.39862 0.32975
2.25923 1.3898 0.32975
2.23048 1.39263 0.32975
2.20496 1.39755 0.32975
2.17948 1.40213 0.32975
2.14249 1.39683 0.32975
2.11874 1.40192 0.32975
2.07831 1.39242 0.32975
2.06157 1.40265 0.32975
2.03728 1.40608 0.32975
1.98705 1.38577 0.32975
1.97343 1.3978 0.32975
1.94654 1.39741 0.32975
1.91543 1.39254 0.32975
1.89459 1.39696 0.32975
1.87236 1.39972 0.32975
1.85514 1.40714 0.32975
1.82108 1.39726 0.32975
1.79842 1.3984 0.32975
1.77033 1.39344 0.32975
1.75198 1.39835 0.32975
1.71608 1.38387 0.32975
1.68589 1.37482 0.32975
1.64933 1.35786 0.32975
1.62431 1.35319 0.32975
1.61506 1.36645 0.32975
1.60373 1.37735 0.32975
1.58658 1.38121 0.32975
1.55246 1.36389 0.32975
1.54238 1.37583 0.32975
1.51925 1.37114 0.32975
1.50907 1.38282 0.32975
1.49395 1.38803 0.32975
1.47526 1.38826 0.32975
1.45017 1.37937 0.32975
1.42823 1.37423 0.32975
1.41276 1.37781 0.32975
1.39163 1.37299 0.32975
1.37626 1.3762 0.32975
1.36973 1.39259 0.32975
1.34665 1.38381 0.32975
1.33078 1.38569 0.32975
1.31495 1.38741 0.32975
1.30438 1.39748 0.32975
1.28648 1.39547 0.32975
1.26767 1.39153 0.32975
1.2465 1.38304 0.32975
1.22997 1.38212 0.32975
1.21351 1.38102 0.32975
1.19953 1.38414 0.32975
1.18507 1.38623 0.32975
1.17064 1.38817 0.32975
1.15214 1.38195 0.32975
1.14184 1.39162 0.32975
1.1266 1.39133 0.32975
1.11357 1.3954 0.32975
1.1001 1.39843 0.32975
1.08041 1.38769 0.32975
1.06909 1.39498 0.32975
1.0549 1.39577 0.32975
1.03605 1.38536 0.32975
1.02203 1.38582 0.32975
1.01291 1.39819 0.32975
1.00215 1.40679 0.32975
0.978026 1.38077 0.32975
0.974011 1.40688 0.32975
0.95761 1.40014 0.32975
0.946707 1.40831 0.32975
0.927236 1.3918 0.32975
0.918563 1.40636 0.32975
0.900092 1.3914 0.32975
0.88703 1.39243 0.32975
0.875448 1.39812 0.32975
0.86039 1.39221 0.32975
0.85236 1.41017 0.32975
0.838702 1.40883 0.32975
0.821994 1.39576 0.32975
0.806795 1.38736 0.32975
0.796368 1.39723 0.32975
0.788363 1.41772 0.32975
0.77013 1.3953 0.32975
0.756643 1.3922 0.32975
0.744898 1.39679 0.32975
0.732299 1.39737 0.32975
0.719521 1.39686 0.32975
0.705499 1.38934 0.32975
0.69458 1.39843 0.32975
0.684018 1.41039 0.32975
0.669042 1.3956 0.32975
0.655968 1.39155 0.32975
0.645208 1.40321 0.32975
0.631781 1.39595 0.32975
0.622395 1.42033 0.32975
0.60773 1.40193 0.32975
0.595908 1.40725 0.32975
0.582567 1.39754 0.32975
0.570715 1.40264 0.32975
0.558078 1.39867 0.32975
0.545868 1.39958 0.32975
0.53359 1.39938 0.32975
0.521323 1.39908 0.32975
0.509634 1.41166 0.32975
0.497523 1.41814 0.32975
0.484805 1.40552 0.32975
0.472555 1.40679 0.32975
0.460374 1.41795 0.32975
0.448 1.408 0.32975
0.435731 1.40595 0.32975
0.423567 1.39979 0.32975
0.410803 1.42051 0.32975
0.398443 1.41913 0.32975
0.386802 1.40166 0.32975
0.374206 1.40807 0.32975
0.361799 1.40937 0.32975
0.348946 1.41654 0.32975
0.336431 1.41762 0.32975
0.324587 1.41061 0.32975
0.310845 1.42441 0.32975
0.299883 1.40924 0.32975
0.285893 1.42279 0.32975
0.272386 1.43026 0.32975
0.262783 1.40686 0.32975
0.249957 1.40915 0.32975
0.236781 1.4133 0.32975
0.225551 1.40449 0.32975
0.212477 1.40743 0.32975
0.196557 1.426 0.32975
0.185216 1.41785 0.32975
0.175716 1.40078 0.32975
0.16111 1.41011 0.32975
0.149023 1.40658 0.32975
0.135678 1.4088 0.32975
0.121146 1.41576 0.32975
0.108104 1.41577 0.32975
0.096004 1.41178 0.32975
0.0836969 1.40865 0.32975
0.0652065 1.4286 0.32975
0.0540905 1.42039 0.32975
0.0408836 1.41978 0.32975
0.0259533 1.42481 0.32975
0.0138281 1.42011 0.32975
-5.14526e-05 1.42104 0.32975
-0.0167613 1.43039 0.32975
-0.0251009 1.41395 0.32975
-0.042306 1.42395 0.32975
-0.0537119 1.41679 0.32975
-0.0670825 1.41518 0.32975
-0.0846655 1.42468 0.32975
-0.0977944 1.42184 0.32975
-0.116778 1.43377 0.32975
-0.125897 1.42045 0.32975
-0.137505 1.41354 0.32975
-0.161931 1.43691 0.32975
-0.171257 1.42419 0.32975
-0.192204 1.43792 0.32975
-0.198922 1.41954 0.32975
-0.21382 1.41928 0.32975
-0.230486 1.42247 0.32975
-0.24638 1.42369 0.32975
-0.268147 1.43637 0.32975
-0.285194 1.43898 0.32975
-0.291259 1.4201 0.32975
-0.307379 1.42066 0.32975
-0.327383 1.42808 0.32975
-0.34127 1.42388 0.32975
-0.354158 1.41781 0.32975
-0.3725 1.42115 0.32975
-0.389946 1.42255 0.32975
-0.405933 1.42118 0.32975
-0.423527 1.4222 0.32975
-0.445444 1.42981 0.32975
-0.466484 1.43545 0.32975
-0.47952 1.42826 0.32975
-0.49802 1.42928 0.32975
-0.51549 1.42843 0.32975
-0.539813 1.43728 0.32975
-0.547155 1.42123 0.32975
-0.563004 1.41738 0.32975
-0.587677 1.42549 0.32975
-0.606026 1.42443 0.32975
-0.631656 1.43275 0.32975
-0.64777 1.42804 0.32975
-0.676197 1.43891 0.32975
-0.69556 1.43765 0.32975
-0.716872 1.4385 0.32975
-0.723656 1.42133 0.32975
-0.746299 1.42331 0.32975
-0.766468 1.42196 0.32975
-0.788671 1.42263 0.32975
-0.80899 1.42077 0.32975
-0.836731 1.42684 0.32975
-0.863996 1.43179 0.32975
-0.896218 1.4415 0.32975
-0.918384 1.43987 0.32975
-0.939233 1.43652 0.32975
-0.96994 1.44291 0.32975
-0.981063 1.42906 0.32975
