-2.20011 -2.64811 0.32975
-2.18321 -2.67754 0.32975
-2.16531 -2.70616 0.32975
-2.15191 -2.73974 0.32975
-2.13541 -2.77037 0.32975
-2.11789 -2.80018 0.32975
-2.10406 -2.83435 0.32975
-2.08917 -2.86775 0.32975
-2.07586 -2.90337 0.32975
-2.04783 -2.92224 0.32975
-2.03445 -2.95846 0.32975
-2.01617 -2.98927 0.32975
-2.00509 -3.02931 0.32975
-1.98354 -3.05687 0.32975
-1.96108 -3.08349 0.32975
-1.9493 -3.12423 0.32975
-1.96287 -3.19933 0.32975
-2.16863 -3.53617 0.32975
-2.15295 -3.5799 0.32975
-2.14135 -3.63014 0.32975
-2.12162 -3.6698 0.32975
-2.10819 -3.71928 0.32975
-2.06949 -3.73233 0.32975
-2.05945 -3.78834 0.32975
-2.03937 -3.83021 0.32975
-2.01498 -3.86611 0.32975
-1.99069 -3.90272 0.32975
-1.9811 -3.96392 0.32975
-1.95362 -3.99697 0.32975
-1.92829 -4.03415 0.32975
-1.906 -4.07725 0.32975
-1.88855 -4.12984 0.32975
-1.866 -4.17456 0.32975
-1.84141 -4.21656 0.32975
-1.81579 -4.25757 0.32975
-1.79287 -4.30466 0.32975
-1.76884 -4.35079 0.32975
-1.74685 -4.40218 0.32975
-1.72588 -4.45712 0.32975
-1.69939 -4.5021 0.32975
-1.66974 -4.54151 0.32975
-1.65076 -4.60531 0.32975
-1.62636 -4.65908 0.32975
-1.59439 -4.69718 0.32975
-1.56661 -4.74612 0.32975
-1.54808 -4.81896 0.32975
-1.51831 -4.86679 0.32975
-1.48859 -4.91633 0.32975
-1.45816 -4.96571 0.32975
-1.43507 -5.03649 0.32975
-1.40164 -5.08186 0.32975
-1.37425 -5.14588 0.32975
-1.34979 -5.22115 0.32975
-1.31431 -5.26699 0.32975
-1.28682 -5.33923 0.32975
-1.25399 -5.39804 0.32975
-1.22174 -5.46146 0.32975
-1.18651 -5.51801 0.32975
-1.15676 -5.59647 0.32975
0.0482113 -1.44159 0.32975
0.0605479 -1.44599 0.32975
0.0864514 -1.39801 0.32975
0.107374 -1.36618 0.32975
0.125845 -1.34187 0.32975
0.144091 -1.31637 0.32975
0.157754 -1.30921 0.32975
0.173765 -1.29018 0.32975
0.18942 -1.27096 0.32975
0.205291 -1.24863 0.32975
0.220934 -1.22514 0.32975
0.234934 -1.20836 0.32975
0.248292 -1.19341 0.32975
0.262782 -1.16942 0.32975
0.276245 -1.14924 0.32975
0.288368 -1.13584 0.32975
0.299853 -1.12529 0.32975
0.311385 -1.11264 0.32975
0.324042 -1.08796 0.32975
0.334796 -1.07707 0.32975
0.345349 -1.06607 0.32975
0.35483 -1.06493 0.32975
0.365775 -1.04477 0.32975
0.377127 -1.01353 0.32975
0.386219 -1.01011 0.32975
0.395193 -1.00762 0.32975
0.404206 -1.00304 0.32975
0.414078 -0.971408 0.32975
0.423106 -0.950674 0.32975
0.43149 -0.945856 0.32975
0.439719 -0.948964 0.32975
0.448 -0.928 0.32975
0.455959 -0.911965 0.32975
0.464056 -0.91986 0.32975
0.471821 -0.909688 0.32975
0.479235 -0.894455 0.32975
0.486472 -0.881161 0.32975
0.493637 -0.870805 0.32975
0.500624 -0.860392 0.32975
0.50813 -0.8599 0.32975
0.51367 -0.83442 0.32975
0.520949 -0.833815 0.32975
0.52784 -0.829165 0.32975
0.533504 -0.813519 0.32975
0.539129 -0.799825 0.32975
0.546592 -0.80297 0.32975
0.551116 -0.783241 0.32975
0.557251 -0.77736 0.32975
0.562109 -0.76352 0.32975
0.56955 -0.767434 0.32975
0.574426 -0.755495 0.32975
0.580841 -0.753378 0.32975
0.584859 -0.738424 0.32975
0.589008 -0.725423 0.32975
0.594735 -0.721225 0.32975
0.603726 -0.732633 0.32975
0.613793 -0.747843 0.32975
0.620987 -0.749291 0.32975
0.645962 -0.82457 0.32975
0.722339 -1.10032 0.32975
0.745702 -1.15113 0.32975
0.719501 -1.01326 0.32975
0.672213 -0.808486 0.32975
0.666029 -0.760358 0.32975
0.667828 -0.742126 0.32975
0.678974 -0.755481 0.32975
0.683453 -0.74676 0.32975
0.688106 -0.738971 0.32975
0.695498 -0.739692 0.32975
0.701292 -0.735613 0.32975
0.700692 -0.71358 0.32975
0.708961 -0.716985 0.32975
0.717309 -0.720301 0.32975
0.724302 -0.719791 0.32975
0.726907 -0.708048 0.32975
0.738695 -0.719495 0.32975
0.763714 -0.762201 0.32975
0.771525 -0.762178 0.32975
0.775373 -0.752906 0.32975
0.783151 -0.752761 0.32975
0.790951 -0.752538 0.32975
0.795815 -0.745891 0.32975
0.808338 -0.755464 0.32975
0.810095 -0.742404 0.32975
0.81879 -0.74369 0.32975
0.826628 -0.743099 0.32975
0.829404 -0.732671 0.32975
0.835314 -0.728432 0.32975
0.840225 -0.722388 0.32975
0.851362 -0.727684 0.32975
0.864098 -0.735451 0.32975
0.862 -0.717069 0.32975
0.875855 -0.726353 0.32975
0.877542 -0.714878 0.32975
0.883241 -0.710249 0.32975
0.892072 -0.710664 0.32975
0.896108 -0.703389 0.32975
0.911488 -0.713709 0.32975
0.948055 -0.755501 0.32975
1.09051 -0.952564 0.32975
1.09314 -0.93868 0.32975
1.10302 -0.935472 0.32975
1.10536 -0.921579 0.32975
1.11455 -0.917425 0.32975
1.1261 -0.916397 0.32975
1.14069 -0.91923 0.32975
1.15051 -0.91553 0.32975
1.1634 -0.915668 0.32975
1.18008 -0.920347 0.32975
1.18871 -0.914701 0.32975
1.20302 -0.915918 0.32975
1.2142 -0.913125 0.32975
1.22799 -0.913248 0.32975
1.23002 -0.899614 0.32975
1.23851 -0.893504 0.32975
1.25096 -0.891774 0.32975
1.26546 -0.892106 0.32975
1.28345 -0.895908 0.32975
1.29812 -0.895837 0.32975
1.2934 -0.875437 0.32975
1.30031 -0.867313 0.32975
1.31986 -0.871863 0.32975
1.31888 -0.85581 0.32975
1.33638 -0.857903 0.32975
1.34239 -0.848741 0.32975
1.36219 -0.852498 0.32975
1.3696 -0.844488 0.32975
1.38139 -0.840428 0.32975
1.38569 -0.8296 0.32975
1.41101 -0.837131 0.32975
1.41219 -0.8235 0.32975
1.41398 -0.810555 0.32975
1.42719 -0.807183 0.32975
1.44352 -0.806159 0.32975
1.45443 -0.800554 0.32975
1.47557 -0.802823 0.32975
1.48095 -0.792607 0.32975
1.49421 -0.788378 0.32975
1.50829 -0.784571 0.32975
1.51428 -0.774701 0.32975
1.5324 -0.773496 0.32975
1.54894 -0.770887 0.32975
1.55563 -0.76125 0.32975
1.56637 -0.754351 0.32975
1.56624 -0.740147 0.32975
1.59027 -0.741798 0.32975
1.58742 -0.725892 0.32975
1.61915 -0.731819 0.32975
1.61867 -0.717391 0.32975
1.63175 -0.711268 0.32975
1.64566 -0.705478 0.32975
1.66044 -0.7 0.32975
1.67955 -0.696779 0.32975
1.68559 -0.686006 0.32975
1.69856 -0.678997 0.32975
1.70179 -0.66665 0.32975
1.72352 -0.663994 0.32975
1.73729 -0.656924 0.32975
1.74655 -0.647433 0.32975
1.78091 -0.650104 0.32975
1.79195 -0.641031 0.32975
1.80021 -0.630547 0.32975
1.81476 -0.622869 0.32975
1.84207 -0.62068 0.32975
1.84835 -0.60889 0.32975
1.86374 -0.600944 0.32975
1.88925 -0.596986 0.32975
1.89255 -0.583637 0.32975
1.91341 -0.577239 0.32975
1.92492 -0.566938 0.32975
1.95136 -0.562083 0.32975
1.93835 -0.542444 0.32975
1.94774 -0.531087 0.32975
1.94665 -0.516026 0.32975
1.97859 -0.51213 0.32975
1.99822 -0.503698 0.32975
2.02068 -0.495864 0.32975
2.02973 -0.483583 0.32975
2.04156 -0.472034 0.32975
2.06869 -0.464725 0.32975
2.09099 -0.455642 0.32975
2.11712 -0.447239 0.32975
2.13839 -0.437164 0.32975
2.14893 -0.424089 0.32975
2.16229 -0.411564 0.32975
2.20576 -0.405812 0.32975
2.21314 -0.391323 0.32975
2.23605 -0.380063 0.32975
2.26576 -0.369828 0.32975
2.29837 -0.359675 0.32975
2.30242 -0.343696 0.32975
2.32209 -0.330452 0.32975
2.36534 -0.320853 0.32975
2.38189 -0.306299 0.32975
2.41021 -0.293254 0.32975
2.43349 -0.279042 0.32975
2.46162 -0.265099 0.32975
2.48371 -0.249954 0.32975
2.51165 -0.235123 0.32975
2.55639 -0.221601 0.32975
2.57815 -0.20511 0.32975
2.62568 -0.190522 0.32975
2.63823 -0.172375 0.32975
2.67456 -0.155697 0.32975
2.72874 -0.139496 0.32975
2.75184 -0.120739 0.32975
2.77978 -0.101808 0.32975
2.81656 -0.0827119 0.32975
2.85418 -0.0630081 0.32975
2.90263 -0.042846 0.32975
2.93791 -0.0217289 0.32975
2.985 0 0.32975
3.0369 0.0225929 0.32975
3.0796 0.0459345 0.32975
3.11609 0.0698665 0.32975
3.16035 0.0947173 0.32975
3.21536 0.120826 0.32975
3.27612 0.148215 0.32975
3.33461 0.176552 0.32975
3.38383 0.205294 0.32975
3.43576 0.235142 0.32975
3.49934 0.266958 0.32975
3.57454 0.301051 0.32975
3.62152 0.33355 0.32975
3.694 0.369835 0.32975
3.77402 0.408384 0.32975
3.86254 0.449532 0.32975
3.95157 0.492394 0.32975
4.01934 0.533739 0.32975
4.12121 0.58178 0.32975
4.20476 0.628666 0.32975
4.30845 0.680701 0.32975
4.42527 0.737142 0.32975
4.55316 0.797963 0.32975
4.64992 0.85489 0.32975
4.78413 0.921673 0.32975
4.92432 0.992375 0.32975
5.07236 1.06762 0.32975
5.23206 1.14855 0.32975
5.39457 1.23332 0.32975
5.57725 1.32651 0.32975
5.77894 1.42842 0.32975
5.97924 1.53395 0.32975
6.20307 1.65024 0.32975
6.4598 1.78078 0.32975
6.70415 1.9127 0.32975
6.91802 2.03999 0.32975
7.65606 2.34204 0.32975
7.79656 2.45879 0.32975
8.12088 2.64199 0.32975
8.68669 2.91747 0.32975
9.24258 3.20097 0.32975
9.7426 3.47511 0.32975
10.4691 3.84672 0.32975
11.2957 4.27304 0.32975
12.3336 4.80208 0.32975
13.593 5.44482 0.32975
14.9929 6.17394 0.32975
16.9514 7.17589 0.32975
0.448 0 0.32975
0.448 0 0.32975
14.8021 6.69343 0.32975
14.7323 6.81327 0.32975
14.6741 6.93854 0.32975
14.6434 7.07759 0.32975
33.9026 17.046 0.32975
33.7286 17.3248 0.32975
33.5841 17.6188 0.32975
33.4353 17.9106 0.32975
33.2882 18.2036 0.32975
0.448 0 0.32975
0.448 0 0.32975
0.448 0 0.32975
17.4413 10.2106 0.32975
15.1842 9.03034 0.32975
13.4893 8.1491 0.32975
12.3575 7.58721 0.32975
11.2367 7.00624 0.32975
10.4363 6.6111 0.32975
9.58317 6.16175 0.32975
8.92167 5.82379 0.32975
8.30121 5.49888 0.32975
7.78399 5.23271 0.32975
7.32869 4.99911 0.32975
6.95522 4.81509 0.32975
6.70451 4.71462 0.32975
0.45038 0.00182628 0.32975
5.87424 4.23945 0.32975
5.67504 4.15778 0.32975
5.42951 4.03394 0.32975
5.18192 3.90234 0.32975
4.97839 3.80145 0.32975
4.78231 3.70185 0.32975
4.60419 3.61292 0.32975
4.42795 3.52116 0.32975
4.2581 3.43063 0.32975
4.11153 3.35701 0.32975
3.96801 3.28246 0.32975
3.83187 3.21117 0.32975
3.70877 3.14889 0.32975
3.59058 3.08821 0.32975
3.47866 3.03066 0.32975
3.37079 2.97425 0.32975
3.27248 2.92484 0.32975
3.17733 2.87611 0.32975
3.12484 2.87056 0.32975
3.12063 2.91667 0.32975
3.12051 2.96812 0.32975
3.06999 2.96362 0.32975
3.04927 2.99242 0.32975
3.02306 3.01501 0.32975
3.01915 3.06418 0.32975
2.9974 3.09267 0.32975
2.97346 3.11869 0.32975
2.96296 3.16174 0.32975
2.49569 2.62092 0.32975
2.30472 2.41973 0.32975
2.26067 2.40549 0.32975
2.20154 2.36977 0.32975
2.15258 2.34615 0.32975
2.10242 2.31941 0.32975
2.05975 2.30182 0.32975
2.01015 2.27294 0.32975
1.96677 2.25167 0.32975
1.92057 2.22481 0.32975
1.87931 2.20403 0.32975
1.8482 2.19788 0.32975
1.80194 2.16676 0.32975
1.76104 2.14268 0.32975
1.73251 2.13778 0.32975
1.69807 2.12219 0.32975
1.652 2.08539 0.32975
1.61948 2.07058 0.32975
1.5873 2.05536 0.32975
1.54976 2.02919 0.32975
1.51699 2.01047 0.32975
1.4874 1.99666 0.32975
1.45949 1.98516 0.32975
1.42696 1.96349 0.32975
1.40628 1.96476 0.32975
1.37575 1.94507 0.32975
1.34944 1.93315 0.32975
1.32632 1.9273 0.32975
1.29564 1.90383 0.32975
1.26902 1.88823 0.32975
1.24587 1.87967 0.32975
1.21413 1.84961 0.32975
1.19609 1.85159 0.32975
1.16781 1.82734 0.32975
1.14395 1.81301 0.32975
1.12215 1.80309 0.32975
1.10707 1.81079 0.32975
1.0829 1.7929 0.32975
1.06267 1.78514 0.32975
1.04199 1.77526 0.32975
1.01906 1.75755 0.32975
0.998292 1.7453 0.32975
0.979824 1.73952 0.32975
0.960932 1.73163 0.32975
0.942493 1.7245 0.32975
0.922615 1.71141 0.32975
0.898863 1.68264 0.32975
0.881909 1.6778 0.32975
0.867493 1.68249 0.32975
0.848125 1.66664 0.32975
0.830642 1.6574 0.32975
0.814432 1.65287 0.32975
0.798539 1.64916 0.32975
0.781543 1.63941 0.32975
0.766842 1.6403 0.32975
0.74632 1.60959 0.32975
0.73313 1.61705 0.32975
0.720494 1.62836 0.32975
0.700016 1.59117 0.32975
0.684938 1.58539 0.32975
0.67012 1.58047 0.32975
0.657756 1.59325 0.32975
0.641651 1.57716 0.32975
0.625843 1.5609 0.32975
0.612005 1.5604 0.32975
0.597136 1.54884 0.32975
0.583353 1.54709 0.32975
0.568513 1.53127 0.32975
0.554588 1.52428 0.32975
0.54055 1.51317 0.32975
0.527132 1.50993 0.32975
0.514127 1.51456 0.32975
0.500454 1.50208 0.32975
0.487449 1.50648 0.32975
0.474004 1.48977 0.32975
0.461107 1.50194 0.32975
0.448 1.488 0.32975
0.435181 1.46894 0.32975
0.422362 1.46878 0.32975
0.409913 1.4545 0.32975
0.3975 1.44612 0.32975
0.38545 1.43264 0.32975
0.373055 1.43004 0.32975
0.361616 1.41236 0.32975
0.348458 1.42352 0.32975
0.336823 1.41263 0.32975
0.325807 1.39666 0.32975
0.313145 1.40052 0.32975
0.299883 1.40924 0.32975
0.290648 1.38106 0.32975
0.277017 1.39254 0.32975
0.265525 1.38604 0.32975
0.255941 1.36657 0.32975
0.242693 1.37374 0.32975
0.234624 1.34721 0.32975
0.223535 1.34135 0.32975
0.208886 1.35608 0.32975
0.196879 1.35493 0.32975
0.189645 1.32912 0.32975
0.178654 1.32388 0.32975
0.165448 1.3293 0.32975
0.153209 1.32972 0.32975
0.144316 1.3154 0.32975
0.133082 1.31173 0.32975
0.124309 1.29826 0.32975
0.112741 1.29635 0.32975
0.100924 1.29531 0.32975
0.0856247 1.30668 0.32975
0.077819 1.29097 0.32975
0.0651474 1.29249 0.32975
0.0606076 1.2671 0.32975
0.0507678 1.25986 0.32975
0.0348445 1.27156 0.32975
0.0297928 1.24989 0.32975
0.0179242 1.24903 0.32975
0.00804241 1.2424 0.32975
-0.0065449 1.24885 0.32975
-0.0139236 1.23547 0.32975
-0.0225371 1.22579 0.32975
-0.0306505 1.21513 0.32975
-0.0446076 1.21925 0.32975
-0.0138987 1.11512 0.32975
0.0443749 0.950882 0.32975
0.0400799 0.938153 0.32975
0.0319083 0.934557 0.32975
0.0328919 0.910871 0.32975
0.0181972 0.921715 0.32975
0.0166279 0.90439 0.32975
0.00612189 0.905984 0.32975
0.000909881 0.896724 0.32975
-0.0100763 0.899026 0.32975
-0.016519 0.892333 0.32975
-0.028044 0.895309 0.32975
-0.0329758 0.885848 0.32975
-0.0479604 0.894736 0.32975
-0.0498403 0.87993 0.32975
-0.0520001 0.866025 0.32975
-0.0306087 0.812516 0.32975
-0.0464365 0.822881 0.32975
-0.0447161 0.80404 0.32975
-0.0533035 0.802254 0.32975
-0.0592107 0.796162 0.32975
-0.0792104 0.811833 0.32975
-0.09621 0.822211 0.32975
-0.0944172 0.804166 0.32975
-0.0991485 0.796106 0.32975
-0.113531 0.80195 0.32975
-0.111798 0.784807 0.32975
-0.153304 0.827624 0.32975
-0.299097 1.00964 0.32975
-0.229644 0.899264 0.32975
-0.110234 0.727505 0.32975
-0.106095 0.70921 0.32975
-0.119111 0.712956 0.32975
-0.124682 0.707203 0.32975
-0.120018 0.689061 0.32975
-0.145293 0.707059 0.32975
-0.143647 0.69273 0.32975
-0.160823 0.70037 0.32975
-0.154322 0.680801 0.32975
-0.171615 0.688152 0.32975
-0.176245 0.681244 0.32975
-0.17671 0.66992 0.32975
-0.190793 0.673147 0.32975
-0.207758 0.679057 0.32975
-0.208051 0.667602 0.32975
-0.211024 0.659024 0.32975
