-2.54943 -2.99743 0.32975
-2.68717 -3.19037 0.32975
-2.6738 -3.23271 0.32975
-2.66199 -3.27724 0.32975
-2.65032 -3.32254 0.32975
-2.6408 -3.37083 0.32975
-2.62063 -3.40806 0.32975
-2.61264 -3.45943 0.32975
-2.59677 -3.50261 0.32975
-2.58103 -3.54653 0.32975
-2.56667 -3.59275 0.32975
-2.54984 -3.63667 0.32975
-2.54001 -3.68989 0.32975
-2.52949 -3.74322 0.32975
-2.51025 -3.78639 0.32975
-2.48867 -3.82714 0.32975
-2.469 -3.87099 0.32975
-2.45592 -3.92443 0.32975
-2.44802 -3.98603 0.32975
-2.4259 -4.02906 0.32975
-2.40497 -4.07446 0.32975
-2.38403 -4.12063 0.32975
-2.37033 -4.17835 0.32975
-2.34811 -4.22447 0.32975
-2.33674 -4.28812 0.32975
-2.32339 -4.35021 0.32975
-2.30811 -4.4107 0.32975
-2.28362 -4.4576 0.32975
-2.26058 -4.50784 0.32975
-2.25058 -4.58128 0.32975
-2.2345 -4.64623 0.32975
-2.2037 -4.68687 0.32975
-2.18791 -4.75531 0.32975
-2.17256 -4.82646 0.32975
-2.14395 -4.87475 0.32975
-2.12902 -4.95041 0.32975
-2.10388 -5.00835 0.32975
-2.0873 -5.08502 0.32975
-2.06255 -5.14739 0.32975
-2.04208 -5.22055 0.32975
-2.01925 -5.29102 0.32975
-1.9933 -5.35694 0.32975
-1.97005 -5.43103 0.32975
-0.181625 -1.44804 0.32975
-0.16115 -1.43507 0.32975
-0.140184 -1.42 0.32975
-0.113535 -1.38985 0.32975
-0.0889242 -1.36306 0.32975
-0.0705584 -1.35089 0.32975
-0.0510456 -1.33476 0.32975
-0.0294601 -1.31181 0.32975
-0.00964923 -1.29236 0.32975
0.0162967 -1.25376 0.32975
0.0307443 -1.24705 0.32975
0.047823 -1.23162 0.32975
0.0633973 -1.2198 0.32975
0.0839972 -1.1906 0.32975
0.0986612 -1.17935 0.32975
0.10869 -1.18331 0.32975
0.128917 -1.15057 0.32975
0.141558 -1.14366 0.32975
0.156307 -1.12789 0.32975
0.165193 -1.13428 0.32975
0.180472 -1.11434 0.32975
0.19673 -1.08837 0.32975
0.206453 -1.08955 0.32975
0.220129 -1.07205 0.32975
0.231088 -1.06616 0.32975
0.243262 -1.05329 0.32975
0.257017 -1.03045 0.32975
0.268621 -1.01731 0.32975
0.275855 -1.0287 0.32975
0.288437 -1.00744 0.32975
0.298269 -1.00187 0.32975
0.309105 -0.988288 0.32975
0.317735 -0.989462 0.32975
0.327715 -0.979643 0.32975
0.338306 -0.962771 0.32975
0.347339 -0.957725 0.32975
0.35733 -0.941645 0.32975
0.364941 -0.949374 0.32975
0.37621 -0.912179 0.32975
0.383266 -0.925739 0.32975
0.393545 -0.890336 0.32975
0.400898 -0.898767 0.32975
0.409571 -0.880161 0.32975
0.417114 -0.884461 0.32975
0.425383 -0.863704 0.32975
0.432747 -0.873867 0.32975
0.440469 -0.862967 0.32975
0.448 -0.868 0.32975
0.455391 -0.846968 0.32975
0.462782 -0.846871 0.32975
0.470041 -0.841711 0.32975
0.477141 -0.834491 0.32975
0.484553 -0.837202 0.32975
0.493323 -0.864813 0.32975
0.501356 -0.87237 0.32975
0.517617 -0.995569 0.32975
0.546309 -1.24914 0.32975
0.554504 -1.21735 0.32975
0.541641 -0.972502 0.32975
0.540194 -0.877168 0.32975
0.547732 -0.875337 0.32975
0.556098 -0.880388 0.32975
0.56208 -0.866523 0.32975
0.567828 -0.852621 0.32975
0.575264 -0.851543 0.32975
0.58269 -0.8504 0.32975
0.585155 -0.819603 0.32975
0.596643 -0.842995 0.32975
0.601625 -0.828884 0.32975
0.606562 -0.815732 0.32975
0.616466 -0.828036 0.32975
0.638239 -0.895005 0.32975
0.645609 -0.891358 0.32975
0.651806 -0.882779 0.32975
0.660435 -0.884857 0.32975
0.668149 -0.882969 0.32975
0.671339 -0.863588 0.32975
0.688184 -0.896379 0.32975
0.690118 -0.873049 0.32975
0.698554 -0.873787 0.32975
0.70617 -0.871567 0.32975
0.712889 -0.866412 0.32975
0.719537 -0.861206 0.32975
0.725806 -0.855 0.32975
0.732622 -0.850646 0.32975
0.745244 -0.863258 0.32975
0.75577 -0.869115 0.32975
0.763343 -0.866397 0.32975
0.763537 -0.843942 0.32975
0.773398 -0.847691 0.32975
0.777118 -0.835515 0.32975
0.803502 -0.879897 0.32975
0.912195 -1.12067 0.32975
0.920785 -1.11381 0.32975
0.934075 -1.1179 0.32975
0.934864 -1.09351 0.32975
0.948949 -1.09923 0.32975
0.953029 -1.08304 0.32975
0.97021 -1.09484 0.32975
0.982374 -1.09563 0.32975
0.985222 -1.0775 0.32975
0.999144 -1.08168 0.32975
1.01503 -1.08925 0.32975
1.0386 -1.11075 0.32975
1.04874 -1.10643 0.32975
1.06177 -1.10727 0.32975
1.06599 -1.0923 0.32975
1.08 -1.09466 0.32975
1.09257 -1.09427 0.32975
1.1021 -1.0886 0.32975
1.11314 -1.08541 0.32975
1.12312 -1.08041 0.32975
1.12768 -1.06689 0.32975
1.15113 -1.08272 0.32975
1.15669 -1.07071 0.32975
1.16489 -1.06283 0.32975
1.18263 -1.06889 0.32975
1.19193 -1.06244 0.32975
1.20872 -1.06649 0.32975
1.21859 -1.06062 0.32975
1.23079 -1.05788 0.32975
1.23156 -1.03982 0.32975
1.25278 -1.04881 0.32975
1.2539 -1.03151 0.32975
1.2691 -1.03226 0.32975
1.28625 -1.03516 0.32975
1.30289 -1.03706 0.32975
1.31255 -1.03033 0.32975
1.32475 -1.02655 0.32975
1.34286 -1.02942 0.32975
1.35513 -1.02532 0.32975
1.36136 -1.01439 0.32975
1.37356 -1.01007 0.32975
1.37961 -0.999029 0.32975
1.38967 -0.992312 0.32975
1.40107 -0.986934 0.32975
1.42717 -0.996411 0.32975
1.43936 -0.991364 0.32975
1.45083 -0.985478 0.32975
1.46587 -0.982942 0.32975
1.46933 -0.969203 0.32975
1.49237 -0.973894 0.32975
1.51042 -0.973525 0.32975
1.52259 -0.967563 0.32975
1.53773 -0.964112 0.32975
1.54384 -0.952598 0.32975
1.55895 -0.948844 0.32975
1.56719 -0.939113 0.32975
1.58846 -0.940124 0.32975
1.60517 -0.937058 0.32975
1.62426 -0.93564 0.32975
1.63159 -0.924724 0.32975
1.65072 -0.922882 0.32975
1.67311 -0.923184 0.32975
1.67951 -0.911268 0.32975
1.6947 -0.905777 0.32975
1.70418 -0.896025 0.32975
1.7267 -0.895353 0.32975
1.72704 -0.879063 0.32975
1.76866 -0.890794 0.32975
1.77805 -0.88034 0.32975
1.79407 -0.874146 0.32975
1.8261 -0.877948 0.32975
1.8371 -0.868008 0.32975
1.83013 -0.84697 0.32975
1.83918 -0.835907 0.32975
1.85504 -0.82881 0.32975
1.85962 -0.815 0.32975
1.8632 -0.800681 0.32975
1.89899 -0.804299 0.32975
1.91914 -0.798764 0.32975
1.94989 -0.798571 0.32975
1.95326 -0.783587 0.32975
1.99211 -0.786766 0.32975
2.00071 -0.774153 0.32975
2.03347 -0.773287 0.32975
2.04738 -0.762866 0.32975
2.0712 -0.756909 0.32975
2.08866 -0.747692 0.32975
2.11248 -0.741074 0.32975
2.13172 -0.732103 0.32975
2.15093 -0.722853 0.32975
2.18951 -0.721358 0.32975
2.21429 -0.713626 0.32975
2.24278 -0.706981 0.32975
2.25915 -0.695234 0.32975
2.27732 -0.683955 0.32975
2.30953 -0.677542 0.32975
2.32386 -0.664276 0.32975
2.36929 -0.661555 0.32975
2.37689 -0.645398 0.32975
2.41098 -0.637811 0.32975
2.45653 -0.633286 0.32975
2.47824 -0.620705 0.32975
2.51617 -0.612621 0.32975
2.55893 -0.6053 0.32975
2.58051 -0.591399 0.32975
2.60878 -0.578978 0.32975
2.64763 -0.568863 0.32975
2.68356 -0.557388 0.32975
2.7107 -0.543228 0.32975
2.74264 -0.52976 0.32975
2.79209 -0.519671 0.32975
2.82979 -0.506265 0.32975
2.87625 -0.494034 0.32975
2.92661 -0.481793 0.32975
2.96808 -0.467069 0.32975
2.99865 -0.449749 0.32975
3.04982 -0.435396 0.32975
3.10883 -0.421435 0.32975
3.14999 -0.403816 0.32975
3.18906 -0.385231 0.32975
3.23991 -0.367562 0.32975
3.30356 -0.350618 0.32975
3.35917 -0.331686 0.32975
3.43057 -0.313481 0.32975
3.46903 -0.290892 0.32975
3.53222 -0.269834 0.32975
3.62019 -0.249657 0.32975
3.67312 -0.225523 0.32975
3.75682 -0.202376 0.32975
3.82137 -0.176791 0.32975
3.89971 -0.150705 0.32975
3.99384 -0.123824 0.32975
4.08275 -0.0951797 0.32975
4.17243 -0.0650107 0.32975
4.26785 -0.0333352 0.32975
4.356 0 0.32975
4.46085 0.0350194 0.32975
4.57137 0.0719733 0.32975
4.70454 0.111462 0.32975
4.83133 0.153069 0.32975
4.97469 0.197639 0.32975
5.09263 0.243414 0.32975
5.26101 0.294376 0.32975
5.42784 0.348225 0.32975
5.59309 0.404928 0.32975
5.78362 0.466806 0.32975
5.98738 0.533381 0.32975
6.18142 0.602606 0.32975
6.40744 0.678993 0.32975
6.66332 0.763146 0.32975
6.93205 0.853641 0.32975
7.14617 0.941366 0.32975
7.8943 1.11286 0.32975
8.03345 1.20142 0.32975
8.34124 1.32088 0.32975
8.70955 1.45673 0.32975
9.52934 1.68313 0.32975
9.90696 1.83863 0.32975
10.5275 2.0507 0.32975
11.2917 2.30491 0.32975
12.1509 2.59446 0.32975
13.4529 3.00242 0.32975
14.596 3.39663 0.32975
16.1978 3.92688 0.32975
0.448 0 0.32975
0.448 0 0.32975
0.448 0 0.32975
0.448 0 0.32975
36.4248 10.6568 0.32975
20.7848 6.21758 0.32975
36.2009 11.2729 0.32975
36.105 11.5857 0.32975
36.0054 11.8973 0.32975
35.9049 12.2088 0.32975
35.8093 12.5221 0.32975
35.7128 12.8353 0.32975
0.448 0 0.32975
0.448 0 0.32975
0.448 0 0.32975
18.7896 7.41047 0.32975
14.1011 5.65529 0.32975
14.3936 5.91957 0.32975
13.1997 5.54461 0.32975
11.8573 5.07973 0.32975
11.1746 4.8884 0.32975
10.0802 4.49159 0.32975
9.41789 4.27842 0.32975
8.78162 4.06458 0.32975
8.22587 3.87791 0.32975
7.75604 3.72363 0.32975
7.37999 3.60856 0.32975
7.27407 3.62948 0.32975
6.4925 3.2819 0.32975
6.29046 3.23853 0.32975
6.00348 3.14314 0.32975
5.75674 3.065 0.32975
5.50232 2.97722 0.32975
5.28928 2.90894 0.32975
5.10086 2.85127 0.32975
4.9011 2.78261 0.32975
4.74002 2.73432 0.32975
4.55581 2.66764 0.32975
4.40729 2.6206 0.32975
4.25826 2.57005 0.32975
4.11536 2.52051 0.32975
3.99001 2.48014 0.32975
3.85345 2.42908 0.32975
3.75445 2.40228 0.32975
3.65217 2.37096 0.32975
3.54431 2.33324 0.32975
3.5278 2.36321 0.32975
3.52045 2.40046 0.32975
3.52287 2.44586 0.32975
3.46566 2.44365 0.32975
3.46505 2.48707 0.32975
3.45243 2.52101 0.32975
3.43716 2.55298 0.32975
3.43891 2.59996 0.32975
3.42285 2.63193 0.32975
3.06015 2.35199 0.32975
2.65762 2.02474 0.32975
2.62012 2.02554 0.32975
2.55449 1.99898 0.32975
2.4974 1.97908 0.32975
2.44938 1.96675 0.32975
2.39254 1.94454 0.32975
2.33975 1.92506 0.32975
2.29162 1.90913 0.32975
2.24805 1.89685 0.32975
2.20415 1.88324 0.32975
2.16603 1.8749 0.32975
2.12283 1.86009 0.32975
2.07539 1.83944 0.32975
2.03304 1.82338 0.32975
1.99823 1.81509 0.32975
1.95341 1.79408 0.32975
1.91925 1.78477 0.32975
1.88222 1.77112 0.32975
1.85053 1.76322 0.32975
1.80677 1.73914 0.32975
1.77753 1.73268 0.32975
1.75213 1.73064 0.32975
1.71557 1.71302 0.32975
1.68823 1.70703 0.32975
1.66515 1.70639 0.32975
1.63071 1.68909 0.32975
1.59724 1.67215 0.32975
1.57925 1.67714 0.32975
1.5458 1.6586 0.32975
1.51713 1.64631 0.32975
1.49251 1.63955 0.32975
1.46386 1.62571 0.32975
1.43448 1.60978 0.32975
1.41267 1.60547 0.32975
1.38999 1.59918 0.32975
1.374 1.60388 0.32975
1.34126 1.57883 0.32975
1.3289 1.58918 0.32975
1.30498 1.57836 0.32975
1.2785 1.56193 0.32975
1.2616 1.56291 0.32975
1.24612 1.56639 0.32975
1.21189 1.53213 0.32975
1.19849 1.53874 0.32975
1.17686 1.52808 0.32975
1.15758 1.52169 0.32975
1.13556 1.50872 0.32975
1.12074 1.511 0.32975
1.10075 1.50123 0.32975
1.09036 1.51331 0.32975
1.06756 1.49576 0.32975
1.04887 1.4872 0.32975
1.0333 1.48588 0.32975
1.01888 1.48719 0.32975
0.995724 1.46496 0.32975
0.98976 1.48847 0.32975
0.96707 1.46581 0.32975
0.951003 1.46083 0.32975
0.934111 1.45283 0.32975
0.917706 1.44561 0.32975
0.90387 1.44583 0.32975
0.894159 1.45932 0.32975
0.875443 1.44302 0.32975
0.861456 1.44189 0.32975
0.842978 1.42425 0.32975
0.83364 1.43923 0.32975
0.818062 1.43092 0.32975
0.800722 1.41469 0.32975
0.785562 1.40605 0.32975
0.771255 1.40017 0.32975
0.758374 1.40001 0.32975
0.744066 1.39288 0.32975
0.730106 1.38659 0.32975
0.720857 1.40373 0.32975
0.705317 1.38836 0.32975
0.693191 1.39055 0.32975
0.677416 1.37094 0.32975
0.662941 1.35708 0.32975
0.654638 1.38264 0.32975
0.639641 1.3636 0.32975
0.626168 1.35332 0.32975
0.612646 1.34093 0.32975
0.601391 1.34629 0.32975
0.58765 1.32868 0.32975
0.577488 1.34478 0.32975
0.56444 1.33092 0.32975
0.552586 1.32889 0.32975
0.540706 1.32576 0.32975
0.528584 1.31754 0.32975
0.517188 1.32019 0.32975
0.505316 1.31275 0.32975
0.493509 1.30321 0.32975
0.482161 1.30455 0.32975
0.470688 1.2998 0.32975
0.459336 1.29895 0.32975
0.448 1.297 0.32975
0.436717 1.29295 0.32975
0.425329 1.2988 0.32975
0.414441 1.28156 0.32975
0.403538 1.27322 0.32975
0.392691 1.26679 0.32975
0.381167 1.27525 0.32975
0.370102 1.27362 0.32975
0.359409 1.26691 0.32975
0.348984 1.25811 0.32975
0.338009 1.2572 0.32975
0.327138 1.25519 0.32975
0.317653 1.24017 0.32975
0.306496 1.24196 0.32975
0.296395 1.23473 0.32975
0.283276 1.2512 0.32975
0.272781 1.24675 0.32975
0.265012 1.2244 0.32975
0.252144 1.23659 0.32975
0.23971 1.24469 0.32975
0.23285 1.22018 0.32975
0.224397 1.20645 0.32975
0.211397 1.21722 0.32975
0.201781 1.21021 0.32975
0.192477 1.20214 0.32975
0.176585 1.22428 0.32975
0.17131 1.19848 0.32975
0.160862 1.19602 0.32975
0.151404 1.18958 0.32975
0.143538 1.17727 0.32975
0.130688 1.18422 0.32975
0.185305 0.947249 0.32975
0.189177 0.902625 0.32975
0.186422 0.883073 0.32975
0.18048 0.875019 0.32975
0.174057 0.868836 0.32975
0.161232 0.882581 0.32975
0.152907 0.881941 0.32975
0.146198 0.876496 0.32975
0.140564 0.868173 0.32975
0.130605 0.872035 0.32975
0.120556 0.875788 0.32975
0.111492 0.876632 0.32975
0.110819 0.855984 0.32975
0.0966191 0.869698 0.32975
0.0928699 0.85736 0.32975
0.0822758 0.861593 0.32975
0.0835436 0.838193 0.32975
0.0949525 0.792957 0.32975
0.0888755 0.788026 0.32975
0.0820125 0.784863 0.32975
0.0803435 0.770808 0.32975
0.0731927 0.768469 0.32975
0.0598079 0.778593 0.32975
0.0425866 0.795669 0.32975
0.0393526 0.785005 0.32975
0.0315789 0.783175 0.32975
0.026669 0.775996 0.32975
0.0237915 0.765292 0.32975
0.00826566 0.777228 0.32975
-0.0515001 0.865159 0.32975
-0.186931 1.0779 0.32975
-0.113906 0.93517 0.32975
0.00544377 0.722186 0.32975
0.00604744 0.707272 0.32975
0.00902636 0.689051 0.32975
-0.00350557 0.695258 0.32975
-0.0101078 0.692125 0.32975
-0.0200445 0.693904 0.32975
-0.0311797 0.697211 0.32975
-0.0447022 0.703652 0.32975
-0.0328221 0.674088 0.32975
-0.0516174 0.687664 0.32975
-0.0629527 0.690513 0.32975
-0.0617373 0.676444 0.32975
-0.0676208 0.67197 0.32975
-0.0814687 0.677689 0.32975
-0.0923428 0.679304 0.32975
-0.0932157 0.668345 0.32975
-0.101572 0.666684 0.32975
-0.112511 0.667991 0.32975
-0.125463 0.671438 0.32975
-0.129332 0.664144 0.32975
-0.131792 0.655336 0.32975
-0.130129 0.642077 0.32975
-0.141114 0.642906 0.32975
-0.16307 0.655293 0.32975
-0.159129 0.63978 0.32975
-0.171635 0.641651 0.32975
-0.172305 0.631227 0.32975
-0.184153 0.632153 0.32975
