-0.704584 -1.15258 0.32975
-0.697987 -1.16616 0.32975
-0.691935 -1.18044 0.32975
-0.691227 -1.20049 0.32975
-0.696393 -1.22721 0.32975
-0.699828 -1.25263 0.32975
-0.692868 -1.26706 0.32975
-0.697008 -1.2942 0.32975
-0.701415 -1.32225 0.32975
-0.706069 -1.35124 0.32975
-0.704518 -1.37352 0.32975
-0.703938 -1.39741 0.32975
-0.682889 -1.39653 0.32975
-0.666301 -1.40087 0.32975
-0.639874 -1.39242 0.32975
-0.611245 -1.38043 0.32975
-0.598556 -1.38883 0.32975
-0.59175 -1.40514 0.32975
-0.572983 -1.40526 0.32975
-0.557777 -1.41005 0.32975
-0.556332 -1.43434 0.32975
-0.545477 -1.44552 0.32975
-0.52164 -1.43755 0.32975
-0.496364 -1.42678 0.32975
-0.488235 -1.44167 0.32975
-0.460574 -1.42617 0.32975
-0.453923 -1.44338 0.32975
-0.430842 -1.43414 0.32975
-0.415204 -1.43661 0.32975
-0.402634 -1.44409 0.32975
-0.381 -1.43587 0.32975
-0.372378 -1.45001 0.32975
-0.353875 -1.44662 0.32975
-0.333586 -1.4395 0.32975
-0.320055 -1.4445 0.32975
-0.300956 -1.43873 0.32975
-0.289734 -1.44789 0.32975
-0.273502 -1.44711 0.32975
-0.260846 -1.45335 0.32975
-0.24254 -1.44775 0.32975
-0.227767 -1.44919 0.32975
-0.213436 -1.45139 0.32975
-0.195051 -1.44432 0.32975
-0.18322 -1.45171 0.32975
-0.170918 -1.45808 0.32975
-0.159319 -1.4662 0.32975
-0.140507 -1.45661 0.32975
-0.124841 -1.45424 0.32975
-0.10532 -1.44145 0.32975
-0.0892182 -1.43686 0.32975
-0.0807631 -1.45276 0.32975
-0.0597203 -1.43376 0.32975
-0.0507703 -1.44853 0.32975
-0.0339858 -1.4405 0.32975
-0.023869 -1.45226 0.32975
-0.0108771 -1.45537 0.32975
0.00154837 -1.46028 0.32975
0.0182848 -1.45069 0.32975
0.0315119 -1.45247 0.32975
0.0487458 -1.43966 0.32975
0.0574421 -1.45758 0.32975
0.0739324 -1.44641 0.32975
0.0860849 -1.45156 0.32975
0.0971316 -1.46147 0.32975
0.109898 -1.46448 0.32975
0.12399 -1.46152 0.32975
0.137172 -1.46233 0.32975
0.150144 -1.46401 0.32975
0.160832 -1.47735 0.32975
0.179385 -1.44932 0.32975
0.191869 -1.45259 0.32975
0.202244 -1.46858 0.32975
0.214756 -1.47264 0.32975
0.227764 -1.47363 0.32975
0.243276 -1.45668 0.32975
0.255474 -1.46238 0.32975
0.265318 -1.48783 0.32975
0.282044 -1.45658 0.32975
0.295597 -1.45001 0.32975
0.308161 -1.45228 0.32975
0.321188 -1.44946 0.32975
0.335333 -1.43157 0.32975
0.34776 -1.4335 0.32975
0.359846 -1.44131 0.32975
0.37295 -1.43203 0.32975
0.384926 -1.44462 0.32975
0.396768 -1.46711 0.32975
0.410043 -1.4495 0.32975
0.422694 -1.44978 0.32975
0.43532 -1.45294 0.32975
0.448 -1.467 0.32975
0.460636 -1.44794 0.32975
0.473585 -1.46578 0.32975
0.485904 -1.4475 0.32975
0.499337 -1.4701 0.32975
0.511335 -1.45062 0.32975
0.524358 -1.457 0.32975
0.537741 -1.46726 0.32975
0.550263 -1.46243 0.32975
0.562393 -1.45351 0.32975
0.575422 -1.45644 0.32975
0.58966 -1.4712 0.32975
0.60197 -1.46493 0.32975
0.613277 -1.45061 0.32975
0.628245 -1.46798 0.32975
0.639743 -1.45643 0.32975
0.655785 -1.47847 0.32975
0.666314 -1.46078 0.32975
0.679679 -1.46277 0.32975
0.69227 -1.4597 0.32975
0.705694 -1.46145 0.32975
0.719166 -1.46308 0.32975
0.734786 -1.47539 0.32975
0.744859 -1.45911 0.32975
0.759244 -1.46429 0.32975
0.771144 -1.45761 0.32975
0.788801 -1.47617 0.32975
0.80237 -1.47606 0.32975
0.812334 -1.46127 0.32975
0.830831 -1.4803 0.32975
0.841923 -1.47014 0.32975
0.853668 -1.46279 0.32975
0.86945 -1.46977 0.32975
0.881691 -1.46412 0.32975
0.898252 -1.47271 0.32975
0.914094 -1.47826 0.32975
0.925431 -1.46938 0.32975
0.93887 -1.46706 0.32975
0.955561 -1.47406 0.32975
0.974747 -1.48749 0.32975
0.980525 -1.4631 0.32975
0.995374 -1.46402 0.32975
1.01781 -1.48439 0.32975
1.02634 -1.4682 0.32975
1.04213 -1.47051 0.32975
1.06603 -1.49207 0.32975
1.07864 -1.48569 0.32975
1.09238 -1.48197 0.32975
1.10285 -1.47081 0.32975
1.12312 -1.48142 0.32975
1.13687 -1.47728 0.32975
1.14973 -1.47121 0.32975
1.16254 -1.46503 0.32975
1.18155 -1.47127 0.32975
1.19981 -1.47551 0.32975
1.21589 -1.4751 0.32975
1.23202 -1.47452 0.32975
1.25392 -1.48432 0.32975
1.262 -1.46849 0.32975
1.2797 -1.47003 0.32975
1.3025 -1.48004 0.32975
1.32553 -1.48976 0.32975
1.33387 -1.47433 0.32975
1.34983 -1.47166 0.32975
1.37642 -1.48578 0.32975
1.39633 -1.48859 0.32975
1.40221 -1.46935 0.32975
1.42272 -1.47264 0.32975
1.44784 -1.48232 0.32975
1.46583 -1.48095 0.32975
1.47986 -1.47365 0.32975
1.49733 -1.47111 0.32975
1.52482 -1.48212 0.32975
1.53772 -1.47267 0.32975
1.56437 -1.48147 0.32975
1.58577 -1.48278 0.32975
1.60113 -1.47594 0.32975
1.62331 -1.47756 0.32975
1.64937 -1.48357 0.32975
1.66418 -1.47535 0.32975
1.69694 -1.48842 0.32975
1.71897 -1.48811 0.32975
1.74044 -1.48678 0.32975
1.7686 -1.49267 0.32975
1.79228 -1.49298 0.32975
1.81269 -1.4893 0.32975
1.84064 -1.49342 0.32975
1.86601 -1.49427 0.32975
1.89081 -1.49407 0.32975
1.91781 -1.49569 0.32975
1.93646 -1.48846 0.32975
1.96152 -1.48733 0.32975
2.00897 -1.50741 0.32975
2.02206 -1.49373 0.32975
2.04747 -1.49153 0.32975
2.09139 -1.50589 0.32975
2.11413 -1.50019 0.32975
2.13315 -1.4909 0.32975
2.16647 -1.49385 0.32975
2.19465 -1.49178 0.32975
2.23288 -1.49769 0.32975
2.27829 -1.50878 0.32975
2.30227 -1.50156 0.32975
2.34896 -1.51209 0.32975
2.37153 -1.50283 0.32975
2.40996 -1.50547 0.32975
2.46615 -1.52079 0.32975
2.48256 -1.5055 0.32975
2.52798 -1.5112 0.32975
2.5647 -1.50983 0.32975
2.60892 -1.51309 0.32975
2.65419 -1.51627 0.32975
2.70796 -1.52436 0.32975
2.73952 -1.51672 0.32975
2.80299 -1.52935 0.32975
2.85082 -1.53077 0.32975
2.87935 -1.51928 0.32975
2.936 -1.52465 0.32975
2.99122 -1.52812 0.32975
3.05443 -1.5353 0.32975
3.09804 -1.53 0.32975
3.15568 -1.53193 0.32975
3.22404 -1.53879 0.32975
3.28043 -1.53788 0.32975
3.33259 -1.53376 0.32975
3.40529 -1.53947 0.32975
3.47653 -1.54311 0.32975
3.53284 -1.53804 0.32975
3.61895 -1.54657 0.32975
3.70001 -1.55113 0.32975
3.77868 -1.55312 0.32975
3.86399 -1.55676 0.32975
3.94505 -1.55699 0.32975
4.0282 -1.55672 0.32975
4.11805 -1.55784 0.32975
4.22112 -1.56288 0.32975
4.32363 -1.56586 0.32975
4.43763 -1.57156 0.32975
4.55109 -1.57503 0.32975
4.67052 -1.57873 0.32975
4.78938 -1.58013 0.32975
4.90952 -1.57991 0.32975
5.05078 -1.58487 0.32975
5.19246 -1.58748 0.32975
5.34879 -1.59237 0.32975
5.51224 -1.59675 0.32975
5.67707 -1.59869 0.32975
5.81931 -1.59105 0.32975
6.18481 -1.645 0.32975
6.37336 -1.64325 0.32975
6.69271 -1.67326 0.32975
6.79421 -1.64124 0.32975
7.02078 -1.63878 0.32975
7.28571 -1.64159 0.32975
7.53849 -1.63697 0.32975
8.1539 -1.70836 0.32975
8.40425 -1.69115 0.32975
8.72346 -1.68366 0.32975
9.12362 -1.68637 0.32975
9.64832 -1.70518 0.32975
10.1848 -1.71686 0.32975
10.8129 -1.73449 0.32975
11.4746 -1.74643 0.32975
12.4942 -1.80032 0.32975
13.2561 -1.80006 0.32975
14.3431 -1.82932 0.32975
15.6161 -1.86241 0.32975
17.2304 -1.91212 0.32975
19.1082 -1.96127 0.32975
0.448 0 0.32975
0.448 0 0.32975
0.448 0 0.32975
36.7015 -2.53509 0.32975
36.7392 -2.21967 0.32975
36.7462 -1.90231 0.32975
36.7414 -1.5846 0.32975
36.7329 -1.2671 0.32975
36.7586 -0.950829 0.32975
36.7565 -0.633772 0.32975
36.7686 -0.316963 0.32975
36.792 0 0.32975
0.448 0 0.32975
0.448 0 0.32975
19.1096 0.488673 0.32975
16.7361 0.568793 0.32975
14.4946 0.613289 0.32975
13.2255 0.669638 0.32975
11.8327 0.696318 0.32975
11.075 0.743117 0.32975
9.99448 0.751325 0.32975
9.26831 0.771677 0.32975
8.6212 0.786989 0.32975
8.08394 0.802569 0.32975
7.59973 0.814837 0.32975
7.21121 0.830418 0.32975
6.97369 0.859123 0.32975
0.450971 0.000417519 0.32975
6.06858 0.84 0.32975
5.90399 0.864144 0.32975
5.67038 0.873927 0.32975
5.44098 0.880396 0.32975
5.22367 0.885118 0.32975
5.03122 0.890887 0.32975
4.84394 0.894365 0.32975
4.68631 0.900881 0.32975
4.53477 0.906016 0.32975
4.38446 0.908802 0.32975
4.25288 0.913471 0.32975
4.12639 0.917126 0.32975
4.00788 0.920647 0.32975
3.89732 0.924243 0.32975
3.79083 0.92705 0.32975
3.6913 0.930001 0.32975
3.59101 0.931002 0.32975
3.49957 0.932958 0.32975
3.41215 0.934593 0.32975
3.31924 0.932922 0.32975
3.25314 0.938587 0.32975
3.1796 0.940566 0.32975
3.09871 0.938665 0.32975
3.02934 0.939529 0.32975
2.96765 0.942058 0.32975
2.94346 0.957918 0.32975
2.96292 0.990653 0.32975
2.96901 1.01856 0.32975
2.98035 1.04894 0.32975
2.95822 1.06552 0.32975
2.93965 1.0834 0.32975
2.94289 1.1108 0.32975
2.95585 1.14289 0.32975
2.94669 1.16516 0.32975
2.94906 1.19295 0.32975
2.96013 1.22525 0.32975
2.93055 1.23775 0.32975
2.95084 1.27526 0.32975
2.95735 1.30629 0.32975
2.94851 1.32954 0.32975
2.95439 1.36086 0.32975
2.96953 1.39771 0.32975
2.96333 1.4231 0.32975
2.62172 1.255 0.32975
2.15144 1.0034 0.32975
2.03633 0.954366 0.32975
2.01174 0.958262 0.32975
1.98127 0.958094 0.32975
1.96104 0.963915 0.32975
1.93077 0.962922 0.32975
1.91064 0.968097 0.32975
1.88058 0.966285 0.32975
1.85808 0.969121 0.32975
1.82499 0.964182 0.32975
1.79699 0.962225 0.32975
1.7845 0.971021 0.32975
1.75668 0.968371 0.32975
1.7378 0.971931 0.32975
1.7134 0.970974 0.32975
1.70409 0.981364 0.32975
1.68061 0.980461 0.32975
1.65024 0.973559 0.32975
1.6309 0.975108 0.32975
1.61852 0.982179 0.32975
1.59393 0.978718 0.32975
1.56723 0.972936 0.32975
1.5572 0.98134 0.32975
1.53151 0.975592 0.32975
1.50747 0.970823 0.32975
1.50334 0.984124 0.32975
1.49036 0.989166 0.32975
1.47522 0.991972 0.32975
1.44013 0.974965 0.32975
1.43936 0.991364 0.32975
1.41596 0.984999 0.32975
1.39829 0.984057 0.32975
1.3759 0.977805 0.32975
1.37415 0.993178 0.32975
1.34316 0.976893 0.32975
1.32791 0.977236 0.32975
1.32465 0.990868 0.32975
1.30022 0.980368 0.32975
1.29683 0.993851 0.32975
1.27848 0.98973 0.32975
1.25709 0.981506 0.32975
1.24094 0.979204 0.32975
1.22739 0.979825 0.32975
1.2145 0.981073 0.32975
1.21078 0.994072 0.32975
1.19064 0.985516 0.32975
1.1719 0.978294 0.32975
1.16745 0.990237 0.32975
1.14252 0.973682 0.32975
1.13687 0.983802 0.32975
1.12259 0.981534 0.32975
1.11735 0.992358 0.32975
1.1026 0.988989 0.32975
1.08414 0.979567 0.32975
1.07234 0.980021 0.32975
1.07171 0.998153 0.32975
1.05828 0.995884 0.32975
1.03875 0.983171 0.32975
1.03015 0.988289 0.32975
1.0145 0.981207 0.32975
1.00493 0.984372 0.32975
0.996805 0.990069 0.32975
0.98719 0.993063 0.32975
0.973339 0.988018 0.32975
0.963773 0.990791 0.32975
0.947844 0.980998 0.32975
0.945511 0.997852 0.32975
0.9324 0.993167 0.32975
0.921132 0.991941 0.32975
0.909077 0.988782 0.32975
0.898357 0.988218 0.32975
0.890123 0.993024 0.32975
0.877852 0.988591 0.32975
0.866473 0.985861 0.32975
0.861681 0.998714 0.32975
0.855572 1.00878 0.32975
0.836491 0.986243 0.32975
0.825003 0.982127 0.32975
0.81887 0.991936 0.32975
0.810199 0.995134 0.32975
0.798831 0.990716 0.32975
0.787893 0.987121 0.32975
0.780852 0.994792 0.32975
0.771541 0.995756 0.32975
0.760133 0.989958 0.32975
0.752651 0.99647 0.32975
0.746216 1.00676 0.32975
0.735765 1.00356 0.32975
0.72379 0.994467 0.32975
0.717431 1.00553 0.32975
0.705891 0.997192 0.32975
0.70105 1.01493 0.32975
0.685881 0.990845 0.32975
0.676775 0.990934 0.32975
0.667903 0.991917 0.32975
0.660486 0.999667 0.32975
0.648365 0.984824 0.32975
0.641671 0.996352 0.32975
0.630236 0.983255 0.32975
0.621475 0.983823 0.32975
0.614038 0.992203 0.32975
0.605373 0.993614 0.32975
0.596548 0.993961 0.32975
0.590652 1.01502 0.32975
0.579309 0.997394 0.32975
0.569748 0.991554 0.32975
0.560977 0.991585 0.32975
0.552319 0.992533 0.32975
0.543558 0.99241 0.32975
0.535853 1.00416 0.32975
0.528028 1.01686 0.32975
0.517547 0.994571 0.32975
0.508438 0.988153 0.32975
0.500388 0.999628 0.32975
0.491271 0.991056 0.32975
0.48262 0.991396 0.32975
0.473915 0.989661 0.32975
0.465575 1.00685 0.32975
0.456892 1.01896 0.32975
0.448 0.999 0.32975
0.439169 1.01196 0.32975
0.430513 1.00185 0.32975
0.421535 1.01065 0.32975
0.41338 0.991396 0.32975
0.404119 1.00504 0.32975
0.395298 1.00562 0.32975
0.385608 1.02009 0.32975
0.378244 0.997564 0.32975
0.369619 0.99592 0.32975
0.36128 0.991214 0.32975
0.351771 0.999378 0.32975
0.342113 1.00745 0.32975
0.333552 1.0045 0.32975
0.322596 1.02133 0.32975
0.313819 1.01921 0.32975
0.307714 0.99819 0.32975
0.294722 1.02561 0.32975
0.287968 1.01041 0.32975
0.278496 1.01292 0.32975
0.270358 1.00746 0.32975
0.261391 1.00685 0.32975
0.252612 1.00519 0.32975
0.24305 1.00736 0.32975
0.232811 1.01238 0.32975
0.222903 1.01535 0.32975
0.210452 1.02893 0.32975
0.204984 1.01224 0.32975
0.197369 1.00523 0.32975
0.186603 1.01075 0.32975
0.17184 1.03064 0.32975
0.166331 1.01567 0.32975
0.158856 1.00836 0.32975
0.148364 1.01155 0.32975
0.137501 1.0156 0.32975
0.130154 1.00808 0.32975
0.119515 1.01097 0.32975
0.104994 1.02514 0.32975
0.0973629 1.01832 0.32975
0.0901589 1.01051 0.32975
0.076908 1.01957 0.32975
0.0620714 1.03221 0.32975
0.05057 1.03534 0.32975
0.0492467 1.01229 0.32975
0.032936 1.02732 0.32975
0.0278137 1.01442 0.32975
0.0170238 1.01532 0.32975
0.00818001 1.01152 0.32975
-0.00673173 1.02134 0.32975
-0.0201888 1.02735 0.32975
-0.0316718 1.02866 0.32975
-0.0384776 1.01992 0.32975
-0.0517431 1.02463 0.32975
-0.0570958 1.01307 0.32975
-0.0822608 1.0407 0.32975
-0.0913222 1.03603 0.32975
-0.0942394 1.0198 0.32975
-0.11123 1.02997 0.32975
-0.117773 1.02068 0.32975
-0.125181 1.01309 0.32975
-0.1445 1.02624 0.32975
-0.154956 1.02362 0.32975
-0.16541 1.02089 0.32975
-0.182656 1.02914 0.32975
-0.193202 1.02614 0.32975
-0.215565 1.04159 0.32975
-0.217004 1.02402 0.32975
-0.229779 1.02401 0.32975
-0.254906 1.0421 0.32975
-0.252645 1.01944 0.32975
-0.274706 1.03213 0.32975
-0.286009 1.02904 0.32975
-0.294373 1.02179 0.32975
-0.318132 1.03537 0.32975
-0.325934 1.02705 0.32975
-0.339128 1.02581 0.32975
-0.359748 1.03387 0.32975
-0.381812 1.04322 0.32975
-0.383962 1.02739 0.32975
-0.396076 1.02395 0.32975
-0.421049 1.03569 0.32975
-0.427456 1.02503 0.32975
-0.438336 1.01961 0.32975
-0.455151 1.02083 0.32975
-0.468709 1.01811 0.32975
-0.497826 1.03219 0.32975
-0.519073 1.03706 0.32975
-0.529464 1.03003 0.32975
-0.548835 1.03225 0.32975
-0.56201 1.02779 0.32975
-0.585083 1.03308 0.32975
