-2.20294 -2.65094 0.32975
-2.17971 -2.67398 0.32975
-2.16878 -2.70975 0.32975
-2.15467 -2.74264 0.32975
-2.11495 -2.74843 0.32975
-2.11181 -2.79354 0.32975
-2.09068 -2.81949 0.32975
-2.07327 -2.84978 0.32975
-2.0588 -2.88375 0.32975
-2.04653 -2.92072 0.32975
-2.02095 -2.94238 0.32975
-2.01108 -2.9831 0.32975
-1.98747 -3.00755 0.32975
-1.97732 -3.04904 0.32975
-1.958 -3.07955 0.32975
-1.93713 -3.10836 0.32975
-1.92436 -3.14822 0.32975
-1.95687 -3.24999 0.32975
-2.14237 -3.56534 0.32975
-2.12393 -3.60572 0.32975
-2.10556 -3.64686 0.32975
-2.09686 -3.7028 0.32975
-2.0734 -3.73813 0.32975
-2.04455 -3.76583 0.32975
-2.02357 -3.80589 0.32975
-2.00316 -3.84755 0.32975
-1.98274 -3.89 0.32975
-1.96072 -3.93067 0.32975
-1.94229 -3.97811 0.32975
-1.91561 -4.01261 0.32975
-1.8945 -4.05733 0.32975
-1.8723 -4.10112 0.32975
-1.85678 -4.15794 0.32975
-1.82518 -4.18668 0.32975
-1.80265 -4.23285 0.32975
-1.78548 -4.29047 0.32975
-1.76747 -4.34811 0.32975
-1.7348 -4.37802 0.32975
-1.70966 -4.42386 0.32975
-1.68432 -4.4705 0.32975
-1.65918 -4.51885 0.32975
-1.63542 -4.57165 0.32975
-1.60765 -4.61706 0.32975
-1.592 -4.69168 0.32975
-1.56192 -4.73508 0.32975
-1.53583 -4.78939 0.32975
-1.51157 -4.8501 0.32975
-1.4743 -4.88004 0.32975
-1.45171 -4.94891 0.32975
-1.42106 -4.99902 0.32975
-1.38831 -5.04521 0.32975
-1.36357 -5.11572 0.32975
-1.33481 -5.17766 0.32975
-1.30162 -5.22906 0.32975
-1.27353 -5.29834 0.32975
-1.24016 -5.35417 0.32975
-1.20449 -5.40503 0.32975
-1.17714 -5.48637 0.32975
-1.14408 -5.55225 0.32975
-1.10759 -5.60929 0.32975
0.0608067 -1.44503 0.32975
0.073682 -1.44738 0.32975
0.0969714 -1.4079 0.32975
0.119075 -1.37007 0.32975
0.132843 -1.36509 0.32975
0.153209 -1.32972 0.32975
0.171685 -1.29996 0.32975
0.186828 -1.2837 0.32975
0.204719 -1.25157 0.32975
0.217108 -1.24578 0.32975
0.23094 -1.23101 0.32975
0.248458 -1.19242 0.32975
0.26153 -1.17732 0.32975
0.272698 -1.17297 0.32975
0.284472 -1.16356 0.32975
0.29659 -1.15008 0.32975
0.309922 -1.12455 0.32975
0.322118 -1.10485 0.32975
0.333959 -1.08502 0.32975
0.344391 -1.07602 0.32975
0.354743 -1.06593 0.32975
0.365226 -1.05175 0.32975
0.374895 -1.04545 0.32975
0.385181 -1.02708 0.32975
0.394408 -1.0226 0.32975
0.404381 -0.999048 0.32975
0.41331 -0.993394 0.32975
0.42219 -0.985662 0.32975
0.430966 -0.975851 0.32975
0.439553 -0.967963 0.32975
0.448 -0.948 0.32975
0.456107 -0.928965 0.32975
0.463934 -0.912861 0.32975
0.471769 -0.907689 0.32975
0.47927 -0.895454 0.32975
0.486909 -0.891151 0.32975
0.494893 -0.894772 0.32975
0.500807 -0.863387 0.32975
0.508339 -0.862893 0.32975
0.514141 -0.840401 0.32975
0.522518 -0.851746 0.32975
0.528223 -0.833147 0.32975
0.534968 -0.827442 0.32975
0.538562 -0.794858 0.32975
0.545861 -0.797015 0.32975
0.553596 -0.802079 0.32975
0.558364 -0.785283 0.32975
0.562848 -0.768465 0.32975
0.570801 -0.775335 0.32975
0.575912 -0.764371 0.32975
0.579973 -0.748454 0.32975
0.587046 -0.750224 0.32975
0.593206 -0.747018 0.32975
0.598722 -0.740823 0.32975
0.602478 -0.726764 0.32975
0.611845 -0.739056 0.32975
0.620987 -0.749291 0.32975
0.629387 -0.755531 0.32975
0.653876 -0.825722 0.32975
0.720664 -1.05431 0.32975
0.750301 -1.1282 0.32975
0.732342 -1.0253 0.32975
0.683946 -0.82284 0.32975
0.676916 -0.772809 0.32975
0.683359 -0.769825 0.32975
0.681648 -0.741038 0.32975
0.69305 -0.754188 0.32975
0.700575 -0.754866 0.32975
0.709757 -0.760197 0.32975
0.707034 -0.73149 0.32975
0.711013 -0.722624 0.32975
0.71766 -0.721238 0.32975
0.721793 -0.713255 0.32975
0.723242 -0.698744 0.32975
0.733076 -0.705587 0.32975
0.748024 -0.724321 0.32975
0.777777 -0.776906 0.32975
0.77936 -0.762077 0.32975
0.785591 -0.758243 0.32975
0.79261 -0.756178 0.32975
0.799196 -0.753142 0.32975
0.803172 -0.744633 0.32975
0.811848 -0.745999 0.32975
0.821468 -0.74906 0.32975
0.824358 -0.738644 0.32975
0.838639 -0.750411 0.32975
0.842826 -0.742559 0.32975
0.843565 -0.728539 0.32975
0.851846 -0.728558 0.32975
0.863605 -0.73458 0.32975
0.8645 -0.721399 0.32975
0.869257 -0.715152 0.32975
0.878057 -0.715735 0.32975
0.887944 -0.717923 0.32975
0.895252 -0.715753 0.32975
0.905242 -0.717726 0.32975
0.90822 -0.708677 0.32975
0.923218 -0.717976 0.32975
0.993772 -0.809141 0.32975
1.09937 -0.947745 0.32975
1.10188 -0.933833 0.32975
1.10942 -0.927278 0.32975
1.1169 -0.920661 0.32975
1.13502 -0.928455 0.32975
1.14129 -0.920028 0.32975
1.15782 -0.92505 0.32975
1.16525 -0.918032 0.32975
1.17447 -0.913304 0.32975
1.18745 -0.913146 0.32975
1.20493 -0.918233 0.32975
1.21163 -0.910061 0.32975
1.23708 -0.923893 0.32975
1.23855 -0.909425 0.32975
1.24712 -0.903241 0.32975
1.25096 -0.891774 0.32975
1.27154 -0.898741 0.32975
1.27595 -0.887863 0.32975
1.28917 -0.886407 0.32975
1.30521 -0.887665 0.32975
1.2996 -0.866599 0.32975
1.31067 -0.86267 0.32975
1.32031 -0.857212 0.32975
1.32919 -0.850957 0.32975
1.33949 -0.845988 0.32975
1.3578 -0.848406 0.32975
1.37697 -0.851244 0.32975
1.38065 -0.839759 0.32975
1.38644 -0.830263 0.32975
1.40573 -0.832539 0.32975
1.40763 -0.819604 0.32975
1.4316 -0.825339 0.32975
1.42642 -0.806547 0.32975
1.43498 -0.799237 0.32975
1.44974 -0.796819 0.32975
1.45981 -0.790509 0.32975
1.47063 -0.784693 0.32975
1.49421 -0.788378 0.32975
1.50748 -0.783976 0.32975
1.51914 -0.778228 0.32975
1.53403 -0.774658 0.32975
1.54484 -0.768019 0.32975
1.55315 -0.759551 0.32975
1.56388 -0.752674 0.32975
1.56541 -0.739596 0.32975
1.57769 -0.733629 0.32975
1.59333 -0.729653 0.32975
1.60983 -0.725989 0.32975
1.63232 -0.725751 0.32975
1.63603 -0.713843 0.32975
1.63791 -0.70091 0.32975
1.6613 -0.7005 0.32975
1.68042 -0.697272 0.32975
1.68821 -0.68746 0.32975
1.7091 -0.684723 0.32975
1.71591 -0.674161 0.32975
1.73417 -0.669536 0.32975
1.7462 -0.661464 0.32975
1.76892 -0.658588 0.32975
1.75844 -0.639145 0.32975
1.78563 -0.638017 0.32975
1.80293 -0.631814 0.32975
1.82932 -0.629504 0.32975
1.82745 -0.614172 0.32975
1.85385 -0.611282 0.32975
1.8665 -0.602117 0.32975
1.87817 -0.592394 0.32975
1.88606 -0.581015 0.32975
1.91155 -0.576506 0.32975
1.92492 -0.566938 0.32975
1.9448 -0.559631 0.32975
1.93741 -0.542102 0.32975
1.94774 -0.531087 0.32975
1.95137 -0.517653 0.32975
1.98239 -0.513399 0.32975
1.99442 -0.502462 0.32975
1.99588 -0.488045 0.32975
2.02877 -0.48329 0.32975
2.04156 -0.472034 0.32975
2.05907 -0.461968 0.32975
2.08232 -0.453236 0.32975
2.1036 -0.443616 0.32975
2.12193 -0.432907 0.32975
2.15087 -0.424573 0.32975
2.16715 -0.412732 0.32975
2.19602 -0.403562 0.32975
2.21119 -0.39089 0.32975
2.22823 -0.378399 0.32975
2.24518 -0.365641 0.32975
2.27186 -0.354523 0.32975
2.28964 -0.341327 0.32975
2.33292 -0.332363 0.32975
2.33871 -0.316396 0.32975
2.36313 -0.303327 0.32975
2.40328 -0.292219 0.32975
2.41467 -0.276398 0.32975
2.45171 -0.263793 0.32975
2.48073 -0.249588 0.32975
2.5037 -0.234218 0.32975
2.55141 -0.221078 0.32975
2.56123 -0.20348 0.32975
2.59878 -0.188169 0.32975
2.61829 -0.170806 0.32975
2.67656 -0.155836 0.32975
2.71776 -0.138825 0.32975
2.73586 -0.119902 0.32975
2.7618 -0.101022 0.32975
2.81556 -0.082677 0.32975
2.85218 -0.0629558 0.32975
2.87963 -0.0424446 0.32975
2.92891 -0.0216504 0.32975
2.967 0 0.32975
3.0149 0.0224009 0.32975
3.0556 0.0455156 0.32975
3.10809 0.0696571 0.32975
3.13636 0.0938798 0.32975
3.19039 0.119735 0.32975
3.25415 0.147064 0.32975
3.30267 0.174599 0.32975
3.34892 0.202852 0.32975
3.41283 0.233337 0.32975
3.47245 0.264605 0.32975
3.5397 0.297697 0.32975
3.59268 0.330519 0.32975
3.66817 0.366892 0.32975
3.7502 0.405459 0.32975
3.82387 0.444442 0.32975
3.908 0.486271 0.32975
3.9778 0.527531 0.32975
4.0738 0.574271 0.32975
4.17024 0.62289 0.32975
4.26019 0.672192 0.32975
4.3643 0.725844 0.32975
4.47562 0.782889 0.32975
4.59602 0.843925 0.32975
4.71957 0.90795 0.32975
4.85305 0.976575 0.32975
4.99441 1.04962 0.32975
5.14649 1.12801 0.32975
5.30142 1.21009 0.32975
5.47656 1.30047 0.32975
5.67366 1.40021 0.32975
5.86842 1.50322 0.32975
6.08676 1.61689 0.32975
6.31598 1.73817 0.32975
6.57504 1.87323 0.32975
6.77782 1.99578 0.32975
0.450853 0.000927051 0.32975
7.68371 2.42104 0.32975
7.93367 2.57752 0.32975
8.27569 2.77193 0.32975
9.1317 3.16061 0.32975
9.44848 3.36514 0.32975
10.0256 3.6765 0.32975
10.797 4.07659 0.32975
11.6827 4.53911 0.32975
12.8797 5.14939 0.32975
14.1249 5.80548 0.32975
15.6244 6.5989 0.32975
18.0146 7.82114 0.32975
0.448 0 0.32975
0.448 0 0.32975
34.3211 16.1566 0.32975
34.2112 16.4674 0.32975
19.0107 9.25504 0.32975
33.8848 17.0369 0.32975
33.7313 17.3262 0.32975
33.5656 17.6089 0.32975
33.4195 17.902 0.32975
33.2707 18.1939 0.32975
33.1351 18.4935 0.32975
0.448 0 0.32975
0.448 0 0.32975
18.6534 10.9389 0.32975
16.1562 9.62599 0.32975
14.2924 8.65093 0.32975
12.9918 7.99126 0.32975
12.0108 7.50894 0.32975
10.7423 6.81366 0.32975
10.1925 6.57275 0.32975
9.20764 6.02033 0.32975
8.59201 5.7025 0.32975
8.0323 5.40983 0.32975
7.55036 5.16017 0.32975
7.10393 4.92513 0.32975
6.75962 4.75614 0.32975
6.63298 4.7459 0.32975
5.98141 4.32317 0.32975
5.76191 4.22687 0.32975
5.52043 4.10757 0.32975
5.2722 3.97676 0.32975
5.05423 3.86508 0.32975
4.85303 3.76225 0.32975
4.66758 3.66803 0.32975
4.47813 3.56556 0.32975
4.31533 3.48216 0.32975
4.16388 3.40497 0.32975
4.02286 3.33361 0.32975
3.87902 3.25592 0.32975
3.74545 3.18431 0.32975
3.63195 3.12886 0.32975
3.50412 3.05612 0.32975
3.40934 3.01348 0.32975
3.29332 2.94642 0.32975
3.20899 2.90948 0.32975
3.1228 2.86837 0.32975
3.1105 2.90561 0.32975
3.10244 2.94806 0.32975
3.0839 2.97935 0.32975
3.04009 2.98186 0.32975
3.02826 3.02109 0.32975
3.00822 3.05116 0.32975
2.9974 3.09267 0.32975
2.97661 3.12257 0.32975
2.95673 3.15391 0.32975
2.63729 2.80217 0.32975
2.30594 2.42131 0.32975
2.25525 2.3983 0.32975
2.2176 2.39147 0.32975
2.16022 2.35667 0.32975
2.10939 2.32918 0.32975
2.0586 2.30018 0.32975
2.01298 2.27706 0.32975
1.969 2.25498 0.32975
1.92498 2.23148 0.32975
1.88748 2.21661 0.32975
1.85411 2.20716 0.32975
1.80777 2.17609 0.32975
1.76365 2.14695 0.32975
1.72581 2.12663 0.32975
1.69908 2.12392 0.32975
1.657 2.09405 0.32975
1.62046 2.07232 0.32975
1.5873 2.05536 0.32975
1.54976 2.02919 0.32975
1.51652 2.00959 0.32975
1.49432 2.00997 0.32975
1.4604 1.98694 0.32975
1.43187 1.97333 0.32975
1.40672 1.96566 0.32975
1.37317 1.93966 0.32975
1.34437 1.92228 0.32975
1.31844 1.91001 0.32975
1.28832 1.88738 0.32975
1.26544 1.87997 0.32975
1.24587 1.87967 0.32975
1.22064 1.86531 0.32975
1.18897 1.83397 0.32975
1.16304 1.81524 0.32975
1.14682 1.82048 0.32975
1.12005 1.79747 0.32975
1.10297 1.79951 0.32975
1.0829 1.7929 0.32975
1.05942 1.77568 0.32975
1.03946 1.76768 0.32975
1.01783 1.75375 0.32975
0.997089 1.74149 0.32975
0.976023 1.72709 0.32975
0.95866 1.72396 0.32975
0.937807 1.70816 0.32975
0.918874 1.69792 0.32975
0.900157 1.68747 0.32975
0.884162 1.68651 0.32975
0.86338 1.666 0.32975
0.846024 1.65789 0.32975
0.830417 1.65643 0.32975
0.814865 1.65482 0.32975
0.799579 1.65405 0.32975
0.778951 1.62667 0.32975
0.762453 1.61772 0.32975
0.746502 1.61057 0.32975
0.730526 1.60228 0.32975
0.715212 1.5968 0.32975
0.69939 1.58722 0.32975
0.686269 1.59429 0.32975
0.67012 1.58047 0.32975
0.654623 1.56946 0.32975
0.641163 1.57319 0.32975
0.625843 1.5609 0.32975
0.611064 1.55145 0.32975
0.595794 1.5349 0.32975
0.581958 1.53115 0.32975
0.568043 1.52528 0.32975
0.554169 1.51829 0.32975
0.540122 1.50619 0.32975
0.527184 1.51093 0.32975
0.513778 1.50656 0.32975
0.499756 1.4821 0.32975
0.487161 1.49549 0.32975
0.473812 1.47877 0.32975
0.460994 1.48894 0.32975
0.448 1.466 0.32975
0.435286 1.45694 0.32975
0.422711 1.44878 0.32975
0.410096 1.4475 0.32975
0.397849 1.43612 0.32975
0.38593 1.42165 0.32975
0.373683 1.41805 0.32975
0.360823 1.42534 0.32975
0.349643 1.40657 0.32975
0.336352 1.41861 0.32975
0.325807 1.39666 0.32975
0.312282 1.40948 0.32975
0.302496 1.38437 0.32975
0.290874 1.37908 0.32975
0.277261 1.39056 0.32975
0.267874 1.36819 0.32975
0.256637 1.36162 0.32975
0.245649 1.35396 0.32975
0.23259 1.36005 0.32975
0.22205 1.35022 0.32975
0.213575 1.32949 0.32975
0.198702 1.34509 0.32975
0.190599 1.32422 0.32975
0.180648 1.31408 0.32975
0.170022 1.30778 0.32975
0.154941 1.3219 0.32975
0.146791 1.30468 0.32975
0.137985 1.29131 0.32975
0.124551 1.29729 0.32975
0.113993 1.29151 0.32975
0.101441 1.29337 0.32975
0.0944435 1.27488 0.32975
0.0855369 1.26406 0.32975
0.0745199 1.26085 0.32975
0.0649932 1.25276 0.32975
0.0558798 1.24365 0.32975
0.043497 1.24493 0.32975
0.0316966 1.2442 0.32975
0.0237844 1.23201 0.32975
0.0137171 1.22638 0.32975
0.0033737 1.2216 0.32975
-0.0107717 1.22704 0.32975
-0.0171616 1.21179 0.32975
-0.0277185 1.20768 0.32975
-0.0382392 1.20348 0.32975
-0.0445134 1.18903 0.32975
0.0478915 0.942597 0.32975
0.0516437 0.911558 0.32975
0.0453306 0.90441 0.32975
0.0320625 0.912691 0.32975
0.0215781 0.914464 0.32975
0.021794 0.893559 0.32975
0.00831376 0.90149 0.32975
0.0089414 0.880615 0.32975
-0.00735237 0.89368 0.32975
-0.00913097 0.878141 0.32975
-0.0219409 0.883831 0.32975
-0.0205697 0.862999 0.32975
-0.0319617 0.865873 0.32975
-0.0498403 0.87993 0.32975
-0.0495001 0.861695 0.32975
-0.047865 0.841812 0.32975
-0.0289252 0.793737 0.32975
-0.0379236 0.792955 0.32975
-0.0458846 0.790381 0.32975
-0.0511512 0.783511 0.32975
-0.0639605 0.78835 0.32975
-0.0779961 0.794693 0.32975
-0.0882661 0.795047 0.32975
-0.09575 0.791161 0.32975
-0.114105 0.802769 0.32975
-0.105991 0.776666 0.32975
-0.106281 0.762903 0.32975
-0.192624 0.865754 0.32975
-0.322323 1.02225 0.32975
-0.175372 0.812394 0.32975
-0.0943976 0.694238 0.32975
-0.102926 0.692608 0.32975
-0.11713 0.697877 0.32975
-0.11811 0.686746 0.32975
-0.134366 0.694036 0.32975
-0.137802 0.685886 0.32975
-0.145733 0.683012 0.32975
-0.160285 0.687541 0.32975
-0.156225 0.67106 0.32975
-0.171516 0.676083 0.32975
-0.164434 0.656756 0.32975
-0.170831 0.652111 0.32975
-0.186918 0.657476 0.32975
-0.194734 0.654051 0.32975
-0.186275 0.634275 0.32975
