0.445879 -0.00212132 0.32975
0.448 0 0.32975
0.445916 -0.00215802 0.32975
0.448 0 0.32975
-2.117 -2.75062 0.32975
0.445973 -0.00221183 0.32975
-2.0057 -2.72511 0.32975
-1.97918 -2.74342 0.32975
-1.97679 -2.78941 0.32975
-1.86728 -2.71085 0.32975
0.446072 -0.00229813 0.32975
0.446092 -0.00231487 0.32975
-1.7156 -2.67183 0.32975
-6.62065 -8.88652 0.32975
-1.62986 -2.65954 0.32975
-1.58709 -2.65218 0.32975
-6.53486 -9.26657 0.32975
-1.48636 -2.61414 0.32975
-1.46524 -2.63335 0.32975
-6.47456 -9.70507 0.32975
-1.36278 -2.58606 0.32975
-1.33788 -2.59847 0.32975
-6.38422 -10.1292 0.32975
-6.33144 -10.2426 0.32975
-1.22677 -2.57891 0.32975
-1.23858 -2.64741 0.32975
-1.22919 -2.68407 0.32975
-1.1033 -2.53149 0.32975
-1.09093 -2.56122 0.32975
-6.15152 -11.2038 0.32975
-6.0895 -11.3233 0.32975
-0.975104 -2.51533 0.32975
-6.03293 -11.6919 0.32975
-6.01511 -11.9036 0.32975
-0.885769 -2.50845 0.32975
-0.855055 -2.50314 0.32975
-0.630227 -2.11614 0.32975
-0.55773 -2.01718 0.32975
-0.529129 -2.00341 0.32975
-0.502138 -1.99201 0.32975
-0.487254 -2.00566 0.32975
-0.462666 -1.99828 0.32975
-0.439499 -1.99336 0.32975
-0.418482 -1.99277 0.32975
-0.392463 -1.98001 0.32975
-0.370942 -1.9771 0.32975
-0.352534 -1.98139 0.32975
-0.324584 -1.96132 0.32975
-0.304214 -1.95959 0.32975
-0.281482 -1.95109 0.32975
-0.266138 -1.96208 0.32975
-0.241311 -1.94655 0.32975
-0.216159 -1.92886 0.32975
-0.200888 -1.93932 0.32975
-0.179923 -1.93255 0.32975
-0.154013 -1.90934 0.32975
-0.137621 -1.91548 0.32975
-0.121451 -1.92243 0.32975
-0.10107 -1.91483 0.32975
-0.0848735 -1.92148 0.32975
-0.0667911 -1.92123 0.32975
-0.0459996 -1.91016 0.32975
-0.0242315 -1.89402 0.32975
-0.00511749 -1.88737 0.32975
0.0131695 -1.88346 0.32975
0.0302715 -1.88425 0.32975
0.0436119 -1.9025 0.32975
0.0532515 -1.94025 0.32975
0.0604669 -1.99368 0.32975
0.0678565 -2.05107 0.32975
0.0793449 -2.09075 0.32975
0.0924876 -2.12446 0.32975
0.102123 -2.18378 0.32975
0.113212 -2.24012 0.32975
0.127484 -2.28059 0.32975
0.14048 -2.33584 0.32975
0.151858 -2.41189 0.32975
0.163747 -2.49486 0.32975
0.052255 -3.76526 0.32975
0.0701757 -3.92385 0.32975
0.0922302 -4.06647 0.32975
0.119963 -4.16811 0.32975
0.146094 -4.31746 0.32975
0.175662 -4.45268 0.32975
0.206888 -4.60069 0.32975
0.240459 -4.75347 0.32975
0.275841 -4.93 0.32975
0.313765 -5.12624 0.32975
0.355188 -5.31719 0.32975
0.39969 -5.53579 0.32975
0.448 -5.765 0.32975
0.50049 -6.01477 0.32975
0.557723 -6.28604 0.32975
0.620218 -6.57675 0.32975
0.689435 -6.91379 0.32975
0.765899 -7.28106 0.32975
0.850987 -7.68945 0.32975
0.943042 -8.09387 0.32975
1.05411 -8.66783 0.32975
1.13507 -8.73001 0.32975
1.21 -8.70973 0.32975
1.28349 -8.67687 0.32975
1.36513 -8.72593 0.32975
1.46955 -8.96599 0.32975
1.54714 -8.95177 0.32975
1.62274 -8.923 0.32975
1.70167 -8.92033 0.32975
1.77695 -8.89224 0.32975
1.85513 -8.88426 0.32975
1.93178 -8.86671 0.32975
2.00771 -8.84554 0.32975
2.08484 -8.8316 0.32975
2.16299 -8.82286 0.32975
2.24012 -8.80854 0.32975
2.31817 -8.79844 0.32975
2.39552 -8.78471 0.32975
2.46986 -8.75764 0.32975
2.54691 -8.74258 0.32975
2.62675 -8.73848 0.32975
2.70067 -8.71042 0.32975
2.77996 -8.70299 0.32975
2.85769 -8.68906 0.32975
2.93452 -8.67154 0.32975
3.01237 -8.65718 0.32975
3.09162 -8.64691 0.32975
3.16638 -8.6216 0.32975
3.25171 -8.62894 0.32975
1.86984 -4.24944 0.32975
1.78153 -3.87284 0.32975
1.78289 -3.76962 0.32975
1.81334 -3.75125 0.32975
1.92552 -3.95182 0.32975
2.20257 -4.57081 0.32975
2.18485 -4.40925 0.32975
2.00861 -3.86265 0.32975
2.0767 -3.93203 0.32975
2.26451 -4.27943 0.32975
2.18814 -4.00205 0.32975
2.14043 -3.80126 0.32975
2.10926 -3.6453 0.32975
2.17524 -3.70408 0.32975
2.38315 -4.05712 0.32975
2.53158 -4.27197 0.32975
2.57904 -4.27421 0.32975
2.61353 -4.2501 0.32975
2.65747 -4.24435 0.32975
2.70052 -4.23638 0.32975
2.74218 -4.22535 0.32975
2.78478 -4.21567 0.32975
2.82887 -4.20817 0.32975
2.872 -4.19849 0.32975
2.91616 -4.1901 0.32975
2.96139 -4.18298 0.32975
3.00511 -4.17282 0.32975
3.05202 -4.16731 0.32975
3.0942 -4.1537 0.32975
3.13416 -4.13632 0.32975
3.19113 -4.14441 0.32975
3.23781 -4.13607 0.32975
3.28513 -4.12805 0.32975
3.33309 -4.12034 0.32975
3.38461 -4.11698 0.32975
3.44159 -4.12032 0.32975
3.48814 -4.10851 0.32975
3.54133 -4.10499 0.32975
3.59956 -4.10719 0.32975
3.66237 -4.1142 0.32975
3.69192 -4.07817 0.32975
3.71732 -4.03727 0.32975
3.78932 -4.05334 0.32975
3.88627 -4.09757 0.32975
3.88813 -4.02787 0.32975
3.92511 -3.99996 0.32975
3.95326 -3.96198 0.32975
3.90205 -3.83611 0.32975
3.88811 -3.75422 0.32975
3.88595 -3.68675 0.32975
3.86912 -3.60511 0.32975
3.85599 -3.52908 0.32975
3.8418 -3.45356 0.32975
3.81595 -3.36795 0.32975
3.81026 -3.30409 0.32975
3.78646 -3.22391 0.32975
3.7869 -3.1685 0.32975
3.75884 -3.08741 0.32975
3.75174 -3.02732 0.32975
3.74608 -2.9696 0.32975
3.73966 -2.91222 0.32975
3.71589 -2.84074 0.32975
3.6995 -2.77704 0.32975
3.68837 -2.71899 0.32975
3.67802 -2.66262 0.32975
3.66927 -2.60853 0.32975
3.65513 -2.55107 0.32975
3.63708 -2.49158 0.32975
3.6349 -2.44539 0.32975
3.62657 -2.39522 0.32975
3.616 -2.3442 0.32975
3.60155 -2.29119 0.32975
3.59049 -2.24151 0.32975
3.58863 -2.19909 0.32975
3.58298 -2.15461 0.32975
2.78506 -1.57636 0.32975
2.57608 -1.40854 0.32975
2.55055 -1.36541 0.32975
2.54804 -1.33788 0.32975
2.56897 -1.32533 0.32975
2.57278 -1.30207 0.32975
2.6012 -1.29378 0.32975
2.61931 -1.279 0.32975
2.62692 -1.258 0.32975
2.64043 -1.24042 0.32975
2.67216 -1.23287 0.32975
2.68547 -1.21485 0.32975
2.69245 -1.1934 0.32975
2.72584 -1.18577 0.32975
2.74769 -1.17175 0.32975
2.75872 -1.15208 0.32975
2.79205 -1.14327 0.32975
2.80916 -1.12622 0.32975
2.82978 -1.11064 0.32975
2.84939 -1.09438 0.32975
2.85702 -1.07256 0.32975
2.88463 -1.05948 0.32975
2.90759 -1.04403 0.32975
2.93601 -1.03057 0.32975
2.95047 -1.01106 0.32975
2.97874 -0.996883 0.32975
2.99201 -0.976553 0.32975
3.01074 -0.958167 0.32975
3.05471 -0.948764 0.32975
3.06666 -0.927315 0.32975
3.08316 -0.907358 0.32975
3.09477 -0.885597 0.32975
3.13569 -0.873282 0.32975
3.15656 -0.854004 0.32975
3.18112 -0.835598 0.32975
3.21611 -0.819952 0.32975
3.27411 -0.810374 0.32975
3.45549 -0.834051 0.32975
3.64425 -0.856432 0.32975
4.36513 -1.01304 0.32975
4.45532 -0.999138 0.32975
4.54654 -0.983973 0.32975
4.60759 -0.960316 0.32975
4.64021 -0.929392 0.32975
4.73131 -0.910445 0.32975
4.79691 -0.884795 0.32975
4.90066 -0.86551 0.32975
4.98277 -0.84047 0.32975
5.09531 -0.819446 0.32975
5.21768 -0.79817 0.32975
5.31928 -0.771535 0.32975
5.44945 -0.747473 0.32975
5.58353 -0.721751 0.32975
5.71257 -0.693094 0.32975
5.83852 -0.661873 0.32975
5.99511 -0.632014 0.32975
6.14959 -0.599262 0.32975
6.30392 -0.56386 0.32975
6.47398 -0.527205 0.32975
6.66478 -0.489271 0.32975
6.8384 -0.44686 0.32975
7.05465 -0.404081 0.32975
7.26664 -0.35735 0.32975
7.50727 -0.308215 0.32975
7.74255 -0.254732 0.32975
8.00941 -0.198003 0.32975
8.3018 -0.13709 0.32975
8.60869 -0.0712169 0.32975
8.934 0 0.32975
9.26966 0.0769851 0.32975
9.6566 0.160736 0.32975
9.99973 0.250122 0.32975
10.8776 0.364212 0.32975
11.1518 0.467338 0.32975
11.5867 0.583755 0.32975
12.5474 0.740029 0.32975
13.0412 0.880607 0.32975
13.8276 1.053 0.32975
14.7514 1.25138 0.32975
15.8129 1.47947 0.32975
17.147 1.75514 0.32975
18.5141 2.05838 0.32975
20.4736 2.45884 0.32975
0.448 0 0.32975
0.448 0 0.32975
0.448 0 0.32975
0.448 0 0.32975
40.2466 6.66 0.32975
40.2017 7.00965 0.32975
40.0781 7.345 0.32975
40.0154 7.69112 0.32975
39.9419 8.03513 0.32975
39.8595 8.37718 0.32975
39.7966 8.72338 0.32975
39.7385 9.07092 0.32975
0.448 0 0.32975
0.448 0 0.32975
15.5598 3.90818 0.32975
13.602 3.5246 0.32975
11.5567 3.08072 0.32975
10.027 2.74673 0.32975
9.07162 2.55443 0.32975
8.18068 2.36412 0.32975
7.47022 2.2141 0.32975
6.89331 2.09421 0.32975
2.89467 0.818646 0.32975
2.65673 0.760527 0.32975
2.44546 0.707337 0.32975
2.34994 0.692249 0.32975
2.2614 0.678001 0.32975
2.20033 0.672657 0.32975
2.12554 0.660802 0.32975
2.05296 0.648444 0.32975
2.04724 0.662425 0.32975
2.06165 0.684951 0.32975
2.04827 0.695817 0.32975
2.15176 0.758564 0.32975
2.87123 1.10433 0.32975
2.87147 1.13008 0.32975
2.87054 1.15549 0.32975
2.86306 1.1779 0.32975
2.85627 1.20072 0.32975
2.84837 1.22305 0.32975
2.77906 1.21348 0.32975
2.69422 1.19434 0.32975
2.61604 1.17715 0.32975
2.54184 1.16063 0.32975
2.48028 1.14981 0.32975
2.41648 1.1365 0.32975
2.36426 1.12877 0.32975
2.29091 1.10733 0.32975
2.24366 1.10038 0.32975
2.19668 1.09269 0.32975
2.1449 1.08105 0.32975
2.08592 1.06368 0.32975
2.04156 1.05475 0.32975
2.00079 1.04737 0.32975
1.96686 1.04389 0.32975
1.92002 1.03072 0.32975
1.87433 1.01739 0.32975
1.84598 1.01569 0.32975
1.79366 0.995733 0.32975
1.76894 0.995402 0.32975
1.72689 0.981323 0.32975
1.70251 0.980133 0.32975
1.66652 0.969255 0.32975
1.63315 0.959714 0.32975
1.6093 0.957298 0.32975
1.57868 0.948754 0.32975
1.56047 0.950143 0.32975
1.53856 0.948005 0.32975
1.50927 0.938933 0.32975
1.48543 0.934106 0.32975
1.44849 0.916776 0.32975
1.43021 0.915924 0.32975
1.41057 0.913446 0.32975
1.3817 0.901667 0.32975
1.36096 0.897164 0.32975
1.33754 0.88954 0.32975
1.32133 0.88871 0.32975
1.30868 0.891262 0.32975
1.28504 0.882055 0.32975
1.27595 0.887863 0.32975
1.25398 0.879572 0.32975
1.23021 0.868736 0.32975
1.22327 0.876278 0.32975
1.19722 0.861878 0.32975
1.19487 0.874467 0.32975
1.17756 0.869461 0.32975
1.15596 0.858818 0.32975
1.13585 0.849421 0.32975
1.12094 0.845999 0.32975
1.10614 0.842383 0.32975
1.09146 0.838575 0.32975
1.08291 0.84256 0.32975
1.06305 0.831188 0.32975
1.05577 0.836524 0.32975
1.04206 0.83284 0.32975
1.02502 0.824067 0.32975
1.0178 0.829071 0.32975
1.00328 0.823234 0.32975
0.986691 0.813873 0.32975
0.974666 0.810995 0.32975
0.968106 0.816403 0.32975
0.951953 0.806494 0.32975
0.943329 0.808303 0.32975
0.925955 0.795451 0.32975
0.915443 0.793561 0.32975
0.907 0.795011 0.32975
0.896598 0.792894 0.32975
0.888692 0.795029 0.32975
0.873626 0.783905 0.32975
0.871933 0.797302 0.32975
0.852953 0.777909 0.32975
0.848874 0.786759 0.32975
0.834854 0.775908 0.32975
0.826314 0.775659 0.32975
0.813934 0.767198 0.32975
0.810606 0.777612 0.32975
0.801319 0.775287 0.32975
0.789659 0.767378 0.32975
0.779361 0.762077 0.32975
0.770353 0.759417 0.32975
0.762566 0.759429 0.32975
0.754428 0.758436 0.32975
0.744133 0.751777 0.32975
0.739712 0.759934 0.32975
0.725714 0.742781 0.32975
0.721616 0.751754 0.32975
0.710038 0.739974 0.32975
0.70292 0.740341 0.32975
0.69645 0.742537 0.32975
0.690269 0.745628 0.32975
0.680145 0.736269 0.32975
0.675465 0.744005 0.32975
0.666976 0.73925 0.32975
0.659965 0.73921 0.32975
0.650567 0.730432 0.32975
0.642632 0.726376 0.32975
0.636286 0.728047 0.32975
0.630651 0.732573 0.32975
0.621917 0.724416 0.32975
0.614914 0.722983 0.32975
0.607732 0.720506 0.32975
0.601855 0.723829 0.32975
0.593539 0.715345 0.32975
0.588817 0.724441 0.32975
0.580121 0.71286 0.32975
0.573721 0.713001 0.32975
0.567329 0.713084 0.32975
0.562354 0.722 0.32975
0.553684 0.707146 0.32975
0.546395 0.70012 0.32975
0.541065 0.7069 0.32975
0.53599 0.716618 0.32975
0.528261 0.704442 0.32975
0.522529 0.709094 0.32975
0.515763 0.703745 0.32975
0.510142 0.710287 0.32975
0.503235 0.70183 0.32975
0.49662 0.695302 0.32975
0.489635 0.680728 0.32975
0.48474 0.701038 0.32975
0.477748 0.681351 0.32975
0.471871 0.683583 0.32975
0.466062 0.689764 0.32975
0.459903 0.681896 0.32975
0.453952 0.681974 0.32975
0.448 0.69 0.32975
0.442084 0.677974 0.32975
0.43594 0.690895 0.32975
0.430252 0.677768 0.32975
0.424233 0.680585 0.32975
0.418121 0.684348 0.32975
0.41147 0.697043 0.32975
0.406792 0.673741 0.32975
0.400705 0.676348 0.32975
0.395589 0.665941 0.32975
0.388647 0.678409 0.32975
0.3834 0.670897 0.32975
0.376503 0.680253 0.32975
0.370456 0.680597 0.32975
0.365616 0.670961 0.32975
0.358851 0.677157 0.32975
0.354615 0.66447 0.32975
0.347342 0.67352 0.32975
0.343033 0.662739 0.32975
0.337418 0.660811 0.32975
0.331135 0.662776 0.32975
0.326996 0.652881 0.32975
0.319967 0.658672 0.32975
0.310436 0.676148 0.32975
0.307244 0.662206 0.32975
0.299955 0.667786 0.32975
0.295483 0.660623 0.32975
0.293693 0.642737 0.32975
0.287122 0.645247 0.32975
0.280245 0.648659 0.32975
0.270968 0.660693 0.32975
0.269217 0.644669 0.32975
0.257259 0.665193 0.32975
0.25629 0.647203 0.32975
0.250357 0.646462 0.32975
0.245324 0.642805 0.32975
0.237869 0.646719 0.32975
0.230329 0.65055 0.32975
0.226614 0.642953 0.32975
0.223014 0.63534 0.32975
0.213716 0.643689 0.32975
0.215462 0.62195 0.32975
0.208969 0.622698 0.32975
0.201711 0.625241 0.32975
0.196639 0.62214 0.32975
0.188923 0.625466 0.32975
0.177223 0.63791 0.32975
0.16768 0.644693 0.32975
0.160844 0.644963 0.32975
0.152738 0.647892 0.32975
0.149631 0.639853 0.32975
0.141907 0.641738 0.32975
0.140263 0.630953 0.32975
0.136108 0.625559 0.32975
0.137471 0.609448 0.32975
0.130317 0.610264 0.32975
0.124065 0.609234 0.32975
0.113035 0.61693 0.32975
0.112512 0.605237 0.32975
0.101826 0.61186 0.32975
0.096 0.609682 0.32975
0.0856176 0.615203 0.32975
0.0756275 0.619732 0.32975
0.0738911 0.61049 0.32975
0.0659283 0.611443 0.32975
0.0654428 0.600495 0.32975
0.057494 0.601327 0.32975
0.0483975 0.603733 0.32975
0.0409075 0.603539 0.32975
0.0373554 0.597491 0.32975
0.0224063 0.607811 0.32975
0.0211833 0.598375 0.32975
0.0148023 0.596246 0.32975
0.0108053 0.590835 0.32975
0.00024967 0.594185 0.32975
-0.00491838 0.590255 0.32975
-0.0149773 0.592584 0.32975
-0.0213761 0.590086 0.32975
-0.0258784 0.585191 0.32975
-0.0335113 0.58412 0.32975
-0.0469465 0.589854 0.32975
-0.0572706 0.591596 0.32975
-0.0597896 0.584145 0.32975
-0.0661931 0.58119 0.32975
-0.0819513 0.588571 0.32975
-0.0836893 0.580237 0.32975
-0.0989625 0.586546 0.32975
-0.0861632 0.56289 0.32975
-0.117452 0.585543 0.32975
-0.111326 0.569174 0.32975
-0.11415 0.56215 0.32975
