-0.461339 -0.909339 0.32975
-0.435146 -0.898695 0.32975
-0.427964 -0.907087 0.32975
-0.408313 -0.902366 0.32975
-0.39154 -0.900296 0.32975
-0.381625 -0.905377 0.32975
-0.372354 -0.911095 0.32975
-0.361059 -0.914475 0.32975
-0.343863 -0.910935 0.32975
-0.331338 -0.912487 0.32975
-0.32206 -0.917721 0.32975
-0.305117 -0.913603 0.32975
-0.288934 -0.910038 0.32975
-0.279097 -0.914086 0.32975
-0.264936 -0.912516 0.32975
-0.25999 -0.92267 0.32975
-0.247698 -0.923223 0.32975
-0.224745 -0.909162 0.32975
-0.230892 -0.934415 0.32975
-0.206452 -0.917508 0.32975
-0.199568 -0.924823 0.32975
-0.185809 -0.922197 0.32975
-0.1755 -0.924377 0.32975
-0.16189 -0.921444 0.32975
-0.151648 -0.923376 0.32975
-0.138194 -0.92014 0.32975
-0.128022 -0.921828 0.32975
-0.127271 -0.938757 0.32975
-0.119572 -0.944598 0.32975
-0.104202 -0.937453 0.32975
-0.0965001 -0.943102 0.32975
-0.0774161 -0.92867 0.32975
-0.0809272 -0.95421 0.32975
-0.0577882 -0.931546 0.32975
-0.0463536 -0.929744 0.32975
-0.0428388 -0.942892 0.32975
-0.02642 -0.931102 0.32975
-0.023631 -0.945946 0.32975
-0.00483738 -0.928454 0.32975
0.0067261 -0.92515 0.32975
0.0114353 -0.936216 0.32975
0.0229394 -0.93271 0.32975
0.0343489 -0.929076 0.32975
0.0456622 -0.925314 0.32975
0.0521893 -0.932471 0.32975
0.0584283 -0.940509 0.32975
0.075641 -0.921621 0.32975
0.0873628 -0.915531 0.32975
0.0939325 -0.922377 0.32975
0.103746 -0.920749 0.32975
0.111452 -0.924658 0.32975
0.115195 -0.939814 0.32975
0.125362 -0.937009 0.32975
0.136407 -0.931254 0.32975
0.143618 -0.936791 0.32975
0.154511 -0.930828 0.32975
0.159721 -0.942916 0.32975
0.171653 -0.932932 0.32975
0.175395 -0.950688 0.32975
0.186641 -0.942431 0.32975
0.192287 -0.954335 0.32975
0.205382 -0.938135 0.32975
0.214062 -0.938276 0.32975
0.223192 -0.936392 0.32975
0.229797 -0.945139 0.32975
0.237621 -0.94896 0.32975
0.248613 -0.938044 0.32975
0.255211 -0.947587 0.32975
0.266922 -0.931564 0.32975
0.270503 -0.95769 0.32975
0.281819 -0.942461 0.32975
0.290049 -0.943875 0.32975
0.298762 -0.942255 0.32975
0.307285 -0.941543 0.32975
0.315646 -0.941745 0.32975
0.322956 -0.949804 0.32975
0.330762 -0.954829 0.32975
0.340457 -0.943893 0.32975
0.347757 -0.953746 0.32975
0.355892 -0.956576 0.32975
0.362675 -0.975275 0.32975
0.372601 -0.958038 0.32975
0.381243 -0.954669 0.32975
0.389393 -0.958209 0.32975
0.39781 -0.957686 0.32975
0.405602 -0.971075 0.32975
0.414217 -0.96741 0.32975
0.422975 -0.955672 0.32975
0.431298 -0.956854 0.32975
0.439675 -0.953964 0.32975
0.448 -0.953 0.32975
0.456325 -0.953964 0.32975
0.464667 -0.954855 0.32975
0.473392 -0.969668 0.32975
0.481713 -0.965412 0.32975
0.489831 -0.958087 0.32975
0.498138 -0.956687 0.32975
0.50624 -0.952221 0.32975
0.514827 -0.955666 0.32975
0.522693 -0.949065 0.32975
0.532977 -0.97129 0.32975
0.540491 -0.960557 0.32975
0.549288 -0.963692 0.32975
0.559505 -0.978668 0.32975
0.568163 -0.978651 0.32975
0.576046 -0.972607 0.32975
0.583833 -0.966502 0.32975
0.591819 -0.962312 0.32975
0.603496 -0.981762 0.32975
0.611562 -0.977409 0.32975
0.619564 -0.97299 0.32975
0.627138 -0.96654 0.32975
0.637473 -0.974756 0.32975
0.644976 -0.968166 0.32975
0.652793 -0.963475 0.32975
0.661626 -0.963604 0.32975
0.6761 -0.988011 0.32975
0.682846 -0.978204 0.32975
0.694035 -0.986791 0.32975
0.697879 -0.966211 0.32975
0.711995 -0.985244 0.32975
0.722187 -0.988685 0.32975
0.734387 -0.998751 0.32975
0.73798 -0.978955 0.32975
0.748558 -0.983081 0.32975
0.756825 -0.979467 0.32975
0.767215 -0.982441 0.32975
0.780535 -0.993843 0.32975
0.788544 -0.989012 0.32975
0.799499 -0.992601 0.32975
0.813277 -1.00359 0.32975
0.815718 -0.983506 0.32975
0.827512 -0.988662 0.32975
0.841256 -0.998338 0.32975
0.851826 -0.999504 0.32975
0.860915 -0.996866 0.32975
0.869599 -0.993225 0.32975
0.881041 -0.995927 0.32975
0.897851 -1.01038 0.32975
0.903333 -0.999138 0.32975
0.916684 -1.0051 0.32975
0.933616 -1.01812 0.32975
0.945551 -1.02013 0.32975
0.95265 -1.01217 0.32975
0.956923 -0.998818 0.32975
0.982243 -1.02627 0.32975
0.990709 -1.02069 0.32975
0.994347 -1.00625 0.32975
1.00359 -1.00231 0.32975
1.02758 -1.02441 0.32975
1.03 -1.00805 0.32975
1.03827 -1.00207 0.32975
1.05832 -1.01574 0.32975
1.06612 -1.00867 0.32975
1.09079 -1.02868 0.32975
1.09491 -1.01544 0.32975
1.11736 -1.03073 0.32975
1.12081 -1.01651 0.32975
1.13972 -1.02552 0.32975
1.15374 -1.02686 0.32975
1.16153 -1.01903 0.32975
1.1762 -1.0209 0.32975
1.19684 -1.03069 0.32975
1.20461 -1.02251 0.32975
1.22494 -1.03104 0.32975
1.23695 -1.02819 0.32975
1.25267 -1.02993 0.32975
1.26598 -1.02835 0.32975
1.27807 -1.02506 0.32975
1.30734 -1.04246 0.32975
1.31126 -1.0288 0.32975
1.328 -1.03035 0.32975
1.33893 -1.0249 0.32975
1.36175 -1.03281 0.32975
1.37541 -1.03 0.32975
1.3945 -1.03293 0.32975
1.41576 -1.03779 0.32975
1.42684 -1.03148 0.32975
1.46012 -1.04808 0.32975
1.46993 -1.03992 0.32975
1.47967 -1.03167 0.32975
1.5029 -1.03664 0.32975
1.5191 -1.03435 0.32975
1.53606 -1.03253 0.32975
1.55527 -1.03255 0.32975
1.58193 -1.03906 0.32975
1.59839 -1.03581 0.32975
1.62985 -1.04561 0.32975
1.64648 -1.04182 0.32975
1.66617 -1.04042 0.32975
1.69052 -1.0426 0.32975
1.71346 -1.04317 0.32975
1.73729 -1.04404 0.32975
1.76591 -1.04831 0.32975
1.78525 -1.04478 0.32975
1.9157 -1.12621 0.32975
2.50369 -1.54907 0.32975
2.51552 -1.52988 0.32975
9.27033 -6.4098 0.32975
2.64123 -1.56441 0.32975
2.65889 -1.54808 0.32975
9.26945 -6.06281 0.32975
2.7577 -1.55791 0.32975
2.79622 -1.55425 0.32975
2.92459 -1.60832 0.32975
2.89974 -1.56193 0.32975
9.28636 -5.52282 0.32975
3.01359 -1.5722 0.32975
3.07693 -1.57962 0.32975
3.16644 -1.60128 0.32975
3.17252 -1.573 0.32975
3.26969 -1.59644 0.32975
3.28702 -1.57369 0.32975
3.40698 -1.60659 0.32975
3.4721 -1.60794 0.32975
3.54278 -1.61104 0.32975
3.65919 -1.63618 0.32975
3.67782 -1.61033 0.32975
3.78702 -1.62855 0.32975
3.92025 -1.65618 0.32975
3.93275 -1.62497 0.32975
4.04963 -1.64136 0.32975
4.16613 -1.65542 0.32975
4.28039 -1.66637 0.32975
4.37027 -1.66491 0.32975
4.48258 -1.67118 0.32975
4.61198 -1.68236 0.32975
4.73164 -1.68737 0.32975
4.85917 -1.69329 0.32975
4.99273 -1.69921 0.32975
5.14646 -1.7101 0.32975
5.33183 -1.72945 0.32975
5.50085 -1.73984 0.32975
5.6524 -1.74137 0.32975
5.87758 -1.76418 0.32975
6.05299 -1.76725 0.32975
6.27381 -1.78113 0.32975
6.49048 -1.78987 0.32975
6.77983 -1.81562 0.32975
7.04116 -1.82845 0.32975
7.35147 -1.84978 0.32975
7.67522 -1.86909 0.32975
8.01825 -1.88748 0.32975
8.43505 -1.91752 0.32975
8.82856 -1.9348 0.32975
8.87832 -1.86896 0.32975
8.88452 -1.79324 0.32975
8.87339 -1.71417 0.32975
8.88509 -1.64 0.32975
8.88826 -1.56431 0.32975
8.96462 -1.50171 0.32975
9.6461 -1.53923 0.32975
10.6419 -1.61456 0.32975
11.7149 -1.68385 0.32975
12.8204 -1.73883 0.32975
12.6071 -1.60077 0.32975
12.2206 -1.44549 0.32975
12.2695 -1.34689 0.32975
17.6105 -1.80385 0.32975
17.6186 -1.65334 0.32975
17.6363 -1.50378 0.32975
17.6528 -1.35405 0.32975
17.642 -1.20232 0.32975
17.6628 -1.05291 0.32975
17.6624 -0.902166 0.32975
17.6786 -0.752303 0.32975
17.6985 -0.602401 0.32975
17.6891 -0.451475 0.32975
17.7144 -0.301388 0.32975
17.7133 -0.150672 0.32975
17.73 0 0.32975
17.7263 0.150785 0.32975
17.7334 0.301715 0.32975
12.6058 0.318365 0.32975
12.3418 0.415339 0.32975
12.4665 0.524741 0.32975
13.0867 0.662363 0.32975
12.4765 0.735695 0.32975
11.6506 0.783366 0.32975
10.9416 0.825861 0.32975
10.3472 0.866066 0.32975
9.79278 0.899799 0.32975
9.27339 0.927584 0.32975
9.03743 0.978642 0.32975
9.03948 1.0549 0.32975
9.0359 1.13062 0.32975
9.0356 1.20691 0.32975
9.06431 1.28771 0.32975
9.032 1.35957 0.32975
8.74759 1.38888 0.32975
8.43184 1.40777 0.32975
8.15082 1.42763 0.32975
7.84358 1.43755 0.32975
7.61027 1.45718 0.32975
7.38894 1.47534 0.32975
7.16687 1.48954 0.32975
6.93048 1.4966 0.32975
6.74993 1.51296 0.32975
6.57348 1.52725 0.32975
6.4176 1.54384 0.32975
6.22424 1.54774 0.32975
6.08042 1.56201 0.32975
5.92335 1.57003 0.32975
5.77808 1.57884 0.32975
5.67325 1.59752 0.32975
5.53608 1.60427 0.32975
5.40586 1.6109 0.32975
5.28255 1.61762 0.32975
5.1425 1.61645 0.32975
5.03678 1.62497 0.32975
4.93973 1.63486 0.32975
4.86535 1.65158 0.32975
4.76861 1.65853 0.32975
4.65349 1.65659 0.32975
4.52761 1.64827 0.32975
4.50014 1.67845 0.32975
4.39236 1.67428 0.32975
4.26939 1.66159 0.32975
4.27941 1.70585 0.32975
4.13607 1.68075 0.32975
4.1412 1.72217 0.32975
4.0078 1.69794 0.32975
3.92633 1.6965 0.32975
3.88544 1.71385 0.32975
3.77502 1.6952 0.32975
3.76453 1.72648 0.32975
3.65133 1.70324 0.32975
3.61526 1.71968 0.32975
3.54153 1.71477 0.32975
3.50121 1.72742 0.32975
3.53365 1.7815 0.32975
3.38616 1.73071 0.32975
3.40008 1.77379 0.32975
3.26683 1.72738 0.32975
3.23214 1.73972 0.32975
9.43349 5.72439 0.32975
3.12252 1.73685 0.32975
3.10726 1.76013 0.32975
0.450487 0.00167758 0.32975
2.98631 1.74453 0.32975
0.450457 0.00172073 0.32975
9.83394 6.69493 0.32975
2.8613 1.75336 0.32975
9.66181 6.81786 0.32975
9.57321 6.87634 0.32975
2.7392 1.7581 0.32975
2.74111 1.79158 0.32975
2.78017 1.85509 0.32975
2.64655 1.78035 0.32975
2.59697 1.77148 0.32975
9.9255 7.95257 0.32975
9.893 8.06679 0.32975
2.4744 1.76152 0.32975
2.46644 1.78576 0.32975
9.58051 8.22294 0.32975
9.55927 8.34894 0.32975
1.94947 1.40014 0.32975
1.93067 1.407 0.32975
1.89387 1.39626 0.32975
1.88377 1.41093 0.32975
1.85939 1.41139 0.32975
1.84001 1.41652 0.32975
1.81023 1.41063 0.32975
1.77997 1.4036 0.32975
1.76903 1.41663 0.32975
1.74446 1.41484 0.32975
1.71868 1.41123 0.32975
1.69571 1.41028 0.32975
1.67155 1.40753 0.32975
1.65078 1.40827 0.32975
1.63523 1.41488 0.32975
1.62156 1.42365 0.32975
1.60343 1.42684 0.32975
1.58098 1.42435 0.32975
1.55681 1.41921 0.32975
1.54012 1.42328 0.32975
1.52224 1.42556 0.32975
1.50857 1.43328 0.32975
1.48133 1.42225 0.32975
1.45958 1.41819 0.32975
1.4443 1.42287 0.32975
1.42562 1.42244 0.32975
1.40702 1.4218 0.32975
1.38795 1.42011 0.32975
1.3728 1.42406 0.32975
1.36624 1.44136 0.32975
1.35204 1.44677 0.32975
1.34252 1.45972 0.32975
1.35653 1.51204 0.32975
1.35649 1.54232 0.32975
1.347 1.55711 0.32975
1.36243 1.61625 0.32975
1.3512 1.62942 0.32975
1.35078 1.66272 0.32975
1.35596 1.70762 0.32975
1.36457 1.76072 0.32975
1.36234 1.79449 0.32975
1.36538 1.83999 0.32975
1.36157 1.87309 0.32975
1.37102 1.93514 0.32975
1.38156 2.00203 0.32975
1.38728 2.06106 0.32975
1.79877 3.03388 0.32975
1.83166 3.1822 0.32975
1.84135 3.28252 0.32975
1.84633 3.37586 0.32975
1.85315 3.47787 0.32975
1.85427 3.57001 0.32975
1.8632 3.68671 0.32975
1.86949 3.80195 0.32975
1.87662 3.9251 0.32975
1.88537 4.05901 0.32975
1.89385 4.19905 0.32975
1.8984 4.33479 0.32975
1.90996 4.49945 0.32975
1.91965 4.66749 0.32975
1.92945 4.8456 0.32975
1.94079 5.03956 0.32975
1.95381 5.25137 0.32975
1.96378 5.46571 0.32975
1.9784 5.71152 0.32975
1.99485 5.98122 0.32975
2.01178 6.27199 0.32975
2.02983 6.58878 0.32975
2.04988 6.93849 0.32975
2.07584 7.34272 0.32975
2.06493 7.60705 0.32975
2.10375 8.13828 0.32975
2.06682 8.32812 0.32975
1.98935 8.31637 0.32975
1.91706 8.33147 0.32975
1.84793 8.36567 0.32975
1.81289 8.61758 0.32975
1.74 8.64499 0.32975
1.66382 8.65098 0.32975
1.58619 8.6454 0.32975
1.51155 8.66195 0.32975
1.43377 8.65202 0.32975
1.35761 8.65433 0.32975
1.28224 8.66393 0.32975
1.20713 8.67686 0.32975
1.13028 8.66919 0.32975
1.05509 8.6818 0.32975
0.979549 8.69076 0.32975
0.903428 8.69007 0.32975
0.828056 8.70471 0.32975
0.751976 8.70469 0.32975
0.676079 8.71001 0.32975
0.600132 8.71567 0.32975
0.524104 8.72067 0.32975
0.448001 8.716 0.32975
0.371845 8.72667 0.32975
0.295291 8.74867 0.32975
0.219213 8.73701 0.32975
0.142316 8.75366 0.32975
0.250361 4.52669 0.32975
-0.0109328 8.75698 0.32975
0.193855 4.15524 0.32975
0.18453 3.7678 0.32975
0.158721 3.67563 0.32975
0.126133 3.67895 0.32975
0.068738 3.93878 0.32975
-0.0347127 4.5927 0.32975
-0.0537167 4.40351 0.32975
-0.0328962 3.91659 0.32975
-0.0592244 3.85275 0.32975
-0.147521 4.23736 0.32975
-0.180928 4.20826 0.32975
-0.174452 3.93001 0.32975
-0.168619 3.68476 0.32975
-0.200229 3.67629 0.32975
-0.26199 3.83076 0.32975
-0.358359 4.14836 0.32975
-0.397519 4.15586 0.32975
-0.433337 4.14637 0.32975
-0.468621 4.13461 0.32975
-0.509616 4.14789 0.32975
-0.542274 4.12479 0.32975
-0.582344 4.13249 0.32975
-0.620122 4.13012 0.32975
-0.656381 4.12161 0.32975
-0.694444 4.11952 0.32975
-0.72842 4.10266 0.32975
-0.772698 4.12101 0.32975
-0.812122 4.12167 0.32975
-0.855559 4.13436 0.32975
-0.895605 4.13519 0.32975
-0.936716 4.13848 0.32975
-0.977338 4.13948 0.32975
-1.01741 4.1382 0.32975
-1.05997 4.1431 0.32975
-1.09852 4.13634 0.32975
-1.14459 4.14883 0.32975
-1.18769 4.15245 0.32975
-1.23473 4.16491 0.32975
-1.27522 4.16023 0.32975
-1.31732 4.15884 0.32975
-1.36511 4.16987 0.32975
-1.40957 4.17216 0.32975
-1.45793 4.18218 0.32975
-1.49689 4.17083 0.32975
-1.54785 4.18439 0.32975
-1.58736 4.1731 0.32975
-1.63619 4.18024 0.32975
-1.68439 4.18506 0.32975
-1.7333 4.19024 0.32975
-1.78903 4.20725 0.32975
-1.84379 4.22096 0.32975
-1.87278 4.1868 0.32975
0.446523 0.00261107 0.32975
0.4465 0.00259808 0.32975
0.446477 0.00258489 0.32975
-1.89388 3.89754 0.32975
-1.88548 3.80789 0.32975
-1.8953 3.75007 0.32975
-1.90591 3.6949 0.32975
-1.9092 3.62977 0.32975
-1.9038 3.55319 0.32975
-1.91012 3.49605 0.32975
-1.91845 3.4432 0.32975
-1.91456 3.37409 0.32975
-1.91953 3.31915 0.32975
-1.93253 3.27652 0.32975
-1.92951 3.21302 0.32975
-1.92797 3.15301 0.32975
-1.94382 3.11709 0.32975
-1.94323 3.06063 0.32975
-1.94868 3.01304 0.32975
-1.94027 2.94927 0.32975
-1.95574 2.91597 0.32975
-1.95345 2.86194 0.32975
-1.95431 2.81274 0.32975
-1.96367 2.77431 0.32975
-1.96924 2.73219 0.32975
-1.96957 2.68498 0.32975
-1.97331 2.6424 0.32975
-1.97855 2.60216 0.32975
-1.97501 2.55332 0.32975
-1.98192 2.51625 0.32975
-1.98486 2.47569 0.32975
-1.37916 1.82716 0.32975
