-1.42866 -1.87666 0.32975
-1.37016 -1.85017 0.32975
-1.31921 -1.83 0.32975
-1.2777 -1.81851 0.32975
-1.24472 -1.81522 0.32975
-1.21395 -1.8137 0.32975
-1.15591 -1.78132 0.32975
-1.12506 -1.77802 0.32975
-1.09177 -1.7713 0.32975
-1.05482 -1.75958 0.32975
-1.00277 -1.72896 0.32975
-0.953917 -1.70066 0.32975
-0.923919 -1.69418 0.32975
-0.892274 -1.68496 0.32975
-0.862128 -1.67689 0.32975
-0.831008 -1.66684 0.32975
-0.795952 -1.65078 0.32975
-0.762464 -1.63585 0.32975
-0.739326 -1.63421 0.32975
-0.718051 -1.63474 0.32975
-0.68424 -1.61701 0.32975
-0.661024 -1.61364 0.32975
-0.642985 -1.61745 0.32975
-0.615582 -1.6069 0.32975
-0.585725 -1.5918 0.32975
-0.566422 -1.59232 0.32975
-0.545069 -1.58924 0.32975
-0.51601 -1.57312 0.32975
-0.496065 -1.57119 0.32975
-0.471152 -1.56041 0.32975
-0.448 -1.55192 0.32975
-0.424575 -1.54227 0.32975
-0.406719 -1.54195 0.32975
-0.391322 -1.54584 0.32975
-0.365125 -1.52927 0.32975
-0.348055 -1.52921 0.32975
-0.331047 -1.52897 0.32975
-0.316337 -1.53302 0.32975
-0.298984 -1.53155 0.32975
-0.268371 -1.5019 0.32975
-0.257773 -1.51353 0.32975
-0.237903 -1.50508 0.32975
-0.215387 -1.48999 0.32975
-0.196777 -1.48289 0.32975
-0.182249 -1.48477 0.32975
-0.166972 -1.48467 0.32975
-0.149498 -1.47886 0.32975
-0.132171 -1.47285 0.32975
-0.119655 -1.47879 0.32975
-0.0986738 -1.46215 0.32975
-0.0862354 -1.4678 0.32975
-0.0667302 -1.45355 0.32975
-0.0520726 -1.45232 0.32975
-0.0333512 -1.43861 0.32975
-0.0210879 -1.4437 0.32975
-0.00666715 -1.44202 0.32975
0.00505681 -1.4488 0.32975
0.0180008 -1.45165 0.32975
0.0378516 -1.43036 0.32975
0.0503492 -1.43388 0.32975
0.0662419 -1.42474 0.32975
0.0796912 -1.42415 0.32975
0.0952779 -1.41469 0.32975
0.110205 -1.40702 0.32975
0.124745 -1.40017 0.32975
0.137193 -1.40196 0.32975
0.149439 -1.40462 0.32975
0.165097 -1.39051 0.32975
0.179723 -1.38017 0.32975
0.192506 -1.37852 0.32975
0.203156 -1.38858 0.32975
0.219574 -1.36502 0.32975
0.231338 -1.36795 0.32975
0.243727 -1.36682 0.32975
0.256359 -1.3636 0.32975
0.268788 -1.36125 0.32975
0.280917 -1.36078 0.32975
0.292119 -1.36815 0.32975
0.305737 -1.35354 0.32975
0.317362 -1.35673 0.32975
0.32973 -1.35184 0.32975
0.340433 -1.36677 0.32975
0.354526 -1.33674 0.32975
0.366561 -1.33151 0.32975
0.377137 -1.35214 0.32975
0.390073 -1.32674 0.32975
0.401898 -1.3202 0.32975
0.413106 -1.33254 0.32975
0.424701 -1.3348 0.32975
0.436568 -1.30995 0.32975
0.448 -1.303 0.32975
0.459423 -1.30895 0.32975
0.470688 -1.2998 0.32975
0.482475 -1.31655 0.32975
0.49323 -1.29521 0.32975
0.504356 -1.29077 0.32975
0.515304 -1.28424 0.32975
0.526875 -1.28959 0.32975
0.538683 -1.29683 0.32975
0.548898 -1.28204 0.32975
0.559211 -1.27114 0.32975
0.57097 -1.27709 0.32975
0.581796 -1.27299 0.32975
0.593013 -1.27277 0.32975
0.603262 -1.2645 0.32975
0.615726 -1.27401 0.32975
0.623915 -1.2517 0.32975
0.634831 -1.25012 0.32975
0.646202 -1.2514 0.32975
0.65563 -1.24075 0.32975
0.667839 -1.24677 0.32975
0.676523 -1.233 0.32975
0.690709 -1.24863 0.32975
0.700998 -1.24352 0.32975
0.711008 -1.23736 0.32975
0.721796 -1.23501 0.32975
0.732338 -1.2316 0.32975
0.741441 -1.22227 0.32975
0.754031 -1.22742 0.32975
0.767485 -1.23536 0.32975
0.776959 -1.22769 0.32975
0.784453 -1.21321 0.32975
0.794752 -1.20927 0.32975
0.807563 -1.21387 0.32975
0.816096 -1.20399 0.32975
0.826589 -1.20073 0.32975
0.837979 -1.20023 0.32975
0.846535 -1.19109 0.32975
0.859518 -1.19514 0.32975
0.868263 -1.18679 0.32975
0.883734 -1.19717 0.32975
0.889962 -1.18208 0.32975
0.902052 -1.18285 0.32975
0.913457 -1.18163 0.32975
0.925998 -1.18309 0.32975
0.935156 -1.1761 0.32975
0.945791 -1.17272 0.32975
0.953614 -1.16283 0.32975
0.965369 -1.16203 0.32975
0.983784 -1.17567 0.32975
0.987261 -1.15645 0.32975
1.00379 -1.16524 0.32975
1.00692 -1.14596 0.32975
1.03073 -1.16878 0.32975
1.03456 -1.15118 0.32975
1.04227 -1.14158 0.32975
1.05456 -1.14077 0.32975
1.06353 -1.13367 0.32975
1.06904 -1.12039 0.32975
1.09111 -1.13668 0.32975
1.0955 -1.1215 0.32975
1.10729 -1.11926 0.32975
1.1227 -1.12289 0.32975
1.13613 -1.12293 0.32975
1.1459 -1.11688 0.32975
1.16852 -1.13099 0.32975
1.16801 -1.10872 0.32975
1.17987 -1.10573 0.32975
1.18502 -1.09267 0.32975
1.20019 -1.09444 0.32975
1.21545 -1.09603 0.32975
1.22498 -1.08929 0.32975
1.23916 -1.08894 0.32975
1.24625 -1.07878 0.32975
1.26888 -1.08934 0.32975
1.27165 -1.07341 0.32975
1.28284 -1.06854 0.32975
1.30209 -1.07374 0.32975
1.31206 -1.06702 0.32975
1.32706 -1.06639 0.32975
1.34276 -1.06633 0.32975
1.35073 -1.05696 0.32975
1.36583 -1.05584 0.32975
1.38163 -1.05528 0.32975
1.40553 -1.06344 0.32975
1.40261 -1.04177 0.32975
1.41507 -1.03706 0.32975
1.43235 -1.03729 0.32975
1.44345 -1.03081 0.32975
1.46081 -1.03065 0.32975
1.47048 -1.02248 0.32975
1.4922 -1.02613 0.32975
1.49176 -1.00795 0.32975
1.5172 -1.01463 0.32975
1.53552 -1.01413 0.32975
1.55392 -1.01339 0.32975
1.57015 -1.01039 0.32975
1.57443 -0.996581 0.32975
1.57705 -0.981464 0.32975
1.60686 -0.989759 0.32975
1.62464 -0.987322 0.32975
1.63785 -0.980833 0.32975
1.65879 -0.980481 0.32975
1.6673 -0.969878 0.32975
1.6899 -0.970282 0.32975
1.69277 -0.955147 0.32975
1.71863 -0.957488 0.32975
1.72533 -0.945173 0.32975
1.73838 -0.937517 0.32975
1.7685 -0.9419 0.32975
1.77666 -0.930341 0.32975
1.79792 -0.927773 0.32975
1.8126 -0.920431 0.32975
1.83142 -0.915663 0.32975
1.83768 -0.902467 0.32975
1.8649 -0.902663 0.32975
1.8812 -0.895564 0.32975
1.9026 -0.891383 0.32975
1.92747 -0.888956 0.32975
1.9369 -0.877026 0.32975
1.97134 -0.8795 0.32975
1.99201 -0.87356 0.32975
2.0092 -0.865385 0.32975
2.0413 -0.865089 0.32975
2.05232 -0.85303 0.32975
2.07566 -0.847309 0.32975
2.10082 -0.842153 0.32975
2.11079 -0.829036 0.32975
2.13773 -0.824138 0.32975
2.17374 -0.823137 0.32975
2.19717 -0.815653 0.32975
2.21696 -0.806164 0.32975
2.25225 -0.803305 0.32975
2.26378 -0.789523 0.32975
2.30374 -0.787714 0.32975
2.31793 -0.774551 0.32975
2.34316 -0.765696 0.32975
2.38234 -0.761956 0.32975
2.41132 -0.753648 0.32975
2.44311 -0.745942 0.32975
2.46364 -0.733633 0.32975
2.49825 -0.72603 0.32975
2.5357 -0.718854 0.32975
2.5694 -0.709811 0.32975
2.59549 -0.697761 0.32975
2.63869 -0.690721 0.32975
2.68193 -0.68298 0.32975
2.70794 -0.669424 0.32975
2.74638 -0.659049 0.32975
2.80022 -0.652329 0.32975
2.82997 -0.638248 0.32975
2.86353 -0.624698 0.32975
2.91158 -0.61424 0.32975
2.95477 -0.601822 0.32975
3.01352 -0.592296 0.32975
3.04299 -0.575296 0.32975
3.089 -0.561362 0.32975
3.14573 -0.54886 0.32975
3.18674 -0.532357 0.32975
3.23848 -0.517184 0.32975
3.29114 -0.501322 0.32975
3.35557 -0.48656 0.32975
3.39724 -0.467113 0.32975
3.48131 -0.453332 0.32975
3.52773 -0.432828 0.32975
3.58592 -0.413115 0.32975
3.67775 -0.396563 0.32975
3.73275 -0.37425 0.32975
3.80948 -0.353307 0.32975
3.87814 -0.330284 0.32975
3.96058 -0.307311 0.32975
4.05385 -0.283787 0.32975
4.13799 -0.258029 0.32975
4.21895 -0.230642 0.32975
4.29872 -0.201807 0.32975
4.5441 -0.178839 0.32975
4.61946 -0.145671 0.32975
4.75252 -0.112718 0.32975
4.87633 -0.0772973 0.32975
5.01083 -0.039819 0.32975
5.184 0 0.32975
5.20682 0.0415293 0.32975
5.33726 0.0853418 0.32975
5.46528 0.131383 0.32975
5.65583 0.181861 0.32975
5.83487 0.235196 0.32975
6.00138 0.29104 0.32975
6.37193 0.362322 0.32975
6.65983 0.434374 0.32975
6.8512 0.503943 0.32975
7.02886 0.575751 0.32975
7.27045 0.656926 0.32975
7.60359 0.752081 0.32975
7.98524 0.85876 0.32975
8.37348 0.973127 0.32975
8.80687 1.10047 0.32975
9.30892 1.24532 0.32975
9.79321 1.39665 0.32975
10.6785 1.62035 0.32975
11.2518 1.80793 0.32975
12.0884 2.05252 0.32975
13.0356 2.33298 0.32975
14.5088 2.73315 0.32975
15.728 3.10875 0.32975
17.5842 3.6424 0.32975
19.4858 4.22057 0.32975
0.448 0 0.32975
0.448 0 0.32975
34.0066 8.36711 0.32975
33.944 8.66265 0.32975
33.8555 8.95151 0.32975
33.7867 9.24564 0.32975
33.6855 9.53072 0.32975
33.5896 9.81699 0.32975
33.5065 10.107 0.32975
33.4457 10.4041 0.32975
33.3412 10.6877 0.32975
0.448 0 0.32975
0.448 0 0.32975
0.448 0 0.32975
17.1172 6.06709 0.32975
15.3102 5.55674 0.32975
13.6516 5.0684 0.32975
12.4895 4.74326 0.32975
11.3183 4.39189 0.32975
10.4675 4.1502 0.32975
9.74418 3.94599 0.32975
9.02526 3.7295 0.32975
8.57033 3.6163 0.32975
8.06893 3.47306 0.32975
7.47823 3.27825 0.32975
7.09554 3.17071 0.32975
6.74136 3.06947 0.32975
6.42169 2.97837 0.32975
6.11213 2.88602 0.32975
5.84369 2.80882 0.32975
5.59205 2.73514 0.32975
5.36762 2.67113 0.32975
5.14821 2.60537 0.32975
4.94339 2.54337 0.32975
4.76947 2.495 0.32975
4.66998 2.48694 0.32975
4.58555 2.48609 0.32975
4.36418 2.39984 0.32975
4.22351 2.3592 0.32975
4.09398 2.32275 0.32975
3.93435 2.26406 0.32975
3.76019 2.19229 0.32975
3.66964 2.17302 0.32975
3.56897 2.14498 0.32975
3.46658 2.11363 0.32975
3.37312 2.08647 0.32975
3.29493 2.06842 0.32975
3.21005 2.04381 0.32975
3.12183 2.01488 0.32975
3.04941 1.99613 0.32975
2.97357 1.9732 0.32975
2.91556 1.96279 0.32975
2.82762 1.92698 0.32975
2.76828 1.91269 0.32975
2.71243 1.90008 0.32975
2.6509 1.88145 0.32975
2.58232 1.85533 0.32975
2.53759 1.84871 0.32975
2.49462 1.84279 0.32975
2.42833 1.81464 0.32975
2.38828 1.80934 0.32975
2.32745 1.78353 0.32975
2.27728 1.76652 0.32975
2.23612 1.75718 0.32975
2.1988 1.7508 0.32975
2.15051 1.73249 0.32975
2.12143 1.73289 0.32975
2.0677 1.70681 0.32975
2.03296 1.69967 0.32975
2.00321 1.69721 0.32975
1.95488 1.67356 0.32975
1.91438 1.65744 0.32975
1.88543 1.65357 0.32975
1.85665 1.64932 0.32975
1.82164 1.63704 0.32975
1.78949 1.62736 0.32975
1.75321 1.6118 0.32975
1.73785 1.62156 0.32975
1.70272 1.60597 0.32975
1.66552 1.58671 0.32975
1.63658 1.57731 0.32975
1.61564 1.57797 0.32975
1.58066 1.55898 0.32975
1.55366 1.55008 0.32975
1.53206 1.5482 0.32975
1.50435 1.537 0.32975
1.48642 1.53952 0.32975
1.46025 1.52935 0.32975
1.4387 1.52554 0.32975
1.40923 1.50883 0.32975
1.38649 1.50189 0.32975
1.36707 1.49979 0.32975
1.34056 1.48547 0.32975
1.32097 1.482 0.32975
1.2985 1.47311 0.32975
1.28217 1.47438 0.32975
1.25472 1.45537 0.32975
1.24247 1.46323 0.32975
1.22263 1.45686 0.32975
1.20111 1.44671 0.32975
1.17847 1.43363 0.32975
1.16638 1.44084 0.32975
1.14896 1.43717 0.32975
1.12778 1.42518 0.32975
1.10728 1.41384 0.32975
1.09202 1.41317 0.32975
1.08088 1.42148 0.32975
1.05609 1.39852 0.32975
1.04386 1.40377 0.32975
1.02509 1.39321 0.32975
1.01328 1.39912 0.32975
0.992621 1.3826 0.32975
0.979818 1.38543 0.32975
0.963855 1.37972 0.32975
0.947691 1.37289 0.32975
0.934023 1.37249 0.32975
0.914539 1.35493 0.32975
0.902063 1.35705 0.32975
0.878152 1.32387 0.32975
0.86989 1.33806 0.32975
0.858198 1.3417 0.32975
0.847326 1.3481 0.32975
0.831136 1.33615 0.32975
0.821065 1.34523 0.32975
0.808017 1.3436 0.32975
0.812303 1.40865 0.32975
0.80798 1.4438 0.32975
0.792799 1.43619 0.32975
0.782052 1.44694 0.32975
0.771144 1.45761 0.32975
0.761531 1.47505 0.32975
0.758217 1.52476 0.32975
0.748906 1.54803 0.32975
0.741764 1.58501 0.32975
0.731915 1.61016 0.32975
0.722309 1.63921 0.32975
0.713 1.67314 0.32975
0.707258 1.73473 0.32975
0.694893 1.75674 0.32975
0.684122 1.79352 0.32975
0.677115 1.86599 0.32975
0.662973 1.88679 0.32975
0.653607 1.95622 0.32975
0.6395 1.9888 0.32975
0.628412 2.06212 0.32975
0.613549 2.1035 0.32975
0.599999 2.17369 0.32975
0.59183 2.35161 0.32975
0.588941 2.68931 0.32975
0.570876 2.81432 0.32975
0.549418 2.90423 0.32975
0.520274 2.76005 0.32975
0.496448 2.77558 0.32975
0.472155 2.76789 0.32975
0.448 2.745 0.32975
0.423871 2.76489 0.32975
0.399639 2.77058 0.32975
0.374338 2.81304 0.32975
0.348816 2.84027 0.32975
0.322813 2.86727 0.32975
0.295022 2.91899 0.32975
0.271386 2.8876 0.32975
0.248427 2.85403 0.32975
0.212857 2.98776 0.32975
0.154633 3.35319 0.32975
0.123658 3.36842 0.32975
0.0945891 3.36248 0.32975
0.0592602 3.41193 0.32975
-0.00571938 3.69525 0.32975
-0.0650981 3.89737 0.32975
-0.122331 4.05812 0.32975
-0.0476042 3.31617 0.32975
-0.0696408 3.26826 0.32975
-0.136599 3.49342 0.32975
-0.176092 3.5394 0.32975
-0.205861 3.52792 0.32975
-0.294438 3.81951 0.32975
-0.286073 3.60808 0.32975
-0.356618 3.78543 0.32975
-0.523813 4.38357 0.32975
-0.595322 4.51913 0.32975
-0.637053 4.51958 0.32975
-0.672581 4.49441 0.32975
-0.751321 4.63743 0.32975
-1.17868 6.07084 0.32975
-1.27569 6.21542 0.32975
-1.33951 6.23378 0.32975
-1.39356 6.21699 0.32975
-1.44803 6.20164 0.32975
-1.47892 6.11142 0.32975
-1.49973 5.99451 0.32975
-1.55038 5.97254 0.32975
-1.63759 6.05699 0.32975
-1.68503 6.02348 0.32975
-1.73272 5.99148 0.32975
-1.81049 6.0406 0.32975
0.0201087 1.1147 0.32975
0.00893159 1.11464 0.32975
0.00746276 1.09037 0.32975
-0.000122114 1.08186 0.32975
-0.00720154 1.07239 0.32975
-0.0217261 1.0803 0.32975
-0.0246281 1.06154 0.32975
-0.0363618 1.06283 0.32975
-0.044773 1.05675 0.32975
-0.0703354 1.08671 0.32975
-0.0789221 1.08035 0.32975
-0.0896683 1.0784 0.32975
-0.0981504 1.07188 0.32975
-0.107022 1.06619 0.32975
-0.121469 1.07102 0.32975
-0.123159 1.05194 0.32975
-0.132317 1.04692 0.32975
-0.159158 1.07315 0.32975
-0.1595 1.05222 0.32975
-0.168659 1.04688 0.32975
-0.184982 1.05346 0.32975
-0.206168 1.06751 0.32975
-0.203271 1.04225 0.32975
-0.221475 1.05087 0.32975
-0.224629 1.03576 0.32975
-0.23309 1.02901 0.32975
-0.246518 1.02966 0.32975
-0.263973 1.03593 0.32975
-0.274706 1.03213 0.32975
-0.284266 1.0266 0.32975
-0.287319 1.01208 0.32975
-0.304451 1.01688 0.32975
-0.312092 1.00868 0.32975
-0.328171 1.01153 0.32975
-0.33389 1.00077 0.32975
-0.345706 0.997825 0.32975
-0.356272 0.993192 0.32975
-0.375721 0.999254 0.32975
-0.39598 1.00582 0.32975
-0.392386 0.983965 0.32975
-0.404221 0.980368 0.32975
-0.410755 0.970647 0.32975
-0.429899 0.975006 0.32975
-0.44513 0.974681 0.32975
-0.446782 0.959536 0.32975
-0.4682 0.965473 0.32975
-0.47659 0.957441 0.32975
-0.497527 0.962175 0.32975
-0.50518 0.95318 0.32975
