0.448 0 0.32975
0.448 0 0.32975
-2.91137 -3.47873 0.32975
-2.86367 -3.48978 0.32975
0.448 0 0.32975
0.448 0 0.32975
0.448 0 0.32975
0.446012 -0.00224687 0.32975
-2.29498 -3.15544 0.32975
-2.24591 -3.15416 0.32975
-2.15465 -3.10171 0.32975
-2.13893 -3.1382 0.32975
-2.03656 -3.06817 0.32975
-1.9879 -3.06235 0.32975
-1.90937 -3.01729 0.32975
0.446174 -0.00238006 0.32975
-1.78714 -2.96613 0.32975
-1.69455 -2.89549 0.32975
-1.67861 -2.92702 0.32975
-1.58794 -2.85429 0.32975
-1.56525 -2.87522 0.32975
-1.54518 -2.9001 0.32975
-1.45885 -2.82702 0.32975
-1.43411 -2.84355 0.32975
-1.43754 -2.90348 0.32975
-1.32831 -2.78825 0.32975
-5.12039 -8.91129 0.32975
-1.23706 -2.74976 0.32975
-1.18776 -2.72236 0.32975
-5.0324 -9.30387 0.32975
-1.1125 -2.70287 0.32975
-1.07359 -2.6894 0.32975
-4.92757 -9.69778 0.32975
-0.982999 -2.63557 0.32975
-0.954781 -2.63825 0.32975
-4.77207 -10.0277 0.32975
-0.884916 -2.616 0.32975
-0.844189 -2.59173 0.32975
-4.63667 -10.4251 0.32975
-4.58166 -10.5449 0.32975
-0.732373 -2.53132 0.32975
-0.730558 -2.58611 0.32975
-0.724215 -2.63284 0.32975
-0.694017 -2.62646 0.32975
-0.605411 -2.48168 0.32975
-4.21729 -11.263 0.32975
-4.13943 -11.3543 0.32975
-0.521762 -2.46188 0.32975
-0.490207 -2.44411 0.32975
-4.01574 -11.9388 0.32975
-3.9408 -12.0581 0.32975
-0.388854 -2.3632 0.32975
-0.372432 -2.38271 0.32975
-0.175504 -1.86346 0.32975
-0.157055 -1.86217 0.32975
-0.139579 -1.86356 0.32975
-0.116277 -1.84567 0.32975
-0.0950372 -1.83326 0.32975
-0.0732303 -1.81775 0.32975
-0.0581496 -1.82512 0.32975
-0.0359916 -1.80628 0.32975
-0.015954 -1.79398 0.32975
-0.00270046 -1.80766 0.32975
0.0221956 -1.7736 0.32975
0.0345398 -1.79089 0.32975
0.0560278 -1.76807 0.32975
0.0720958 -1.76849 0.32975
0.0881409 -1.76876 0.32975
0.104162 -1.76889 0.32975
0.122163 -1.75806 0.32975
0.142032 -1.73523 0.32975
0.158837 -1.72797 0.32975
0.176273 -1.71561 0.32975
0.192437 -1.71001 0.32975
0.206535 -1.71812 0.32975
0.223625 -1.70429 0.32975
0.240578 -1.68931 0.32975
0.25397 -1.70298 0.32975
0.269883 -1.69467 0.32975
0.286883 -1.67326 0.32975
0.300881 -1.68158 0.32975
0.315875 -1.67881 0.32975
0.332204 -1.65596 0.32975
0.347331 -1.64592 0.32975
0.361593 -1.64874 0.32975
0.375941 -1.65043 0.32975
0.390695 -1.641 0.32975
0.404154 -1.67443 0.32975
0.418226 -1.70574 0.32975
0.432859 -1.73493 0.32975
0.448 -1.785 0.32975
0.464066 -1.84093 0.32975
0.480374 -1.85472 0.32975
0.497841 -1.90335 0.32975
0.515391 -1.92982 0.32975
0.535239 -1.9981 0.32975
0.55419 -2.02622 0.32975
0.574981 -2.07612 0.32975
0.597348 -2.13578 0.32975
0.623905 -2.23509 0.32975
0.760541 -3.57235 0.32975
0.801671 -3.67301 0.32975
0.84688 -3.7951 0.32975
0.892888 -3.90474 0.32975
0.943155 -4.03272 0.32975
0.995036 -4.15515 0.32975
1.04909 -4.27697 0.32975
1.11211 -4.44365 0.32975
1.17636 -4.59868 0.32975
1.24766 -4.77855 0.32975
1.32197 -4.95654 0.32975
1.40401 -5.15815 0.32975
1.4923 -5.37245 0.32975
1.58719 -5.59929 0.32975
1.69173 -5.85128 0.32975
1.80811 -6.13504 0.32975
1.941 -6.46689 0.32975
2.08328 -6.81145 0.32975
2.25056 -7.22967 0.32975
2.39821 -7.5409 0.32975
2.61949 -8.10412 0.32975
2.71445 -8.17255 0.32975
2.77989 -8.13227 0.32975
2.8502 -8.1097 0.32975
2.92819 -8.11233 0.32975
3.07527 -8.33263 0.32975
3.14912 -8.31319 0.32975
3.22061 -8.28645 0.32975
3.29021 -8.25438 0.32975
3.36113 -8.22643 0.32975
3.43281 -8.2007 0.32975
3.50146 -8.16685 0.32975
3.56939 -8.13148 0.32975
3.64169 -8.10766 0.32975
3.71082 -8.07577 0.32975
3.78844 -8.06454 0.32975
3.85127 -8.0176 0.32975
3.92469 -7.99585 0.32975
3.99759 -7.97251 0.32975
4.07076 -7.94942 0.32975
4.13577 -7.90844 0.32975
4.20937 -7.88589 0.32975
4.27761 -7.85186 0.32975
4.34955 -7.82531 0.32975
4.42269 -7.80076 0.32975
4.49476 -7.77376 0.32975
4.56761 -7.74787 0.32975
4.63698 -7.71514 0.32975
4.70754 -7.68441 0.32975
4.77985 -7.65652 0.32975
2.6805 -3.8668 0.32975
4.92956 -7.60819 0.32975
2.57614 -3.54182 0.32975
2.48836 -3.32956 0.32975
2.44262 -3.19205 0.32975
2.44998 -3.14248 0.32975
2.55466 -3.24398 0.32975
2.97422 -3.8167 0.32975
2.94591 -3.70331 0.32975
2.94075 -3.62698 0.32975
2.65742 -3.15537 0.32975
2.95083 -3.50884 0.32975
2.91964 -3.40192 0.32975
2.9064 -3.32234 0.32975
2.82457 -3.15381 0.32975
2.75094 -3.00126 0.32975
2.82199 -3.03857 0.32975
3.11112 -3.348 0.32975
3.29379 -3.51425 0.32975
3.32689 -3.49237 0.32975
3.37204 -3.48474 0.32975
3.40689 -3.46441 0.32975
3.45144 -3.45506 0.32975
3.49473 -3.4437 0.32975
3.53804 -3.43184 0.32975
3.58274 -3.42097 0.32975
3.62679 -3.40884 0.32975
3.65436 -3.37879 0.32975
3.70247 -3.37011 0.32975
3.764 -3.37439 0.32975
3.811 -3.363 0.32975
3.85377 -3.34684 0.32975
3.8958 -3.3295 0.32975
3.95519 -3.32819 0.32975
4.01042 -3.32201 0.32975
4.06213 -3.31174 0.32975
4.1117 -3.29881 0.32975
4.17031 -3.29322 0.32975
4.2306 -3.28817 0.32975
4.29413 -3.28491 0.32975
4.36325 -3.28529 0.32975
4.42109 -3.27517 0.32975
4.48838 -3.27184 0.32975
4.51365 -3.23396 0.32975
4.5362 -3.19405 0.32975
4.66547 -3.23618 0.32975
4.69035 -3.19684 0.32975
0.450412 -0.00178447 0.32975
4.62091 -3.0318 0.32975
0.450442 -0.00174211 0.32975
4.54294 -2.86731 0.32975
4.51424 -2.79465 0.32975
4.5078 -2.73837 0.32975
4.47734 -2.66696 0.32975
4.44762 -2.59738 0.32975
4.41363 -2.52638 0.32975
4.39482 -2.46624 0.32975
4.35565 -2.39461 0.32975
4.33697 -2.33673 0.32975
4.32792 -2.28544 0.32975
4.28796 -2.217 0.32975
4.2854 -2.1711 0.32975
4.25959 -2.1128 0.32975
4.21725 -2.04653 0.32975
4.19876 -1.99432 0.32975
4.18586 -1.94581 0.32975
4.15459 -1.8886 0.32975
4.1405 -1.84101 0.32975
4.10879 -1.78549 0.32975
4.09805 -1.74099 0.32975
4.08773 -1.69723 0.32975
4.06237 -1.64716 0.32975
4.05559 -1.6062 0.32975
4.02087 -1.55353 0.32975
4.00759 -1.51096 0.32975
4.00494 -1.47333 0.32975
3.97223 -1.42388 0.32975
3.95009 -1.37951 0.32975
3.93306 -1.33779 0.32975
3.92212 -1.29892 0.32975
3.90325 -1.25761 0.32975
3.87639 -1.21406 0.32975
3.86038 -1.17498 0.32975
3.85153 -1.13881 0.32975
3.84042 -1.10226 0.32975
3.59431 -0.992028 0.32975
2.81294 -0.723035 0.32975
2.76547 -0.686465 0.32975
2.73004 -0.654363 0.32975
2.72506 -0.631485 0.32975
2.7498 -0.616766 0.32975
2.77736 -0.602414 0.32975
2.78738 -0.583274 0.32975
2.79822 -0.564238 0.32975
2.8391 -0.55203 0.32975
2.83407 -0.528978 0.32975
2.84837 -0.510215 0.32975
2.86351 -0.491442 0.32975
2.87556 -0.471871 0.32975
2.90909 -0.456135 0.32975
2.92381 -0.436551 0.32975
2.92358 -0.41427 0.32975
2.9508 -0.396405 0.32975
2.969 -0.376766 0.32975
2.992 -0.357536 0.32975
3.0208 -0.338715 0.32975
3.03954 -0.318201 0.32975
3.05911 -0.297498 0.32975
3.06359 -0.27491 0.32975
3.07386 -0.252841 0.32975
3.10585 -0.232531 0.32975
3.11276 -0.209721 0.32975
3.14142 -0.188343 0.32975
3.16492 -0.166174 0.32975
3.17925 -0.143139 0.32975
3.21436 -0.120782 0.32975
3.21431 -0.0966019 0.32975
3.25604 -0.0735313 0.32975
3.27357 -0.0493209 0.32975
3.28789 -0.0247832 0.32975
3.341 0 0.32975
3.67988 0.028204 0.32975
4.68036 0.0738756 0.32975
4.70254 0.111409 0.32975
4.78136 0.151324 0.32975
4.84181 0.191838 0.32975
4.95282 0.236087 0.32975
5.07036 0.282715 0.32975
5.17147 0.330297 0.32975
5.30797 0.382488 0.32975
5.44392 0.437086 0.32975
5.58524 0.49466 0.32975
5.73587 0.555777 0.32975
5.87886 0.618769 0.32975
6.03604 0.686125 0.32975
6.21821 0.759662 0.32975
6.4005 0.836569 0.32975
6.59968 0.919374 0.32975
6.80377 1.00666 0.32975
7.03343 1.10202 0.32975
7.30423 1.20894 0.32975
7.55693 1.31756 0.32975
7.8426 1.43736 0.32975
8.16197 1.56942 0.32975
8.51087 1.71382 0.32975
8.89589 1.87285 0.32975
9.28456 2.04008 0.32975
9.69427 2.21983 0.32975
10.6021 2.53171 0.32975
10.9476 2.71537 0.32975
11.5532 2.97564 0.32975
12.3508 3.30093 0.32975
13.1232 3.63456 0.32975
14.1428 4.05659 0.32975
15.3128 4.54463 0.32975
16.851 5.17184 0.32975
18.3735 5.82435 0.32975
0.448 0 0.32975
0.448 0 0.32975
0.448 0 0.32975
0.448 0 0.32975
38.3167 14.1585 0.32975
38.1665 14.4788 0.32975
38.0359 14.8063 0.32975
37.8932 15.1289 0.32975
37.7783 15.4627 0.32975
37.6484 15.7906 0.32975
37.5018 16.1115 0.32975
37.3699 16.4387 0.32975
0.448 0 0.32975
0.448 0 0.32975
16.8525 7.82454 0.32975
14.5267 6.86665 0.32975
12.8464 6.18162 0.32975
11.3682 5.56411 0.32975
10.1847 5.06861 0.32975
9.25893 4.68486 0.32975
8.53312 4.38986 0.32975
7.87002 4.11409 0.32975
7.32729 3.89212 0.32975
6.84187 3.6915 0.32975
6.42254 3.51927 0.32975
6.14902 3.42552 0.32975
6.12744 3.48036 0.32975
5.43283 3.11487 0.32975
5.12123 2.97718 0.32975
4.87115 2.87243 0.32975
4.66246 2.78949 0.32975
2.72868 1.53834 0.32975
2.6649 1.52363 0.32975
2.52701 1.45574 0.32975
2.40025 1.39253 0.32975
2.30469 1.34897 0.32975
2.23337 1.3211 0.32975
2.17385 1.30052 0.32975
2.11563 1.27962 0.32975
2.05003 1.25164 0.32975
2.01948 1.25001 0.32975
1.97509 1.23661 0.32975
1.91794 1.21173 0.32975
1.89046 1.21037 0.32975
1.87832 1.22161 0.32975
1.87742 1.24258 0.32975
1.96538 1.34247 0.32975
2.56894 1.9097 0.32975
2.52049 1.89908 0.32975
2.46727 1.883 0.32975
2.39273 1.84548 0.32975
2.33914 1.82626 0.32975
2.28034 1.80064 0.32975
2.22425 1.77625 0.32975
2.17224 1.7546 0.32975
2.12768 1.73936 0.32975
2.07458 1.71406 0.32975
2.02273 1.6887 0.32975
1.97956 1.67141 0.32975
1.94819 1.66613 0.32975
1.89914 1.64021 0.32975
1.8605 1.62489 0.32975
1.81249 1.59761 0.32975
1.7895 1.59873 0.32975
1.74051 1.56794 0.32975
1.70224 1.54885 0.32975
1.67435 1.54174 0.32975
1.64238 1.52874 0.32975
1.60586 1.50896 0.32975
1.57761 1.49904 0.32975
1.54961 1.48874 0.32975
1.52247 1.47888 0.32975
1.49965 1.47436 0.32975
1.46839 1.45727 0.32975
1.43581 1.43728 0.32975
1.42267 1.44501 0.32975
1.3874 1.41927 0.32975
1.35918 1.4031 0.32975
1.33562 1.39328 0.32975
1.31283 1.38401 0.32975
1.30072 1.39151 0.32975
1.26691 1.3629 0.32975
1.24737 1.35707 0.32975
1.2315 1.35706 0.32975
1.2147 1.35514 0.32975
1.19267 1.34342 0.32975
1.17233 1.33404 0.32975
1.1569 1.33325 0.32975
1.13093 1.31189 0.32975
1.11537 1.30978 0.32975
1.099 1.30571 0.32975
1.07925 1.29426 0.32975
1.05459 1.27174 0.32975
1.03755 1.2643 0.32975
1.02235 1.2603 0.32975
1.00442 1.24973 0.32975
0.991894 1.25087 0.32975
0.977441 1.24728 0.32975
0.962327 1.24169 0.32975
0.952595 1.24892 0.32975
0.930682 1.22536 0.32975
0.917821 1.22392 0.32975
0.901168 1.21205 0.32975
0.885444 1.20187 0.32975
0.875273 1.20658 0.32975
0.860495 1.19797 0.32975
0.844948 1.18635 0.32975
0.833035 1.18502 0.32975
0.823582 1.19119 0.32975
0.810541 1.18582 0.32975
0.793647 1.16688 0.32975
0.782348 1.16601 0.32975
0.76735 1.15154 0.32975
0.759101 1.16104 0.32975
0.75096 1.17146 0.32975
0.73371 1.14592 0.32975
0.720664 1.13573 0.32975
0.707594 1.12442 0.32975
0.698421 1.12957 0.32975
0.685851 1.119 0.32975
0.677074 1.12593 0.32975
0.668003 1.13182 0.32975
0.656477 1.12484 0.32975
0.64457 1.1148 0.32975
0.630873 1.0928 0.32975
0.623832 1.11016 0.32975
0.61399 1.11066 0.32975
0.601508 1.09227 0.32975
0.591448 1.0896 0.32975
0.579863 1.07393 0.32975
0.569014 1.06213 0.32975
0.558277 1.04922 0.32975
0.550843 1.06806 0.32975
0.541082 1.06394 0.32975
0.531637 1.06271 0.32975
0.521872 1.05642 0.32975
0.511613 1.04006 0.32975
0.502639 1.04257 0.32975
0.493713 1.047 0.32975
0.4844 1.04236 0.32975
0.475041 1.03265 0.32975
0.465819 1.02084 0.32975
0.456892 1.01896 0.32975
0.448 1.035 0.32975
0.439221 1.00596 0.32975
0.430408 1.00785 0.32975
0.421352 1.01765 0.32975
0.412821 1.00739 0.32975
0.40425 1.00205 0.32975
0.395769 0.996632 0.32975
0.387501 0.989152 0.32975
0.378732 0.990581 0.32975
0.371816 0.968007 0.32975
0.362413 0.978263 0.32975
0.353496 0.981461 0.32975
0.346607 0.964686 0.32975
0.33808 0.964758 0.32975
0.329909 0.961777 0.32975
0.319562 0.975582 0.32975
0.310915 0.975414 0.32975
0.304182 0.962312 0.32975
0.297823 0.948181 0.32975
0.288399 0.953738 0.32975
0.279735 0.954279 0.32975
0.274694 0.935075 0.32975
0.265014 0.94138 0.32975
0.258401 0.931908 0.32975
0.24986 0.932175 0.32975
0.241084 0.933339 0.32975
0.229573 0.946113 0.32975
0.22576 0.925696 0.32975
0.218174 0.921781 0.32975
0.210389 0.918772 0.32975
0.202639 0.915698 0.32975
0.196796 0.905813 0.32975
0.18642 0.912237 0.32975
0.181026 0.901291 0.32975
0.171416 0.904664 0.32975
0.16684 0.891725 0.32975
0.156597 0.896846 0.32975
0.146243 0.901856 0.32975
0.142942 0.885951 0.32975
0.13322 0.888911 0.32975
0.125133 0.88707 0.32975
0.121607 0.872978 0.32975
0.108984 0.883167 0.32975
0.102756 0.876453 0.32975
0.0988667 0.864135 0.32975
0.0932526 0.856436 0.32975
0.0811036 0.864354 0.32975
0.0763661 0.8547 0.32975
0.0652607 0.859646 0.32975
0.0548707 0.862643 0.32975
0.0494709 0.854648 0.32975
0.0377229 0.860164 0.32975
0.029794 0.85745 0.32975
0.0299127 0.838554 0.32975
0.019887 0.840219 0.32975
0.0176504 0.826694 0.32975
0.00341059 0.836151 0.32975
-0.00148331 0.827846 0.32975
-0.0140237 0.833512 0.32975
-0.0104464 0.810301 0.32975
-0.025 0.81926 0.32975
-0.0295936 0.810793 0.32975
-0.0448914 0.820309 0.32975
-0.0478511 0.809156 0.32975
-0.0644318 0.820063 0.32975
-0.0656583 0.806282 0.32975
-0.073764 0.803447 0.32975
-0.078548 0.795527 0.32975
-0.093858 0.803337 0.32975
-0.104813 0.804347 0.32975
-0.107222 0.792939 0.32975
-0.107152 0.778294 0.32975
-0.123327 0.786365 0.32975
-0.135521 0.788584 0.32975
-0.143584 0.785059 0.32975
-0.144325 0.771933 0.32975
-0.159658 0.777767 0.32975
-0.172025 0.779478 0.32975
-0.171881 0.765489 0.32975
-0.185534 0.768538 0.32975
-0.189003 0.75915 0.32975
-0.205345 0.764968 0.32975
-0.206747 0.7532 0.32975
-0.213295 0.747458 0.32975
-0.2218 0.743888 0.32975
-0.226239 0.735803 0.32975
-0.233998 0.731354 0.32975
-0.243796 0.729001 0.32975
-0.262636 0.735885 0.32975
-0.257816 0.718243 0.32975
-0.274663 0.722663 0.32975
