-0.505887 -0.953887 0.32975
-0.488415 -0.952902 0.32975
-0.459919 -0.940177 0.32975
-0.453744 -0.95024 0.32975
-0.440644 -0.952954 0.32975
-0.417431 -0.944452 0.32975
-0.394435 -0.935619 0.32975
-0.379613 -0.935446 0.32975
-0.377978 -0.950179 0.32975
-0.354718 -0.939862 0.32975
-0.346485 -0.946831 0.32975
-0.329288 -0.942925 0.32975
-0.321659 -0.950449 0.32975
-0.300885 -0.941478 0.32975
-0.302491 -0.960585 0.32975
-0.277035 -0.944884 0.32975
-0.256725 -0.935202 0.32975
-0.259839 -0.95659 0.32975
-0.238533 -0.944932 0.32975
-0.221551 -0.938675 0.32975
-0.216775 -0.949397 0.32975
-0.189207 -0.927142 0.32975
-0.183329 -0.935983 0.32975
-0.178448 -0.94646 0.32975
-0.171255 -0.953568 0.32975
-0.164522 -0.961466 0.32975
-0.149749 -0.956598 0.32975
-0.125181 -0.935346 0.32975
-0.131418 -0.964313 0.32975
-0.11283 -0.9521 0.32975
-0.1055 -0.95869 0.32975
-0.0848024 -0.941725 0.32975
-0.0799576 -0.952461 0.32975
-0.0644685 -0.94385 0.32975
-0.054804 -0.945637 0.32975
-0.0396066 -0.936683 0.32975
-0.0332298 -0.944467 0.32975
-0.0289854 -0.956685 0.32975
-0.0193036 -0.958114 0.32975
0.00069894 -0.937786 0.32975
0.00932218 -0.940747 0.32975
0.0138162 -0.95273 0.32975
0.0217401 -0.957396 0.32975
0.0368897 -0.945489 0.32975
0.0463284 -0.946279 0.32975
0.0572802 -0.943281 0.32975
0.0662758 -0.9448 0.32975
0.0803993 -0.933209 0.32975
0.0874818 -0.939182 0.32975
0.0960415 -0.941356 0.32975
0.0994815 -0.957547 0.32975
0.114861 -0.940756 0.32975
0.12113 -0.949301 0.32975
0.135138 -0.935047 0.32975
0.142691 -0.939644 0.32975
0.150001 -0.945134 0.32975
0.161183 -0.938135 0.32975
0.171085 -0.934849 0.32975
0.178978 -0.938191 0.32975
0.187175 -0.940503 0.32975
0.196946 -0.936948 0.32975
0.202878 -0.947816 0.32975
0.207288 -0.965444 0.32975
0.219924 -0.950005 0.32975
0.232272 -0.934421 0.32975
0.239136 -0.942126 0.32975
0.248405 -0.939022 0.32975
0.253218 -0.957386 0.32975
0.265205 -0.940399 0.32975
0.275423 -0.931142 0.32975
0.282166 -0.940491 0.32975
0.29137 -0.935985 0.32975
0.298762 -0.942255 0.32975
0.307433 -0.940554 0.32975
0.313698 -0.955609 0.32975
0.322956 -0.949804 0.32975
0.332346 -0.941926 0.32975
0.339778 -0.949855 0.32975
0.348384 -0.947779 0.32975
0.358097 -0.933682 0.32975
0.365463 -0.943396 0.32975
0.374484 -0.934111 0.32975
0.382429 -0.93771 0.32975
0.390797 -0.935252 0.32975
0.398595 -0.942706 0.32975
0.407172 -0.935109 0.32975
0.41516 -0.940427 0.32975
0.423158 -0.948675 0.32975
0.431769 -0.929858 0.32975
0.439893 -0.928965 0.32975
0.448 -0.942 0.32975
0.456255 -0.945964 0.32975
0.464301 -0.933858 0.32975
0.472344 -0.929681 0.32975
0.480666 -0.93543 0.32975
0.488522 -0.928116 0.32975
0.496725 -0.929724 0.32975
0.50508 -0.933256 0.32975
0.513292 -0.93372 0.32975
0.521438 -0.933115 0.32975
0.529491 -0.931442 0.32975
0.536561 -0.919746 0.32975
0.546257 -0.934851 0.32975
0.553732 -0.927996 0.32975
0.564263 -0.946889 0.32975
0.56952 -0.923035 0.32975
0.578544 -0.928871 0.32975
0.587089 -0.930664 0.32975
0.594892 -0.927439 0.32975
0.602319 -0.922177 0.32975
0.614876 -0.9464 0.32975
0.62003 -0.928193 0.32975
0.626979 -0.920766 0.32975
0.635406 -0.921129 0.32975
0.643437 -0.919459 0.32975
0.651237 -0.916742 0.32975
0.660354 -0.919805 0.32975
0.67094 -0.928613 0.32975
0.677826 -0.921781 0.32975
0.684359 -0.913931 0.32975
0.695949 -0.925357 0.32975
0.704282 -0.924122 0.32975
0.71592 -0.934346 0.32975
0.719803 -0.91759 0.32975
0.727215 -0.913271 0.32975
0.73788 -0.919383 0.32975
0.748983 -0.926329 0.32975
0.756103 -0.920822 0.32975
0.764778 -0.91999 0.32975
0.775131 -0.923789 0.32975
0.782838 -0.919959 0.32975
0.788752 -0.911382 0.32975
0.799559 -0.915842 0.32975
0.814501 -0.930418 0.32975
0.822607 -0.927184 0.32975
0.827239 -0.915565 0.32975
0.837559 -0.917743 0.32975
0.84316 -0.908807 0.32975
0.861651 -0.929076 0.32975
0.863937 -0.912691 0.32975
0.878225 -0.922621 0.32975
0.88626 -0.918832 0.32975
0.894262 -0.914972 0.32975
0.904014 -0.914623 0.32975
0.916518 -0.919519 0.32975
0.930989 -0.927813 0.32975
0.933903 -0.913851 0.32975
0.939951 -0.906061 0.32975
1.0545 -1.09415 0.32975
1.20535 -1.33861 0.32975
1.234 -1.36139 0.32975
8.38133 -13.4681 0.32975
8.37598 -13.1944 0.32975
8.37535 -12.9363 0.32975
8.374 -12.6843 0.32975
1.3195 -1.36798 0.32975
1.31833 -1.3402 0.32975
1.33717 -1.34339 0.32975
8.34604 -11.7093 0.32975
8.34653 -11.4924 0.32975
8.33812 -11.2683 0.32975
8.34672 -11.0736 0.32975
8.34901 -10.8748 0.32975
1.44254 -1.34405 0.32975
1.45965 -1.34251 0.32975
8.31928 -10.2581 0.32975
8.31431 -10.0684 0.32975
8.32343 -9.90078 0.32975
8.30695 -9.705 0.32975
1.56368 -1.35343 0.32975
1.56902 -1.33598 0.32975
1.58778 -1.33451 0.32975
1.72272 -1.4664 0.32975
1.71029 -1.42676 0.32975
1.72537 -1.41866 0.32975
1.72487 -1.39345 0.32975
1.7056 -1.34862 0.32975
1.69736 -1.31655 0.32975
8.92492 -8.7781 0.32975
8.929 -8.63033 0.32975
8.92126 -8.47326 0.32975
1.80532 -1.33383 0.32975
1.84136 -1.34555 0.32975
8.8783 -8.00006 0.32975
8.88124 -7.86412 0.32975
8.8795 -7.72605 0.32975
1.95435 -1.35633 0.32975
1.94966 -1.32855 0.32975
8.84414 -7.29866 0.32975
8.8771 -7.19913 0.32975
8.86913 -7.06616 0.32975
2.07458 -1.34085 0.32975
2.07845 -1.32031 0.32975
8.84695 -6.68083 0.32975
8.8545 -6.56788 0.32975
8.88135 -6.47113 0.32975
2.2042 -1.32339 0.32975
2.21166 -1.30504 0.32975
8.83508 -6.09357 0.32975
8.84967 -5.99286 0.32975
2.35335 -1.33414 0.32975
2.45227 -1.3775 0.32975
2.52059 -1.39798 0.32975
2.46267 -1.33348 0.32975
2.46416 -1.30931 0.32975
8.81444 -5.33001 0.32975
2.5995 -1.34441 0.32975
2.59495 -1.31565 0.32975
8.80281 -5.02008 0.32975
2.71925 -1.33787 0.32975
2.73431 -1.32 0.32975
8.80254 -4.72677 0.32975
2.84008 -1.32595 0.32975
2.84453 -1.30121 0.32975
8.81128 -4.44683 0.32975
2.98042 -1.31829 0.32975
3.21279 -1.40873 0.32975
3.09701 -1.32075 0.32975
3.12191 -1.30415 0.32975
3.22435 -1.32425 0.32975
3.22855 -1.29659 0.32975
3.34168 -1.31872 0.32975
3.35033 -1.2922 0.32975
3.4853 -1.32066 0.32975
3.49855 -1.29488 0.32975
3.61691 -1.3126 0.32975
3.66904 -1.30138 0.32975
3.75656 -1.30328 0.32975
3.87424 -1.31521 0.32975
3.89495 -1.28876 0.32975
3.99722 -1.29181 0.32975
4.11299 -1.29784 0.32975
4.20171 -1.29251 0.32975
4.25457 -1.27366 0.32975
4.38918 -1.28057 0.32975
4.51751 -1.28311 0.32975
4.64905 -1.28439 0.32975
4.77707 -1.28233 0.32975
4.89287 -1.27455 0.32975
5.03777 -1.27286 0.32975
5.16558 -1.26407 0.32975
5.33424 -1.26367 0.32975
5.48383 -1.25557 0.32975
5.63948 -1.24637 0.32975
5.8655 -1.25073 0.32975
6.04218 -1.2402 0.32975
6.25037 -1.23333 0.32975
6.49218 -1.2297 0.32975
6.74416 -1.22385 0.32975
7.02401 -1.21879 0.32975
7.28946 -1.20633 0.32975
7.60745 -1.19808 0.32975
7.98307 -1.19344 0.32975
8.0654 -1.13843 0.32975
8.05722 -1.06941 0.32975
8.05932 -1.00205 0.32975
8.0509 -0.933519 0.32975
8.04684 -0.865779 0.32975
8.03919 -0.797867 0.32975
8.10956 -0.737724 0.32975
8.67159 -0.719471 0.32975
9.46113 -0.709349 0.32975
10.2979 -0.688776 0.32975
11.3147 -0.664637 0.32975
12.0551 -0.6083 0.32975
11.6793 -0.490369 0.32975
11.3174 -0.379567 0.32975
11.4752 -0.288759 0.32975
16.7675 -0.28486 0.32975
16.7724 -0.14246 0.32975
16.773 0 0.32975
16.7654 0.142399 0.32975
16.7515 0.284577 0.32975
16.7474 0.426817 0.32975
16.7491 0.569246 0.32975
16.7365 0.71117 0.32975
16.7267 0.853128 0.32975
16.7366 0.996249 0.32975
16.7372 1.13905 0.32975
16.7257 1.28108 0.32975
16.7109 1.42282 0.32975
16.7187 1.56669 0.32975
16.7015 1.70831 0.32975
16.6959 1.85121 0.32975
11.7342 1.38578 0.32975
11.2448 1.42143 0.32975
11.3627 1.53397 0.32975
11.9552 1.71976 0.32975
11.9032 1.81433 0.32975
11.164 1.79324 0.32975
10.5108 1.77434 0.32975
9.95018 1.76112 0.32975
9.44658 1.74914 0.32975
9.01058 1.74208 0.32975
8.53728 1.71943 0.32975
8.18222 1.71463 0.32975
7.97598 1.73797 0.32975
7.97609 1.80733 0.32975
7.95615 1.87199 0.32975
7.96276 1.94345 0.32975
7.94938 2.00999 0.32975
7.95372 2.08152 0.32975
7.90162 2.13729 0.32975
7.62189 2.125 0.32975
7.39364 2.1235 0.32975
7.18315 2.12358 0.32975
6.93896 2.10904 0.32975
6.71452 2.09675 0.32975
6.51539 2.08917 0.32975
6.35648 2.0923 0.32975
6.18482 2.08803 0.32975
6.04087 2.09109 0.32975
5.8469 2.07244 0.32975
5.72161 2.07733 0.32975
5.57625 2.07195 0.32975
5.44988 2.07185 0.32975
5.33772 2.07556 0.32975
5.20387 2.06791 0.32975
5.08059 2.06256 0.32975
4.95686 2.0548 0.32975
4.83725 2.04674 0.32975
4.73799 2.04622 0.32975
4.6957 2.07174 0.32975
4.57365 2.05697 0.32975
4.4406 2.03433 0.32975
4.41116 2.06309 0.32975
4.30648 2.05159 0.32975
4.19176 2.0327 0.32975
4.18263 2.07014 0.32975
4.05562 2.0411 0.32975
3.97099 2.034 0.32975
3.9376 2.05553 0.32975
3.82181 2.02719 0.32975
3.80825 2.05917 0.32975
3.68924 2.02535 0.32975
3.67903 2.05839 0.32975
3.55276 2.01625 0.32975
3.53004 2.03996 0.32975
3.43171 2.01254 0.32975
3.42145 2.04359 0.32975
3.32322 2.01325 0.32975
3.28194 2.02143 0.32975
7.99127 5.48051 0.32975
3.15941 2.00634 0.32975
3.18572 2.06302 0.32975
3.16048 2.08135 0.32975
3.01297 2.00398 0.32975
7.95634 5.97241 0.32975
2.90922 1.99306 0.32975
2.89174 2.01446 0.32975
7.96749 6.3096 0.32975
2.76952 1.98277 0.32975
2.76345 2.01279 0.32975
7.94505 6.63283 0.32975
2.64845 1.9813 0.32975
2.63845 2.00718 0.32975
7.9122 6.96048 0.32975
2.53853 1.98384 0.32975
2.51898 1.99992 0.32975
7.93642 7.35885 0.32975
7.92848 7.48048 0.32975
2.39513 1.98141 0.32975
2.40138 2.02278 0.32975
2.42495 2.08328 0.32975
2.36373 2.05437 0.32975
2.26128 1.97885 0.32975
7.87535 8.24891 0.32975
7.89717 8.41976 0.32975
2.17212 1.98338 0.32975
2.13592 1.97629 0.32975
2.14432 2.02159 0.32975
7.86022 8.99174 0.32975
7.84692 9.1369 0.32975
2.01923 1.9753 0.32975
1.99762 1.98342 0.32975
7.84689 9.64242 0.32975
7.8419 9.81204 0.32975
1.91067 1.97668 0.32975
1.88337 1.97562 0.32975
7.82351 10.3401 0.32975
7.83165 10.5449 0.32975
7.86396 10.7903 0.32975
1.7677 1.95653 0.32975
1.74671 1.96213 0.32975
7.82241 11.3556 0.32975
7.87241 11.654 0.32975
7.92039 11.9583 0.32975
1.67953 2.00967 0.32975
1.62332 1.95606 0.32975
1.65137 2.04292 0.32975
1.6555 2.09145 0.32975
7.76098 12.9257 0.32975
7.69881 13.0808 0.32975
1.50538 1.94746 0.32975
1.4907 1.96103 0.32975
7.71315 13.9562 0.32975
7.7173 14.2668 0.32975
7.70229 14.5498 0.32975
0.449315 0.00269638 0.32975
1.38953 1.97395 0.32975
1.36719 1.97122 0.32975
7.76899 16.0645 0.32975
7.66839 16.2173 0.32975
7.77502 16.851 0.32975
0.449172 0.00276151 0.32975
1.25393 1.94569 0.32975
1.24104 1.96285 0.32975
0.448 0 0.32975
0.448 0 0.32975
0.448 0 0.32975
0.448 0 0.32975
1.13631 1.94373 0.32975
1.11346 1.93264 0.32975
0.448 0 0.32975
0.448 0 0.32975
0.448 0 0.32975
0.448 0 0.32975
0.448852 0.00287646 0.32975
0.885712 1.52648 0.32975
0.873711 1.53506 0.32975
0.858487 1.53196 0.32975
0.844602 1.53355 0.32975
0.831204 1.53695 0.32975
0.816377 1.5344 0.32975
0.801623 1.53171 0.32975
0.788027 1.53376 0.32975
0.776085 1.54352 0.32975
0.762403 1.54534 0.32975
0.746616 1.53625 0.32975
0.731559 1.52994 0.32975
0.718544 1.53433 0.32975
0.703659 1.52776 0.32975
0.690786 1.53289 0.32975
0.676661 1.53001 0.32975
0.664971 1.54383 0.32975
0.649271 1.52881 0.32975
0.635557 1.52753 0.32975
0.624597 1.54997 0.32975
0.610437 1.54549 0.32975
0.595027 1.52694 0.32975
0.583091 1.5441 0.32975
0.569612 1.54522 0.32975
0.554658 1.52528 0.32975
0.541221 1.52415 0.32975
0.528126 1.5289 0.32975
0.515043 1.53554 0.32975
0.50185 1.54206 0.32975
0.48792 1.52448 0.32975
0.474807 1.53577 0.32975
0.461273 1.52094 0.32975
0.448 1.543 0.32975
0.434596 1.53594 0.32975
0.421368 1.52577 0.32975
0.408159 1.52148 0.32975
0.394709 1.52607 0.32975
0.38183 1.51556 0.32975
0.367926 1.5279 0.32975
0.35429 1.53214 0.32975
0.340784 1.53326 0.32975
0.328977 1.51232 0.32975
0.314303 1.52816 0.32975
0.299631 1.54087 0.32975
0.289744 1.50571 0.32975
0.274799 1.52016 0.32975
-0.621525 8.71058 0.32975
-0.70063 8.72472 0.32975
-0.775609 8.70644 0.32975
-0.854347 8.71422 0.32975
-0.930968 8.70647 0.32975
-1.00838 8.70298 0.32975
-1.08531 8.69585 0.32975
-1.16333 8.69394 0.32975
-1.24238 8.69624 0.32975
-1.32079 8.69389 0.32975
-1.40033 8.69573 0.32975
-1.48004 8.69685 0.32975
-1.55789 8.68846 0.32975
-1.63783 8.68813 0.32975
-1.7201 8.69579 0.32975
-1.79816 8.68525 0.32975
-1.87853 8.68271 0.32975
-1.95821 8.67653 0.32975
-2.03935 8.67443 0.32975
-2.12149 8.67444 0.32975
-2.2044 8.6756 0.32975
-2.28662 8.6731 0.32975
-2.37116 8.67649 0.32975
-2.46168 8.69613 0.32975
-2.54169 8.6827 0.32975
-2.62136 8.66759 0.32975
-1.13042 4.33668 0.32975
-1.14229 4.25343 0.32975
-1.14638 4.1535 0.32975
-1.1866 4.14966 0.32975
-1.18866 4.05087 0.32975
-1.10531 3.75003 0.32975
-1.10789 3.66545 0.32975
-1.16813 3.71685 0.32975
-1.34164 4.0196 0.32975
-1.40402 4.06389 0.32975
-1.39926 3.96147 0.32975
-1.32398 3.71504 0.32975
-1.52204 4.03918 0.32975
-1.51705 3.94129 0.32975
-1.46739 3.75916 0.32975
-1.44563 3.63763 0.32975
-1.49984 3.66335 0.32975
-1.69301 3.94325 0.32975
-1.78406 4.02675 0.32975
-1.83389 4.03323 0.32975
-1.8765 4.02615 0.32975
-1.92525 4.02898 0.32975
-1.97474 4.03211 0.32975
-2.02081 4.02873 0.32975
-2.07124 4.03162 0.32975
-2.1176 4.02719 0.32975
-2.16681 4.02646 0.32975
-2.2151 4.0235 0.32975
-2.26744 4.02581 0.32975
-2.31946 4.02668 0.32975
-2.36826 4.02204 0.32975
-2.41312 4.01115 0.32975
-2.468 4.01353 0.32975
-2.52195 4.01366 0.32975
-2.57672 4.01394 0.32975
-2.62868 4.00961 0.32975
-2.68633 4.01176 0.32975
-2.7455 4.01478 0.32975
-2.793 4.0023 0.32975
-2.84052 3.9893 0.32975
-2.90285 3.99339 0.32975
-2.95251 3.98149 0.32975
-2.98975 3.95468 0.32975
-2.99299 3.88933 0.32975
-3.10642 3.94759 0.32975
-3.12249 3.89651 0.32975
-3.03701 3.73722 0.32975
0.445935 0.00217612 0.32975
0.445916 0.00215802 0.32975
0.445897 0.00213975 0.32975
0.448 0 0.32975
