-15.7023 -16.1503 0.32975
-15.5559 -16.2856 0.32975
-11.7585 -12.6402 0.32975
-12.067 -13.188 0.32975
-11.9078 -13.2499 0.32975
-11.8565 -13.428 0.32975
-8.99544 -10.488 0.32975
-8.9082 -10.5753 0.32975
-8.82671 -10.6693 0.32975
-8.72935 -10.7453 0.32975
-8.65194 -10.8449 0.32975
-8.55632 -10.9231 0.32975
0.446112 -0.00233144 0.32975
-13.9016 -18.0399 0.32975
0.448 0 0.32975
-3.73724 -5.4543 0.32975
-3.46139 -5.18794 0.32975
-3.40348 -5.20497 0.32975
-3.36614 -5.24971 0.32975
-3.31844 -5.28035 0.32975
-3.28025 -5.32449 0.32975
-3.25177 -5.38319 0.32975
-1.29165 -2.57914 0.32975
-1.2608 -2.58171 0.32975
-1.20171 -2.54033 0.32975
-1.151 -2.50993 0.32975
-1.12798 -2.52209 0.32975
-1.0918 -2.51273 0.32975
-1.03016 -2.46007 0.32975
-0.986303 -2.43496 0.32975
-0.97 -2.45605 0.32975
-0.961809 -2.49183 0.32975
-0.936131 -2.49704 0.32975
-0.920491 -2.52045 0.32975
-0.898444 -2.53229 0.32975
-0.883683 -2.55814 0.32975
-0.866302 -2.57946 0.32975
-0.844189 -2.59173 0.32975
-0.824153 -2.6083 0.32975
-0.806079 -2.62923 0.32975
-0.783932 -2.64189 0.32975
-0.725167 -2.57428 0.32975
-0.690456 -2.55701 0.32975
-0.663712 -2.55676 0.32975
-0.630418 -2.54059 0.32975
-0.591368 -2.50926 0.32975
-0.54246 -2.45147 0.32975
-0.504903 -2.41909 0.32975
-0.469422 -2.38997 0.32975
-0.428919 -2.34543 0.32975
-0.392685 -2.30976 0.32975
-0.362817 -2.28968 0.32975
-0.326201 -2.24844 0.32975
-0.293541 -2.21623 0.32975
-0.263357 -2.18933 0.32975
-0.234301 -2.16398 0.32975
-0.205158 -2.13638 0.32975
-0.175698 -2.10557 0.32975
-0.147928 -2.07825 0.32975
-0.125494 -2.06795 0.32975
-0.0988846 -2.041 0.32975
-0.0595201 -1.96244 0.32975
-0.0293119 -1.91439 0.32975
-0.00558437 -1.88931 0.32975
0.0149691 -1.87566 0.32975
0.0348168 -1.86375 0.32975
0.0573341 -1.83794 0.32975
0.0791693 -1.81286 0.32975
0.100346 -1.78852 0.32975
0.119794 -1.77084 0.32975
0.138906 -1.75296 0.32975
0.156361 -1.74277 0.32975
0.173301 -1.73438 0.32975
0.191698 -1.71495 0.32975
0.208344 -1.70524 0.32975
0.227802 -1.67257 0.32975
0.243381 -1.66648 0.32975
0.25963 -1.6533 0.32975
0.277305 -1.62405 0.32975
0.293305 -1.60657 0.32975
0.308115 -1.59889 0.32975
0.324505 -1.56915 0.32975
0.338064 -1.57216 0.32975
0.352215 -1.56607 0.32975
0.36756 -1.53489 0.32975
0.381524 -1.52255 0.32975
0.395023 -1.51708 0.32975
0.408578 -1.50548 0.32975
0.422013 -1.48877 0.32975
0.435015 -1.48794 0.32975
0.448 -1.467 0.32975
0.460688 -1.45394 0.32975
0.473114 -1.43878 0.32975
0.485616 -1.43651 0.32975
0.497487 -1.41714 0.32975
0.509765 -1.41465 0.32975
0.520956 -1.39209 0.32975
0.533346 -1.39539 0.32975
0.544613 -1.38163 0.32975
0.555646 -1.36777 0.32975
0.566968 -1.35981 0.32975
0.577775 -1.34777 0.32975
0.588486 -1.33664 0.32975
0.599692 -1.33139 0.32975
0.609477 -1.31512 0.32975
0.618989 -1.29879 0.32975
0.629482 -1.29131 0.32975
0.641926 -1.29759 0.32975
0.650582 -1.27906 0.32975
0.660581 -1.27034 0.32975
0.667839 -1.24677 0.32975
0.679257 -1.24775 0.32975
0.691281 -1.25157 0.32975
0.700799 -1.24254 0.32975
0.70685 -1.21779 0.32975
0.716169 -1.20963 0.32975
0.725365 -1.2014 0.32975
0.733504 -1.18921 0.32975
0.742903 -1.18279 0.32975
0.755216 -1.18792 0.32975
0.758842 -1.16008 0.32975
0.773496 -1.1737 0.32975
0.774355 -1.13813 0.32975
0.785126 -1.13812 0.32975
0.798554 -1.14661 0.32975
0.802231 -1.12348 0.32975
0.810786 -1.11654 0.32975
0.81766 -1.1048 0.32975
0.828589 -1.10531 0.32975
0.831878 -1.08404 0.32975
0.840297 -1.07783 0.32975
0.85284 -1.08279 0.32975
0.859765 -1.07268 0.32975
0.869476 -1.06998 0.32975
0.871305 -1.04772 0.32975
0.881198 -1.04583 0.32975
0.888745 -1.03833 0.32975
0.895795 -1.02986 0.32975
0.902325 -1.02043 0.32975
0.909139 -1.01188 0.32975
0.918797 -1.00963 0.32975
0.926298 -1.00277 0.32975
0.931085 -0.990471 0.32975
0.946849 -1.00054 0.32975
0.946028 -0.977434 0.32975
0.948536 -0.96152 0.32975
0.96301 -0.968594 0.32975
0.979078 -0.978123 0.32975
0.98226 -0.963831 0.32975
0.985234 -0.949558 0.32975
0.991 -0.940504 0.32975
1.00629 -0.947792 0.32975
1.00218 -0.922312 0.32975
1.0217 -0.936199 0.32975
1.02667 -0.926069 0.32975
1.03097 -0.91508 0.32975
1.03512 -0.904087 0.32975
1.04078 -0.895593 0.32975
1.05528 -0.900335 0.32975
1.05009 -0.876046 0.32975
1.05943 -0.873216 0.32975
1.06645 -0.867033 0.32975
1.07399 -0.861603 0.32975
1.08089 -0.855304 0.32975
1.08773 -0.84895 0.32975
1.09268 -0.840161 0.32975
1.11168 -0.849476 0.32975
1.10475 -0.825652 0.32975
1.12389 -0.834655 0.32975
1.12352 -0.819465 0.32975
1.12228 -0.803581 0.32975
1.13317 -0.802228 0.32975
1.13555 -0.790936 0.32975
1.1464 -0.789399 0.32975
1.1546 -0.784761 0.32975
1.15737 -0.774141 0.32975
1.17228 -0.776698 0.32975
1.16802 -0.758742 0.32975
1.17948 -0.757465 0.32975
1.18395 -0.748913 0.32975
1.19683 -0.748826 0.32975
1.20832 -0.747169 0.32975
1.20546 -0.731475 0.32975
1.214 -0.726902 0.32975
1.22031 -0.72019 0.32975
1.22214 -0.70937 0.32975
1.23127 -0.705264 0.32975
1.25987 -0.71828 0.32975
1.24497 -0.692798 0.32975
1.25099 -0.685817 0.32975
1.25235 -0.674927 0.32975
1.26438 -0.672971 0.32975
1.27721 -0.671485 0.32975
1.27835 -0.660488 0.32975
1.29038 -0.658142 0.32975
1.29133 -0.647113 0.32975
1.30094 -0.642738 0.32975
1.30491 -0.634081 0.32975
1.31769 -0.631869 0.32975
1.31666 -0.61961 0.32975
1.33023 -0.617742 0.32975
1.33311 -0.60832 0.32975
1.34502 -0.605047 0.32975
1.35193 -0.5983 0.32975
1.36551 -0.595835 0.32975
1.36392 -0.583507 0.32975
1.38425 -0.585031 0.32975
1.37738 -0.569523 0.32975
1.3926 -0.567572 0.32975
1.39148 -0.555754 0.32975
1.3963 -0.5475 0.32975
1.41235 -0.545605 0.32975
1.41008 -0.533291 0.32975
1.42876 -0.532509 0.32975
1.4422 -0.528625 0.32975
1.44677 -0.519929 0.32975
1.43969 -0.505292 0.32975
1.44854 -0.498849 0.32975
1.45645 -0.491852 0.32975
1.4616 -0.483464 0.32975
1.46306 -0.473332 0.32975
1.489 -0.474409 0.32975
1.50314 -0.469781 0.32975
1.48978 -0.452979 0.32975
1.5029 -0.447778 0.32975
1.51508 -0.441999 0.32975
1.543 -0.44241 0.32975
1.52542 -0.424408 0.32975
1.52909 -0.41499 0.32975
1.54484 -0.410093 0.32975
1.55684 -0.403584 0.32975
1.55655 -0.392557 0.32975
1.57789 -0.389054 0.32975
1.59357 -0.383304 0.32975
1.58261 -0.368657 0.32975
1.58578 -0.358742 0.32975
1.60513 -0.35377 0.32975
1.62639 -0.349055 0.32975
1.61882 -0.335726 0.32975
1.62845 -0.327367 0.32975
1.63705 -0.318606 0.32975
1.64463 -0.30947 0.32975
1.64923 -0.299499 0.32975
1.67416 -0.294375 0.32975
1.66791 -0.281639 0.32975
1.68594 -0.274445 0.32975
1.68633 -0.263216 0.32975
1.71406 -0.257583 0.32975
1.73491 -0.250151 0.32975
1.74 -0.239457 0.32975
1.7312 -0.226264 0.32975
1.73806 -0.215882 0.32975
1.7636 -0.208371 0.32975
1.78614 -0.199986 0.32975
1.78288 -0.187605 0.32975
1.79736 -0.177646 0.32975
1.79786 -0.165742 0.32975
1.80224 -0.154296 0.32975
1.82442 -0.144668 0.32975
1.84753 -0.134759 0.32975
1.82972 -0.120885 0.32975
1.85365 -0.110627 0.32975
1.86654 -0.0991938 0.32975
1.87334 -0.0871775 0.32975
1.89501 -0.0758347 0.32975
1.91061 -0.0638588 0.32975
1.91511 -0.0512325 0.32975
1.93249 -0.0388729 0.32975
1.92877 -0.0258472 0.32975
1.93994 -0.0130199 0.32975
1.966 0 0.32975
1.96994 0.0132817 0.32975
1.98377 0.0268067 0.32975
2.01046 0.0409147 0.32975
2.00905 0.0545131 0.32975
2.0255 0.068875 0.32975
2.03782 0.0833188 0.32975
2.06997 0.0992037 0.32975
2.09398 0.115098 0.32975
2.09192 0.129379 0.32975
2.09969 0.144504 0.32975
2.12126 0.161117 0.32975
2.13769 0.177594 0.32975
2.15098 0.19403 0.32975
2.1661 0.210956 0.32975
2.18997 0.229334 0.32975
2.20672 0.247171 0.32975
2.24207 0.268126 0.32975
2.27226 0.288935 0.32975
2.2677 0.304513 0.32975
2.28467 0.323854 0.32975
2.31815 0.346612 0.32975
2.33174 0.366162 0.32975
2.35787 0.388568 0.32975
2.37299 0.40917 0.32975
2.40645 0.434178 0.32975
2.43377 0.45845 0.32975
2.45594 0.482064 0.32975
2.48465 0.507794 0.32975
2.51984 0.535813 0.32975
2.54116 0.560861 0.32975
2.57088 0.588726 0.32975
2.59257 0.614947 0.32975
2.61685 0.642443 0.32975
2.6628 0.677133 0.32975
2.70163 0.710568 0.32975
2.72198 0.738859 0.32975
2.75148 0.770733 0.32975
2.79667 0.808711 0.32975
2.84797 0.849872 0.32975
2.86771 0.880702 0.32975
2.91145 0.921045 0.32975
2.94906 0.960068 0.32975
2.99641 1.00385 0.32975
3.04133 1.04777 0.32975
3.08568 1.09256 0.32975
3.13035 1.13859 0.32975
3.19368 1.19385 0.32975
3.23979 1.24299 0.32975
3.30255 1.30089 0.32975
3.35453 1.35534 0.32975
3.39945 1.40777 0.32975
3.47154 1.47468 0.32975
3.53463 1.53894 0.32975
3.6084 1.6103 0.32975
3.68382 1.68446 0.32975
3.76347 1.76287 0.32975
3.84111 1.84231 0.32975
3.96397 1.94893 0.32975
4.13831 2.08788 0.32975
4.25072 2.1955 0.32975
4.35463 2.30118 0.32975
4.53069 2.45313 0.32975
4.55602 2.5174 0.32975
4.65856 2.63105 0.32975
4.76785 2.75205 0.32975
4.93153 2.91164 0.32975
5.0794 3.06546 0.32975
5.41476 3.35012 0.32975
5.74301 3.63916 0.32975
5.80034 3.74775 0.32975
5.97259 3.94065 0.32975
6.25674 4.2203 0.32975
6.58866 4.54385 0.32975
6.95368 4.90238 0.32975
7.37318 5.31388 0.32975
7.78832 5.73489 0.32975
8.5746 6.46419 0.32975
9.06266 6.97602 0.32975
9.85333 7.75316 0.32975
10.7927 8.6802 0.32975
11.8176 9.71055 0.32975
13.5249 11.3675 0.32975
16.1776 13.9163 0.32975
0.448 0 0.32975
0.448 0 0.32975
25.8238 23.6633 0.32975
25.6722 23.9368 0.32975
25.4659 24.1595 0.32975
25.2534 24.3762 0.32975
25.0525 24.6045 0.32975
24.8123 24.7933 0.32975
24.6402 25.0517 0.32975
24.3484 25.1857 0.32975
24.0929 25.356 0.32975
0.448 0 0.32975
15.4686 16.6821 0.32975
12.0505 13.1142 0.32975
12.1173 13.424 0.32975
10.9242 12.2661 0.32975
9.81277 11.1605 0.32975
8.94155 10.3035 0.32975
8.16599 9.53092 0.32975
7.59509 8.98512 0.32975
7.09838 8.51209 0.32975
6.50274 7.89069 0.32975
6.13756 7.5503 0.32975
5.81271 7.24998 0.32975
5.6593 7.17274 0.32975
5.08433 6.4999 0.32975
4.85135 6.28863 0.32975
4.59749 6.03755 0.32975
4.37242 5.81819 0.32975
4.15039 5.59371 0.32975
3.96201 5.4111 0.32975
3.78248 5.23409 0.32975
3.61851 5.07387 0.32975
3.46229 4.91888 0.32975
3.31985 4.77956 0.32975
3.18008 4.63815 0.32975
3.0685 4.53884 0.32975
2.94705 4.41705 0.32975
2.88999 4.40546 0.32975
2.75745 4.25347 0.32975
2.66625 4.17193 0.32975
2.57066 4.07759 0.32975
2.47825 3.98458 0.32975
2.38182 3.87865 0.32975
2.25935 3.71382 0.32975
2.20104 3.67533 0.32975
2.13425 3.61617 0.32975
2.06406 3.54612 0.32975
2.00133 3.48883 0.32975
1.92816 3.40413 0.32975
1.87534 3.3626 0.32975
1.81035 3.28901 0.32975
1.7565 3.23865 0.32975
1.70876 3.20064 0.32975
1.65248 3.13776 0.32975
1.60649 3.09851 0.32975
1.55751 3.04836 0.32975
1.51451 3.01174 0.32975
1.4667 2.95853 0.32975
1.42403 2.91704 0.32975
1.3837 2.8798 0.32975
1.33989 2.82872 0.32975
1.30173 2.79241 0.32975
1.26284 2.75085 0.32975
1.22888 2.72325 0.32975
1.19413 2.69046 0.32975
1.15742 2.6476 0.32975
1.12953 2.6353 0.32975
1.09248 2.58487 0.32975
1.06406 2.56608 0.32975
1.03062 2.52362 0.32975
0.999705 2.48858 0.32975
0.971106 2.46102 0.32975
0.947816 2.45667 0.32975
0.91739 2.4148 0.32975
0.888828 2.37849 0.32975
0.864408 2.36157 0.32975
0.839163 2.3375 0.32975
0.815934 2.32304 0.32975
0.789883 2.28759 0.32975
0.764758 2.25385 0.32975
0.744817 2.25455 0.32975
0.719525 2.21139 0.32975
0.698066 2.1948 0.32975
0.675245 2.16209 0.32975
0.654548 2.14508 0.32975
0.634949 2.13684 0.32975
0.613941 2.10848 0.32975
0.593442 2.07992 0.32975
0.574798 2.07313 0.32975
0.555812 2.05718 0.32975
0.536984 2.03806 0.32975
0.518393 2.01577 0.32975
0.500406 2.00131 0.32975
0.482573 1.9807 0.32975
0.465113 1.96093 0.32975
0.448 1.936 0.32975
0.431298 1.91393 0.32975
0.414928 1.89471 0.32975
0.398709 1.88235 0.32975
0.382564 1.87386 0.32975
0.367304 1.84824 0.32975
0.351126 1.84846 0.32975
0.336464 1.82359 0.32975
0.321462 1.80958 0.32975
0.305753 1.80741 0.32975
0.290596 1.79913 0.32975
0.276723 1.77877 0.32975
0.264552 1.74539 0.32975
0.248083 1.75465 0.32975
0.235947 1.72703 0.32975
0.221537 1.72016 0.32975
0.208483 1.70425 0.32975
0.195985 1.68627 0.32975
0.180185 1.69092 0.32975
0.170555 1.65795 0.32975
0.156445 1.65349 0.32975
0.143849 1.64105 0.32975
0.134501 1.61281 0.32975
0.12323 1.5963 0.32975
0.111599 1.58264 0.32975
0.099316 1.57281 0.32975
0.0874037 1.56192 0.32975
0.0679513 1.58302 0.32975
0.0386686 1.64174 0.32975
0.0153431 1.67296 0.32975
0.00567804 1.65077 0.32975
-0.00924496 1.64877 0.32975
-0.0343654 1.68221 0.32975
-0.0569792 1.70478 0.32975
-0.0826546 1.73569 0.32975
-0.107103 1.76056 0.32975
-0.132025 1.78513 0.32975
-0.159638 1.81604 0.32975
-0.190765 1.85511 0.32975
-0.218279 1.88151 0.32975
-0.254852 1.93107 0.32975
-0.283233 1.95577 0.32975
-0.319624 1.99973 0.32975
-0.354271 2.03668 0.32975
-0.395614 2.08802 0.32975
-0.435616 2.13324 0.32975
-0.47139 2.16595 0.32975
-0.522555 2.23212 0.32975
-0.642868 2.45013 0.32975
-0.793177 2.72351 0.32975
-0.841831 2.76605 0.32975
-0.822869 2.66443 0.32975
-0.866675 2.69548 0.32975
-0.882562 2.66869 0.32975
-0.895812 2.63738 0.32975
-0.928472 2.64418 0.32975
-0.957128 2.64266 0.32975
-0.976318 2.62327 0.32975
-1.00158 2.61511 0.32975
-1.03912 2.62847 0.32975
-1.101 2.68295 0.32975
-1.15887 2.72792 0.32975
-1.15634 2.67008 0.32975
-1.16443 2.63125 0.32975
-1.38446 2.93255 0.32975
-1.49004 3.04211 0.32975
-1.34495 2.7609 0.32975
-1.348 2.71346 0.32975
-1.46332 2.83365 0.32975
-2.02946 3.60473 0.32975
-2.06025 3.58215 0.32975
-2.10767 3.58292 0.32975
-2.13238 3.55158 0.32975
-1.97114 3.26929 0.32975
-1.54401 2.64348 0.32975
-1.54082 2.59189 0.32975
-2.22212 3.4176 0.32975
-2.15162 3.26817 0.32975
-2.18822 3.25546 0.32975
-2.62553 3.72849 0.32975
-2.67016 3.71608 0.32975
-2.70572 3.69253 0.32975
-2.73323 3.65959 0.32975
-2.90817 3.79346 0.32975
-3.80901 4.72789 0.32975
-4.07643 4.93755 0.32975
-4.12343 4.90227 0.32975
-4.16466 4.86073 0.32975
-0.520354 1.00276 0.32975
-0.530469 0.995698 0.32975
-0.517908 0.965908 0.32975
