0.448 0 0.32975
0.448 0 0.32975
0.448 0 0.32975
0.448 0 0.32975
0.448 0 0.32975
0.448 0 0.32975
0.448 0 0.32975
0.448 0 0.32975
0.448 0 0.32975
0.448 0 0.32975
0.448 0 0.32975
0.448 0 0.32975
0.448 0 0.32975
0.448 0 0.32975
-7.04337 -9.58852 0.32975
-2.21838 -3.47489 0.32975
-1.94241 -3.17218 0.32975
-1.70347 -2.90755 0.32975
-1.63687 -2.86958 0.32975
-1.63324 -2.91779 0.32975
-1.80271 -3.21435 0.32975
-2.0827 -3.6822 0.32975
-2.0583 -3.71575 0.32975
-2.02578 -3.73748 0.32975
-1.99961 -3.76899 0.32975
-1.96448 -3.78683 0.32975
-1.89318 -3.74668 0.32975
-1.74806 -3.58365 0.32975
-1.60443 -3.41581 0.32975
-1.48775 -3.28625 0.32975
-1.368 -3.1454 0.32975
-1.2681 -3.03319 0.32975
-1.17223 -2.92298 0.32975
-1.08511 -2.82364 0.32975
-1.00924 -2.74067 0.32975
-0.93309 -2.65305 0.32975
-0.859038 -2.56521 0.32975
-0.798676 -2.50045 0.32975
-0.736917 -2.42944 0.32975
-0.681661 -2.36838 0.32975
-0.624605 -2.30021 0.32975
-0.577951 -2.25124 0.32975
-0.530608 -2.19799 0.32975
-0.493447 -2.16518 0.32975
-0.447947 -2.11072 0.32975
-0.403088 -2.05471 0.32975
-0.369766 -2.02404 0.32975
-0.323485 -1.95853 0.32975
-0.291671 -1.92691 0.32975
-0.26082 -1.89582 0.32975
-0.226464 -1.85307 0.32975
-0.19825 -1.82495 0.32975
-0.161464 -1.77001 0.32975
-0.134571 -1.74112 0.32975
-0.116265 -1.73663 0.32975
-0.0863542 -1.69475 0.32975
-0.0551717 -1.6458 0.32975
-0.0322699 -1.62136 0.32975
-0.00900675 -1.59377 0.32975
0.00892724 -1.58324 0.32975
0.0287132 -1.5648 0.32975
0.0468914 -1.55097 0.32975
0.0679408 -1.52433 0.32975
0.091062 -1.48675 0.32975
0.108999 -1.46838 0.32975
0.128535 -1.44101 0.32975
0.14133 -1.44277 0.32975
0.16091 -1.41109 0.32975
0.178387 -1.38704 0.32975
0.19451 -1.36771 0.32975
0.210449 -1.34722 0.32975
0.224196 -1.3374 0.32975
0.238691 -1.32153 0.32975
0.252005 -1.31143 0.32975
0.265544 -1.29824 0.32975
0.281318 -1.26608 0.32975
0.293348 -1.25954 0.32975
0.306496 -1.24196 0.32975
0.319116 -1.22625 0.32975
0.330781 -1.21737 0.32975
0.341496 -1.21735 0.32975
0.352986 -1.20727 0.32975
0.366315 -1.16815 0.32975
0.376085 -1.1758 0.32975
0.388023 -1.14443 0.32975
0.398405 -1.13592 0.32975
0.409052 -1.11532 0.32975
0.41897 -1.10862 0.32975
0.42882 -1.09883 0.32975
0.438471 -1.09196 0.32975
0.448 -1.074 0.32975
0.457329 -1.06896 0.32975
0.46643 -1.05584 0.32975
0.475407 -1.04664 0.32975
0.484086 -1.03337 0.32975
0.492535 -1.02003 0.32975
0.501644 -1.0236 0.32975
0.508621 -0.991148 0.32975
0.517198 -0.989584 0.32975
0.524655 -0.973988 0.32975
0.532628 -0.967305 0.32975
0.541162 -0.967525 0.32975
0.548452 -0.955736 0.32975
0.554524 -0.934951 0.32975
0.562679 -0.933986 0.32975
0.569128 -0.920061 0.32975
0.576596 -0.915008 0.32975
0.584724 -0.91484 0.32975
0.588791 -0.88892 0.32975
0.595387 -0.880753 0.32975
0.605152 -0.891251 0.32975
0.608185 -0.864281 0.32975
0.614576 -0.856961 0.32975
0.622048 -0.855474 0.32975
0.625349 -0.83436 0.32975
0.632839 -0.833757 0.32975
0.638084 -0.823343 0.32975
0.642227 -0.809012 0.32975
0.649037 -0.806316 0.32975
0.654063 -0.796786 0.32975
0.664632 -0.80848 0.32975
0.667403 -0.791141 0.32975
0.671542 -0.779583 0.32975
0.674644 -0.765138 0.32975
0.68219 -0.766 0.32975
0.690068 -0.767742 0.32975
0.705411 -0.79223 0.32975
0.711046 -0.78616 0.32975
0.72571 -0.806527 0.32975
0.737077 -0.816328 0.32975
0.750004 -0.829749 0.32975
0.762486 -0.841132 0.32975
0.77304 -0.846757 0.32975
0.786647 -0.859706 0.32975
0.800879 -0.873407 0.32975
0.816141 -0.888772 0.32975
0.834824 -0.9113 0.32975
0.846749 -0.91706 0.32975
0.863278 -0.93273 0.32975
0.883013 -0.954549 0.32975
0.905273 -0.980625 0.32975
0.91984 -0.989233 0.32975
0.931523 -0.99137 0.32975
0.953988 -1.01486 0.32975
0.980077 -1.04426 0.32975
1.00071 -1.06175 0.32975
1.02216 -1.07984 0.32975
1.04636 -1.10204 0.32975
1.06662 -1.11601 0.32975
1.07535 -1.10883 0.32975
1.092 -1.11544 0.32975
1.09613 -1.1003 0.32975
1.10055 -1.08603 0.32975
1.11628 -1.09053 0.32975
1.13954 -1.1067 0.32975
1.16368 -1.1234 0.32975
1.08359 -0.978729 0.32975
1.0877 -0.966474 0.32975
1.12071 -0.997332 0.32975
1.32763 -1.27987 0.32975
1.38981 -1.34505 0.32975
1.41894 -1.3612 0.32975
1.46957 -1.40607 0.32975
1.51214 -1.4381 0.32975
1.57099 -1.49025 0.32975
1.59673 -1.49706 0.32975
1.69902 -1.60124 0.32975
0.449868 -0.00234782 0.32975
1.44484 -1.231 0.32975
1.17567 -0.882739 0.32975
1.18206 -0.874823 0.32975
0.449948 -0.00228122 0.32975
0.449968 -0.00226413 0.32975
0.449988 -0.00224687 0.32975
0.450007 -0.00222943 0.32975
0.450027 -0.00221183 0.32975
0.450046 -0.00219406 0.32975
0.450065 -0.00217612 0.32975
0.450084 -0.00215802 0.32975
0.450103 -0.00213975 0.32975
0.450121 -0.00212132 0.32975
1.26396 -0.80184 0.32975
1.26949 -0.7933 0.32975
1.3286 -0.835662 0.32975
1.37828 -0.867502 0.32975
1.38729 -0.860702 0.32975
1.39328 -0.851134 0.32975
1.39842 -0.840865 0.32975
1.40271 -0.829915 0.32975
0.450281 -0.00194834 0.32975
0.450298 -0.00192836 0.32975
0.450315 -0.00190823 0.32975
0.450331 -0.00188796 0.32975
1.3433 -0.712157 0.32975
1.35185 -0.706164 0.32975
1.35798 -0.698249 0.32975
0.450396 -0.00180545 0.32975
0.450412 -0.00178447 0.32975
0.450427 -0.00176336 0.32975
0.450442 -0.00174211 0.32975
0.450457 -0.00172073 0.32975
0.450472 -0.00169922 0.32975
0.450487 -0.00167758 0.32975
0.450502 -0.00165581 0.32975
0.450516 -0.00163392 0.32975
1.43224 -0.627029 0.32975
1.41986 -0.607288 0.32975
1.41745 -0.594081 0.32975
0.450572 -0.00154511 0.32975
0.448 0 0.32975
0.448 0 0.32975
0.448 0 0.32975
0.448 0 0.32975
0.448 0 0.32975
0.448 0 0.32975
0.450661 -0.00138525 0.32975
1.57691 -0.575206 0.32975
1.55324 -0.551054 0.32975
1.50678 -0.516401 0.32975
1.48958 -0.49681 0.32975
1.58179 -0.528696 0.32975
1.58818 -0.519611 0.32975
1.60089 -0.513302 0.32975
1.62184 -0.510399 0.32975
21.1041 -8.76801 0.32975
21.2094 -8.59966 0.32975
0.448 0 0.32975
20.2175 -7.78742 0.32975
0.448 0 0.32975
1.57107 -0.419899 0.32975
1.58315 -0.41316 0.32975
18.0631 -6.23785 0.32975
18.1424 -6.09268 0.32975
18.2338 -5.95105 0.32975
18.2936 -5.7984 0.32975
17.1476 -5.26536 0.32975
17.2225 -5.12849 0.32975
17.3117 -4.99526 0.32975
16.0474 -4.47304 0.32975
0.450891 -0.000801715 0.32975
1.66507 -0.326112 0.32975
1.64753 -0.310221 0.32975
14.9947 -3.62689 0.32975
15.0248 -3.49958 0.32975
15.1152 -3.38619 0.32975
15.2369 -3.27863 0.32975
15.353 -3.16816 0.32975
14.1434 -2.78637 0.32975
14.0573 -2.64538 0.32975
1.74295 -0.240004 0.32975
1.75582 -0.230605 0.32975
1.7568 -0.219018 0.32975
13.0726 -1.99955 0.32975
13.0184 -1.87866 0.32975
13.0244 -1.7675 0.32975
13.1286 -1.66943 0.32975
13.1992 -1.56566 0.32975
13.3247 -1.46711 0.32975
0.448 0 0.32975
1.82264 -0.132363 0.32975
1.82374 -0.120362 0.32975
11.9714 -0.906909 0.32975
12.0487 -0.811199 0.32975
12.1262 -0.714269 0.32975
12.2178 -0.616831 0.32975
12.2538 -0.51545 0.32975
12.1868 -0.40993 0.32975
1.9085 -0.0382446 0.32975
1.90178 -0.025376 0.32975
0.451 -2.61795e-05 0.32975
2.086 0 0.32975
2.06794 0.0141369 0.32975
2.07575 0.0284124 0.32975
2.07744 0.0426686 0.32975
2.00805 0.0544782 0.32975
1.98753 0.0672175 0.32975
11.0285 0.554499 0.32975
10.9933 0.644977 0.32975
10.8715 0.728886 0.32975
10.801 0.814798 0.32975
10.7008 0.897007 0.32975
2.09638 0.15872 0.32975
10.425 1.04863 0.32975
10.4413 1.1386 0.32975
10.3338 1.21382 0.32975
10.2494 1.29038 0.32975
2.16512 0.241326 0.32975
2.15801 0.255562 0.32975
9.96339 1.50709 0.32975
9.89958 1.58165 0.32975
9.81648 1.65191 0.32975
2.27194 0.338047 0.32975
2.26008 0.352233 0.32975
9.55836 1.85352 0.32975
9.48022 1.91986 0.32975
9.42211 1.98951 0.32975
2.34412 0.437755 0.32975
2.33051 0.45195 0.32975
9.1564 2.17125 0.32975
9.06839 2.22938 0.32975
2.40786 0.525144 0.32975
2.41862 0.546502 0.32975
2.5945 0.615498 0.32975
2.59384 0.635626 0.32975
2.50023 0.62743 0.32975
2.48132 0.641105 0.32975
8.62709 2.65755 0.32975
2.62156 0.727262 0.32975
2.57825 0.733505 0.32975
8.40484 2.81766 0.32975
8.40156 2.89486 0.32975
2.6829 0.835595 0.32975
8.20792 2.97875 0.32975
8.14907 3.03353 0.32975
2.75854 0.93352 0.32975
8.03952 3.14451 0.32975
2.84039 1.01551 0.32975
2.84336 1.04153 0.32975
2.96573 1.12097 0.32975
2.92491 1.12879 0.32975
3.1062 1.23954 0.32975
2.996 1.21533 0.32975
3.14618 1.31599 0.32975
3.08 1.31227 0.32975
3.19943 1.40192 0.32975
3.16669 1.41526 0.32975
3.25401 1.49198 0.32975
3.25846 1.52595 0.32975
3.32725 1.59599 0.32975
3.44463 1.69541 0.32975
3.41674 1.714 0.32975
3.48955 1.79161 0.32975
3.58866 1.8871 0.32975
3.62835 1.94892 0.32975
3.69178 2.02694 0.32975
3.75409 2.10621 0.32975
3.86391 2.21832 0.32975
3.91613 2.29551 0.32975
4.00374 2.39838 0.32975
4.08734 2.50125 0.32975
4.21856 2.64017 0.32975
4.32563 2.76589 0.32975
4.44616 2.90483 0.32975
4.54767 3.0336 0.32975
4.68476 3.19263 0.32975
4.82414 3.35793 0.32975
4.99955 3.55606 0.32975
5.13582 3.72886 0.32975
5.34635 3.96661 0.32975
5.5577 4.21211 0.32975
5.61574 4.33624 0.32975
5.56021 4.36624 0.32975
5.51738 4.40675 0.32975
5.47574 4.44817 0.32975
5.43079 4.48652 0.32975
5.38334 4.5224 0.32975
5.33491 4.55711 0.32975
5.31309 4.61679 0.32975
5.66249 5.03558 0.32975
6.18539 5.63811 0.32975
6.76883 6.32083 0.32975
7.48092 7.15676 0.32975
7.86834 7.68399 0.32975
7.79963 7.747 0.32975
7.23252 7.27551 0.32975
7.1154 7.27619 0.32975
7.47855 7.80822 0.32975
10.6331 11.5122 0.32975
10.5329 11.6014 0.32975
10.4281 11.6852 0.32975
10.3283 11.7749 0.32975
10.2296 11.866 0.32975
10.1194 11.9432 0.32975
10.0142 12.0263 0.32975
9.91441 12.1165 0.32975
9.81745 12.2105 0.32975
9.70753 12.2878 0.32975
9.60589 12.3762 0.32975
9.50518 12.4661 0.32975
9.39547 12.5439 0.32975
9.29484 12.6346 0.32975
9.19161 12.722 0.32975
9.08194 12.8003 0.32975
8.98371 12.896 0.32975
6.0812 8.67437 0.32975
5.79198 8.38837 0.32975
5.82032 8.59751 0.32975
6.11084 9.24091 0.32975
5.9347 9.1314 0.32975
5.56449 8.68608 0.32975
5.245 8.30865 0.32975
4.95958 7.9742 0.32975
4.70123 7.67304 0.32975
4.46711 7.40228 0.32975
4.24931 7.14923 0.32975
4.05887 6.93643 0.32975
3.83704 6.65136 0.32975
3.67803 6.47843 0.32975
3.49643 6.25021 0.32975
3.40131 6.19174 0.32975
3.3497 6.22271 0.32975
3.30482 6.26872 0.32975
3.2618 6.31991 0.32975
3.21372 6.36073 0.32975
3.16202 6.39383 0.32975
3.11033 6.42743 0.32975
3.00806 6.33637 0.32975
2.88963 6.19844 0.32975
2.77668 6.06641 0.32975
2.66271 5.92351 0.32975
2.57468 5.84301 0.32975
2.4702 5.71052 0.32975
2.37178 5.58707 0.32975
2.27409 5.4576 0.32975
2.19364 5.37252 0.32975
2.1106 5.2731 0.32975
2.03704 5.19752 0.32975
1.95981 5.1038 0.32975
1.88242 5.00241 0.32975
1.81305 4.92222 0.32975
1.73899 4.81804 0.32975
1.67111 4.7294 0.32975
1.62713 4.72922 0.32975
1.55897 4.62751 0.32975
1.4929 4.52595 0.32975
1.45379 4.53685 0.32975
1.38714 4.41829 0.32975
1.33 4.33519 0.32975
1.2929 4.34664 0.32975
1.23362 4.23881 0.32975
1.18861 4.2002 0.32975
1.14087 4.14043 0.32975
1.08844 4.0436 0.32975
1.05431 4.05694 0.32975
1.00205 3.94226 0.32975
0.967364 3.94496 0.32975
0.921097 3.85306 0.32975
0.885531 3.84016 0.32975
0.840609 3.73542 0.32975
0.808188 3.7407 0.32975
0.773353 3.71879 0.32975
0.734847 3.64473 0.32975
0.702123 3.63413 0.32975
0.665333 3.55336 0.32975
0.634002 3.54913 0.32975
0.600188 3.48568 0.32975
0.568892 3.46189 0.32975
0.538755 3.46581 0.32975
0.506797 3.36849 0.32975
0.477356 3.36387 0.32975
0.448 3.475 0.32975
0.419194 3.30087 0.32975
0.390861 3.2735 0.32975
0.207826 9.17186 0.32975
0.33702 3.17806 0.32975
0.310163 3.15699 0.32975
-0.0413399 9.33719 0.32975
0.259909 3.07525 0.32975
0.23329 3.0705 0.32975
-0.306857 9.59134 0.32975
0.184876 3.00751 0.32975
0.161038 2.98022 0.32975
0.121348 3.10788 0.32975
-0.687768 9.96851 0.32975
0.095554 2.87044 0.32975
0.0692133 2.87717 0.32975
-0.986873 10.2097 0.32975
-1.08626 10.266 0.32975
0.00607331 2.79022 0.32975
-0.0194153 2.79316 0.32975
-0.0606159 2.8845 0.32975
-0.0936042 2.92223 0.32975
-0.0732903 2.68181 0.32975
-0.0970718 2.67911 0.32975
-1.88331 10.968 0.32975
-1.99517 11.0204 0.32975
-0.157343 2.62203 0.32975
-0.177166 2.60401 0.32975
-2.38877 11.3777 0.32975
-2.53528 11.5355 0.32975
-2.67129 11.6413 0.32975
-0.247889 2.50929 0.32975
-0.268933 2.50024 0.32975
-3.08742 11.9354 0.32975
-3.20284 11.9414 0.32975
-0.353982 2.54356 0.32975
-0.328868 2.39096 0.32975
-3.72392 12.4686 0.32975
-3.8508 12.4846 0.32975
-4.04204 12.6795 0.32975
-0.442621 2.44696 0.32975
-0.408958 2.29204 0.32975
0.446925 0.00280074 0.32975
-4.80616 13.3385 0.32975
-0.497132 2.33928 0.32975
-0.506795 2.30508 0.32975
-0.490536 2.21105 0.32975
-0.535713 2.26239 0.32975
-0.585518 2.32132 0.32975
-6.17548 14.5339 0.32975
0.446732 0.00271892 0.32975
-0.566284 2.12649 0.32975
-0.583926 2.11576 0.32975
0.448 0 0.32975
0.448 0 0.32975
0.448 0 0.32975
0.448 0 0.32975
-0.649942 2.02216 0.32975
-0.662699 2.00375 0.32975
0.448 0 0.32975
0.448 0 0.32975
0.448 0 0.32975
0.448 0 0.32975
-0.740161 1.9389 0.32975
-0.743258 1.90641 0.32975
0.448 0 0.32975
0.446366 0.00251601 0.32975
0.448 0 0.32975
0.448 0 0.32975
-0.819051 1.84357 0.32975
-0.823619 1.81606 0.32975
0.448 0 0.32975
0.446237 0.00242705 0.32975
0.448 0 0.32975
0.446195 0.00239591 0.32975
-0.88397 1.73586 0.32975
-0.899682 1.72496 0.32975
0.446132 0.00234782 0.32975
0.446112 0.00233144 0.32975
-0.989537 1.74387 0.32975
-0.986059 1.70905 0.32975
-1.01521 1.71319 0.32975
-0.982209 1.64527 0.32975
-1.00314 1.64021 0.32975
0.445993 0.00222943 0.32975
0.448 0 0.32975
0.445954 0.00219406 0.32975
0.445935 0.00217612 0.32975
0.448 0 0.32975
-1.05405 1.5285 0.32975
0.448 0 0.32975
