-1.80131 -2.24931 0.32975
-1.81874 -2.30665 0.32975
-1.8409 -2.37022 0.32975
-1.8807 -2.45394 0.32975
-1.90967 -2.52829 0.32975
-1.96048 -2.62839 0.32975
-2.01507 -2.73552 0.32975
-2.10773 -2.88872 0.32975
-2.12572 -2.96073 0.32975
-3.16098 -4.22558 0.32975
-3.2281 -4.38101 0.32975
-3.34112 -4.59657 0.32975
-3.40659 -4.76002 0.32975
-3.49874 -4.96174 0.32975
-3.60367 -5.1859 0.32975
-3.68793 -5.39004 0.32975
-3.74304 -5.5617 0.32975
-5.11895 -7.5233 0.32975
-5.2112 -7.78922 0.32975
0.446258 -0.00244235 0.32975
0.448 0 0.32975
0.448 0 0.32975
0.448 0 0.32975
0.448 0 0.32975
0.448 0 0.32975
-7.07527 -11.8092 0.32975
-6.97829 -11.8845 0.32975
-6.87638 -11.9523 0.32975
-6.77592 -12.0226 0.32975
-6.84482 -12.3807 0.32975
-8.5495 -15.5841 0.32975
-8.40528 -15.6481 0.32975
-8.04102 -15.3146 0.32975
-7.74672 -15.0928 0.32975
-10.2015 -20.0288 0.32975
-10.03 -20.128 0.32975
-9.84759 -20.2062 0.32975
-9.66864 -20.2908 0.32975
-9.48461 -20.3649 0.32975
-9.30609 -20.4499 0.32975
-9.12177 -20.5224 0.32975
-8.94231 -20.6052 0.32975
-8.7658 -20.6945 0.32975
-8.58526 -20.7751 0.32975
-6.27336 -15.8345 0.32975
-6.15712 -15.9462 0.32975
-6.27769 -16.6467 0.32975
-6.13436 -16.7103 0.32975
-4.62362 -13.212 0.32975
-4.4395 -13.0722 0.32975
-4.33173 -13.1322 0.32975
-4.21361 -13.164 0.32975
-4.08065 -13.1522 0.32975
-3.60144 -12.1025 0.32975
-3.17213 -11.1416 0.32975
-2.82999 -10.3965 0.32975
-2.61752 -10.0269 0.32975
-1.46456 -6.45669 0.32975
-1.29761 -6.08767 0.32975
-1.23854 -6.08147 0.32975
-1.18567 -6.09692 0.32975
-1.13515 -6.1216 0.32975
-0.266395 -2.86528 0.32975
-0.240197 -2.86655 0.32975
-0.215381 -2.87342 0.32975
-0.167338 -2.77561 0.32975
-0.139558 -2.76425 0.32975
-0.116411 -2.77417 0.32975
-0.0834032 -2.73383 0.32975
-0.0413026 -2.64004 0.32975
-0.0159879 -2.63141 0.32975
0.00600268 -2.64127 0.32975
0.0298507 -2.64009 0.32975
0.0517229 -2.65155 0.32975
0.0713973 -2.67967 0.32975
0.0959708 -2.67393 0.32975
0.1181 -2.68682 0.32975
0.140766 -2.69655 0.32975
0.163369 -2.70808 0.32975
0.187395 -2.70648 0.32975
0.208409 -2.73854 0.32975
0.232708 -2.73554 0.32975
0.257844 -2.71936 0.32975
0.286588 -2.63907 0.32975
0.31088 -2.61641 0.32975
0.334022 -2.61051 0.32975
0.35782 -2.58243 0.32975
0.381589 -2.53613 0.32975
0.404561 -2.48862 0.32975
0.426585 -2.45391 0.32975
0.448 -2.406 0.32975
0.46842 -2.33991 0.32975
0.487966 -2.28965 0.32975
0.50695 -2.25123 0.32975
0.525547 -2.22065 0.32975
0.543439 -2.18592 0.32975
0.56047 -2.14605 0.32975
0.576873 -2.10706 0.32975
0.593372 -2.07892 0.32975
0.608527 -2.03969 0.32975
0.623619 -2.00733 0.32975
0.638158 -1.97487 0.32975
0.652562 -1.94628 0.32975
0.66501 -1.90468 0.32975
0.671265 -1.81834 0.32975
0.6836 -1.78956 0.32975
0.692388 -1.73891 0.32975
0.706371 -1.7288 0.32975
0.718162 -1.70574 0.32975
0.730726 -1.68951 0.32975
0.741986 -1.66728 0.32975
0.750147 -1.63024 0.32975
0.764743 -1.6295 0.32975
0.77596 -1.61198 0.32975
0.784401 -1.58264 0.32975
0.793654 -1.55914 0.32975
0.805222 -1.5473 0.32975
0.808906 -1.50328 0.32975
0.82056 -1.49426 0.32975
0.827576 -1.46771 0.32975
0.838558 -1.45758 0.32975
0.849392 -1.44737 0.32975
0.855943 -1.42267 0.32975
0.865219 -1.40851 0.32975
0.873401 -1.39142 0.32975
0.880716 -1.3724 0.32975
0.883096 -1.33909 0.32975
0.892544 -1.3286 0.32975
0.900865 -1.31522 0.32975
0.91366 -1.31498 0.32975
0.911437 -1.27328 0.32975
0.926033 -1.27856 0.32975
0.928213 -1.251 0.32975
0.932881 -1.23094 0.32975
0.940233 -1.21832 0.32975
0.946254 -1.20289 0.32975
0.96103 -1.20862 0.32975
0.958 -1.17292 0.32975
0.963742 -1.15838 0.32975
0.974246 -1.15474 0.32975
0.983035 -1.14739 0.32975
0.993457 -1.14358 0.32975
0.990704 -1.11271 0.32975
0.995485 -1.09808 0.32975
1.00368 -1.09059 0.32975
1.00718 -1.07417 0.32975
1.01277 -1.06219 0.32975
1.02679 -1.06601 0.32975
1.03074 -1.05129 0.32975
1.03792 -1.04269 0.32975
1.0355 -1.01758 0.32975
1.04943 -1.02103 0.32975
1.04802 -0.9986 0.32975
1.05253 -0.986505 0.32975
1.06907 -0.993912 0.32975
1.06375 -0.966527 0.32975
1.07052 -0.9586 0.32975
1.06948 -0.938955 0.32975
1.08045 -0.937642 0.32975
1.09087 -0.935383 0.32975
1.08754 -0.913355 0.32975
1.0891 -0.898784 0.32975
1.09456 -0.889919 0.32975
1.10825 -0.892281 0.32975
1.1106 -0.879298 0.32975
1.11459 -0.868722 0.32975
1.1123 -0.850264 0.32975
1.11658 -0.840521 0.32975
1.12074 -0.830769 0.32975
1.12352 -0.819465 0.32975
1.13 -0.812773 0.32975
1.13382 -0.802989 0.32975
1.14539 -0.802256 0.32975
1.13978 -0.78191 0.32975
1.1439 -0.772871 0.32975
1.15264 -0.76898 0.32975
1.16001 -0.763533 0.32975
1.17146 -0.762369 0.32975
1.16141 -0.738762 0.32975
1.16082 -0.725376 0.32975
1.1643 -0.716299 0.32975
1.16981 -0.70932 0.32975
1.17166 -0.698826 0.32975
1.17265 -0.687666 0.32975
1.17862 -0.681316 0.32975
1.17938 -0.670185 0.32975
1.20304 -0.679837 0.32975
1.18947 -0.655994 0.32975
1.21026 -0.66262 0.32975
1.2008 -0.642954 0.32975
1.20332 -0.633789 0.32975
1.20342 -0.622721 0.32975
1.20649 -0.614217 0.32975
1.20635 -0.603217 0.32975
1.23443 -0.61443 0.32975
1.23104 -0.600848 0.32975
1.23146 -0.590381 0.32975
1.22131 -0.572219 0.32975
1.23275 -0.570152 0.32975
1.23932 -0.564443 0.32975
1.23111 -0.548339 0.32975
1.24328 -0.546582 0.32975
1.25382 -0.543535 0.32975
1.24936 -0.530411 0.32975
1.24809 -0.519586 0.32975
1.25597 -0.514733 0.32975
1.26976 -0.513492 0.32975
1.26142 -0.498464 0.32975
1.27002 -0.493922 0.32975
1.25879 -0.477594 0.32975
1.27419 -0.477 0.32975
1.28006 -0.470757 0.32975
1.28763 -0.465417 0.32975
1.28024 -0.451869 0.32975
1.28592 -0.445529 0.32975
1.28977 -0.438199 0.32975
1.29089 -0.429475 0.32975
1.29908 -0.424334 0.32975
1.30545 -0.418206 0.32975
1.31719 -0.414582 0.32975
1.3108 -0.402333 0.32975
1.31701 -0.396032 0.32975
1.3177 -0.387213 0.32975
1.33021 -0.383597 0.32975
1.3188 -0.369632 0.32975
1.32199 -0.362019 0.32975
1.3483 -0.363743 0.32975
1.32259 -0.344511 0.32975
1.32837 -0.337941 0.32975
1.33971 -0.333397 0.32975
1.34071 -0.324919 0.32975
1.3388 -0.315447 0.32975
1.34341 -0.308313 0.32975
1.36693 -0.307468 0.32975
1.36482 -0.297893 0.32975
1.35022 -0.284468 0.32975
1.3584 -0.278338 0.32975
1.36271 -0.270951 0.32975
1.36793 -0.263785 0.32975
1.36827 -0.255213 0.32975
1.37625 -0.248725 0.32975
1.37452 -0.239614 0.32975
1.3756 -0.231277 0.32975
1.38245 -0.224341 0.32975
1.39411 -0.218427 0.32975
1.40086 -0.211245 0.32975
1.42028 -0.206664 0.32975
1.40049 -0.193786 0.32975
1.40803 -0.186611 0.32975
1.40077 -0.176586 0.32975
1.42296 -0.171912 0.32975
1.41061 -0.161086 0.32975
1.42779 -0.155183 0.32975
1.4202 -0.145297 0.32975
1.42936 -0.13792 0.32975
1.4216 -0.128177 0.32975
1.42864 -0.120407 0.32975
1.44952 -0.114109 0.32975
1.4465 -0.104947 0.32975
1.47425 -0.0988169 0.32975
1.45416 -0.0880273 0.32975
1.46087 -0.0797145 0.32975
1.45853 -0.0706634 0.32975
1.4641 -0.0621475 0.32975
1.48158 -0.0541677 0.32975
1.47103 -0.0446662 0.32975
1.47038 -0.0357022 0.32975
1.47365 -0.0268576 0.32975
1.48984 -0.0181856 0.32975
1.51296 -0.00929371 0.32975
1.496 0 0.32975
1.49596 0.00914536 0.32975
1.50184 0.0183947 0.32975
1.50164 0.0275906 0.32975
1.50835 0.0370284 0.32975
1.52397 0.0469781 0.32975
1.53051 0.0567321 0.32975
1.52199 0.0656881 0.32975
1.53734 0.0761742 0.32975
1.54062 0.0859912 0.32975
1.54083 0.0956098 0.32975
1.53298 0.104472 0.32975
1.54993 0.115817 0.32975
1.5449 0.124976 0.32975
1.55072 0.135397 0.32975
1.55544 0.145798 0.32975
1.55908 0.156152 0.32975
1.56757 0.16732 0.32975
1.59076 0.180995 0.32975
1.56448 0.186834 0.32975
1.57265 0.198306 0.32975
1.60234 0.213944 0.32975
1.60338 0.224582 0.32975
1.59647 0.233659 0.32975
1.60026 0.24492 0.32975
1.60784 0.25713 0.32975
1.61237 0.268816 0.32975
1.62748 0.283169 0.32975
1.63855 0.296838 0.32975
1.63882 0.307967 0.32975
1.65444 0.323265 0.32975
1.65447 0.334582 0.32975
1.64573 0.343444 0.32975
1.64173 0.353599 0.32975
1.65294 0.368388 0.32975
1.6659 0.384001 0.32975
1.67011 0.397087 0.32975
1.6941 0.416938 0.32975
1.67434 0.422262 0.32975
1.7102 0.446967 0.32975
1.70813 0.458649 0.32975
1.70408 0.469628 0.32975
1.71113 0.484872 0.32975
1.71895 0.500641 0.32975
1.72195 0.514709 0.32975
1.72573 0.529251 0.32975
1.73395 0.545851 0.32975
1.75206 0.567021 0.32975
1.74249 0.576346 0.32975
1.75652 0.596329 0.32975
1.77665 0.619558 0.32975
1.77029 0.630699 0.32975
1.78361 0.65142 0.32975
1.78593 0.667066 0.32975
1.79966 0.688704 0.32975
1.81843 0.713401 0.32975
1.81127 0.724864 0.32975
1.81895 0.744368 0.32975
1.8334 0.767938 0.32975
1.83709 0.785908 0.32975
1.85356 0.8115 0.32975
1.87055 0.837946 0.32975
1.88204 0.861659 0.32975
1.87788 0.87623 0.32975
1.90071 0.907752 0.32975
1.90538 0.928454 0.32975
1.92406 0.958565 0.32975
1.92314 0.976377 0.32975
1.93529 1.00319 0.32975
1.96522 1.04275 0.32975
1.96343 1.06112 0.32975
1.97609 1.08998 0.32975
1.99727 1.12561 0.32975
2.01713 1.16109 0.32975
2.02291 1.18678 0.32975
2.03312 1.21631 0.32975
2.04766 1.24979 0.32975
2.07191 1.29172 0.32975
2.08078 1.3222 0.32975
2.10699 1.36757 0.32975
2.11951 1.40256 0.32975
2.13914 1.44437 0.32975
2.16346 1.49122 0.32975
2.19531 1.54589 0.32975
2.20331 1.58049 0.32975
2.2182 1.62209 0.32975
2.2464 1.67703 0.32975
2.25999 1.71951 0.32975
2.28735 1.77624 0.32975
2.31244 1.83218 0.32975
2.3388 1.8908 0.32975
2.36569 1.95145 0.32975
2.39443 2.01559 0.32975
2.41945 2.07747 0.32975
2.46262 2.16042 0.32975
2.48626 2.22437 0.32975
2.52164 2.30301 0.32975
2.56375 2.39142 0.32975
2.59725 2.47243 0.32975
2.63209 2.55725 0.32975
2.6759 2.65511 0.32975
2.71562 2.75084 0.32975
2.76768 2.86456 0.32975
2.81916 2.98095 0.32975
2.85955 3.08664 0.32975
2.90435 3.20118 0.32975
3.08275 3.49643 0.32975
3.14374 3.64308 0.32975
3.23763 3.83959 0.32975
3.30564 4.00626 0.32975
3.32678 4.11132 0.32975
3.39841 4.29287 0.32975
3.49784 4.52157 0.32975
3.59239 4.75065 0.32975
3.85526 5.24672 0.32975
3.99901 5.57397 0.32975
4.04562 5.7574 0.32975
4.17969 6.08956 0.32975
4.42513 6.61905 0.32975
4.64889 7.13171 0.32975
4.9155 7.73794 0.32975
5.22057 8.43549 0.32975
5.64322 9.37242 0.32975
6.08325 10.3788 0.32975
6.64268 11.6505 0.32975
7.31882 13.1987 0.32975
8.32701 15.4634 0.32975
0.448 0 0.32975
0.448 0 0.32975
15.4337 31.4181 0.32975
15.1771 31.5866 0.32975
0.448 0 0.32975
0.448 0 0.32975
0.448 0 0.32975
0.448 0 0.32975
0.448 0 0.32975
13.5195 32.3532 0.32975
13.2088 32.3953 0.32975
0.448 0 0.32975
0.448 0 0.32975
8.14516 21.1478 0.32975
7.04636 18.6332 0.32975
6.22326 16.7726 0.32975
5.57533 15.324 0.32975
4.99457 13.9929 0.32975
4.50362 12.8628 0.32975
4.09651 11.9337 0.32975
3.76672 11.2038 0.32975
3.4745 10.5547 0.32975
3.22835 10.0256 0.32975
2.96165 9.38107 0.32975
2.75776 8.93116 0.32975
2.64393 8.80737 0.32975
2.36669 7.99191 0.32975
2.23659 7.74722 0.32975
2.09467 7.42766 0.32975
1.96305 7.12776 0.32975
1.84258 6.85457 0.32975
1.73214 6.60635 0.32975
1.62706 6.36166 0.32975
1.53209 6.14815 0.32975
1.44489 5.95716 0.32975
1.35782 5.7444 0.32975
1.28017 5.56816 0.32975
1.20622 5.39498 0.32975
1.14136 5.26655 0.32975
1.08404 5.1801 0.32975
1.03179 5.12385 0.32975
0.96667 4.93482 0.32975
0.91151 4.81374 0.32975
0.857894 4.6851 0.32975
0.807814 4.57186 0.32975
0.753045 4.36235 0.32975
0.709349 4.27302 0.32975
0.666974 4.17827 0.32975
0.627232 4.10509 0.32975
0.588227 4.01555 0.32975
0.551085 3.93665 0.32975
0.515157 3.84741 0.32975
0.480969 3.77786 0.32975
0.448 3.695 0.32975
0.416445 3.61586 0.32975
0.385834 3.56146 0.32975
0.356642 3.4888 0.32975
0.328644 3.41792 0.32975
0.301657 3.35181 0.32975
0.274193 3.31645 0.32975
0.249348 3.24793 0.32975
0.22443 3.19719 0.32975
0.199755 3.15425 0.32975
0.178165 3.08422 0.32975
0.15567 3.03596 0.32975
0.134414 2.98357 0.32975
0.112352 2.94594 0.32975
0.0925073 2.89526 0.32975
0.0727375 2.8504 0.32975
0.0540013 2.80345 0.32975
0.0329517 2.77716 0.32975
0.0167109 2.72306 0.32975
-0.00126003 2.68467 0.32975
-0.0172038 2.6383 0.32975
-0.0380224 2.62234 0.32975
-0.050584 2.56499 0.32975
-0.0659705 2.52625 0.32975
-0.0832142 2.49917 0.32975
-0.0954796 2.45148 0.32975
-0.115052 2.43885 0.32975
-0.123007 2.37842 0.32975
-0.13745 2.34812 0.32975
-0.152412 2.32162 0.32975
-0.166954 2.29504 0.32975
-0.182415 2.2732 0.32975
-0.193132 2.23589 0.32975
-0.202963 2.19761 0.32975
-0.220654 2.18707 0.32975
-0.230091 2.15063 0.32975
-0.239871 2.11705 0.32975
-0.251656 2.09105 0.32975
-0.266622 2.07541 0.32975
-0.272689 2.03516 0.32975
-0.282897 2.00812 0.32975
-0.296541 1.99136 0.32975
-0.306365 1.96519 0.32975
-0.317254 1.94271 0.32975
-0.331931 1.9304 0.32975
-0.338031 1.89765 0.32975
-0.349873 1.87967 0.32975
-0.359865 1.85796 0.32975
-0.36344 1.82252 0.32975
-0.372263 1.7999 0.32975
-0.385403 1.78724 0.32975
-0.390636 1.75824 0.32975
-0.397179 1.73287 0.32975
-0.420747 1.74244 0.32975
-0.42003 1.7036 0.32975
-0.429322 1.68532 0.32975
-0.435076 1.66082 0.32975
-0.444764 1.64427 0.32975
-0.451807 1.62329 0.32975
-0.461999 1.60842 0.32975
-0.4595 1.57184 0.32975
-0.474197 1.56558 0.32975
-0.479583 1.54376 0.32975
-0.487795 1.52708 0.32975
-0.497906 1.51377 0.32975
-0.504632 1.49533 0.32975
-0.537252 1.51716 0.32975
-0.597369 1.57938 0.32975
-0.606079 1.56274 0.32975
-0.619109 1.55265 0.32975
-0.642369 1.55721 0.32975
-0.669853 1.56717 0.32975
-0.701708 1.58244 0.32975
-0.748188 1.61656 0.32975
-0.77549 1.62363 0.32975
-0.801787 1.62875 0.32975
-0.843042 1.65246 0.32975
-0.894142 1.6873 0.32975
-0.925177 1.69573 0.32975
-0.967274 1.71686 0.32975
-1.01306 1.74122 0.32975
-1.05872 1.76414 0.32975
-1.10096 1.78187 0.32975
-1.15223 1.80873 0.32975
-1.20408 1.83482 0.32975
-1.25449 1.85794 0.32975
-1.31428 1.88982 0.32975
-1.52482 2.07892 0.32975
-1.70683 2.23139 0.32975
-1.78089 2.26814 0.32975
-1.79919 2.24719 0.32975
