-1.71009 -2.15809 0.32975
-1.63861 -2.12335 0.32975
-1.60472 -2.12565 0.32975
-1.58471 -2.14203 0.32975
-1.53116 -2.12239 0.32975
-1.47946 -2.10345 0.32975
-1.4269 -2.08229 0.32975
-1.37089 -2.05588 0.32975
-1.32008 -2.03394 0.32975
-1.27109 -2.01279 0.32975
-1.22903 -1.99861 0.32975
-1.18227 -1.97767 0.32975
-1.14103 -1.96229 0.32975
-1.09459 -1.9393 0.32975
-1.0616 -1.9322 0.32975
-1.02764 -1.92309 0.32975
-0.979505 -1.89436 0.32975
-0.948049 -1.88665 0.32975
-0.916837 -1.87854 0.32975
-0.887036 -1.87165 0.32975
-0.851724 -1.8562 0.32975
-0.785633 -1.79495 0.32975
-0.745877 -1.77 0.32975
-0.712171 -1.75283 0.32975
-0.693563 -1.75785 0.32975
-0.66421 -1.74582 0.32975
-0.630386 -1.72578 0.32975
-0.616852 -1.73768 0.32975
-0.57332 -1.69976 0.32975
-0.550328 -1.69482 0.32975
-0.524 -1.68355 0.32975
-0.507794 -1.68936 0.32975
-0.478956 -1.67227 0.32975
-0.457647 -1.66799 0.32975
-0.432729 -1.65641 0.32975
-0.411314 -1.65073 0.32975
-0.38371 -1.63232 0.32975
-0.358725 -1.61804 0.32975
-0.343698 -1.62322 0.32975
-0.314005 -1.59758 0.32975
-0.29454 -1.59238 0.32975
-0.277713 -1.59243 0.32975
-0.254841 -1.57861 0.32975
-0.238247 -1.57826 0.32975
-0.211945 -1.55473 0.32975
-0.196822 -1.55674 0.32975
-0.179841 -1.55396 0.32975
-0.161491 -1.54728 0.32975
-0.145457 -1.54601 0.32975
-0.121787 -1.52397 0.32975
-0.111203 -1.5364 0.32975
-0.09477 -1.53274 0.32975
-0.0725834 -1.51188 0.32975
-0.0555625 -1.50499 0.32975
-0.041792 -1.50742 0.32975
-0.0204996 -1.48589 0.32975
-0.00868468 -1.49375 0.32975
0.00522016 -1.4948 0.32975
0.0248967 -1.47554 0.32975
0.0364528 -1.48399 0.32975
0.0538186 -1.4711 0.32975
0.0711782 -1.45706 0.32975
0.085601 -1.4535 0.32975
0.101567 -1.443 0.32975
0.113498 -1.44889 0.32975
0.125721 -1.4537 0.32975
0.143617 -1.43201 0.32975
0.15792 -1.42579 0.32975
0.174571 -1.40667 0.32975
0.186492 -1.41097 0.32975
0.200378 -1.40434 0.32975
0.214128 -1.39757 0.32975
0.223517 -1.41733 0.32975
0.239884 -1.39253 0.32975
0.253297 -1.38539 0.32975
0.267352 -1.37216 0.32975
0.279211 -1.37468 0.32975
0.290874 -1.37908 0.32975
0.304064 -1.36946 0.32975
0.317554 -1.35473 0.32975
0.328771 -1.36279 0.32975
0.342237 -1.34384 0.32975
0.354247 -1.34073 0.32975
0.366317 -1.3355 0.32975
0.377137 -1.35214 0.32975
0.389681 -1.33573 0.32975
0.401654 -1.32719 0.32975
0.413499 -1.31755 0.32975
0.424736 -1.3328 0.32975
0.436594 -1.30695 0.32975
0.448 -1.303 0.32975
0.459475 -1.31495 0.32975
0.470723 -1.3018 0.32975
0.48169 -1.28656 0.32975
0.492985 -1.28821 0.32975
0.503571 -1.27279 0.32975
0.514781 -1.27425 0.32975
0.525715 -1.27063 0.32975
0.537497 -1.27987 0.32975
0.547643 -1.26608 0.32975
0.557293 -1.24923 0.32975
0.568478 -1.25121 0.32975
0.580751 -1.26304 0.32975
0.591542 -1.25985 0.32975
0.599849 -1.23671 0.32975
0.610505 -1.23435 0.32975
0.621271 -1.23288 0.32975
0.633057 -1.23825 0.32975
0.642604 -1.22868 0.32975
0.650843 -1.21214 0.32975
0.66315 -1.22018 0.32975
0.676341 -1.23202 0.32975
0.682695 -1.2074 0.32975
0.691428 -1.19649 0.32975
0.70685 -1.21779 0.32975
0.714437 -1.20182 0.32975
0.720866 -1.18191 0.32975
0.731169 -1.17948 0.32975
0.741935 -1.17891 0.32975
0.753964 -1.18308 0.32975
0.7679 -1.19388 0.32975
0.772427 -1.16985 0.32975
0.783451 -1.16986 0.32975
0.791943 -1.16113 0.32975
0.803816 -1.16382 0.32975
0.812756 -1.15686 0.32975
0.822529 -1.15268 0.32975
0.832256 -1.14842 0.32975
0.842263 -1.14502 0.32975
0.85491 -1.14908 0.32975
0.862528 -1.13891 0.32975
0.872101 -1.13431 0.32975
0.883059 -1.13337 0.32975
0.894032 -1.13232 0.32975
0.901648 -1.12282 0.32975
0.912195 -1.12067 0.32975
0.92352 -1.12025 0.32975
0.934075 -1.1179 0.32975
0.941372 -1.10813 0.32975
0.952267 -1.10651 0.32975
0.964017 -1.1066 0.32975
0.980542 -1.1165 0.32975
0.986758 -1.10462 0.32975
0.99013 -1.08735 0.32975
1.00141 -1.08614 0.32975
1.00995 -1.07949 0.32975
1.01606 -1.06837 0.32975
1.03395 -1.07919 0.32975
1.05062 -1.08715 0.32975
1.04876 -1.06183 0.32975
1.058 -1.05655 0.32975
1.06872 -1.05377 0.32975
1.08819 -1.06546 0.32975
1.08963 -1.04704 0.32975
1.09556 -1.03631 0.32975
1.11103 -1.04075 0.32975
1.12226 -1.03827 0.32975
1.12467 -1.02234 0.32975
1.14196 -1.02884 0.32975
1.15318 -1.02604 0.32975
1.1644 -1.02312 0.32975
1.16981 -1.01195 0.32975
1.18567 -1.01532 0.32975
1.2064 -1.02492 0.32975
1.20268 -1.00149 0.32975
1.21321 -0.997245 0.32975
1.22004 -0.988165 0.32975
1.24855 -1.00643 0.32975
1.24598 -0.985421 0.32975
1.25773 -0.982278 0.32975
1.27848 -0.98973 0.32975
1.28254 -0.977122 0.32975
1.29104 -0.969802 0.32975
1.31007 -0.974391 0.32975
1.31653 -0.964602 0.32975
1.32559 -0.957723 0.32975
1.33869 -0.955148 0.32975
1.34699 -0.947339 0.32975
1.35661 -0.940896 0.32975
1.36479 -0.932932 0.32975
1.38633 -0.938331 0.32975
1.39234 -0.928004 0.32975
1.40472 -0.923896 0.32975
1.41928 -0.921707 0.32975
1.43533 -0.920698 0.32975
1.45807 -0.925559 0.32975
1.45347 -0.905334 0.32975
1.46658 -0.901163 0.32975
1.47742 -0.894864 0.32975
1.49052 -0.890393 0.32975
1.50514 -0.887047 0.32975
1.51207 -0.877152 0.32975
1.53989 -0.884195 0.32975
1.54522 -0.872766 0.32975
1.55358 -0.863773 0.32975
1.5698 -0.860789 0.32975
1.59085 -0.861197 0.32975
1.59912 -0.851786 0.32975
1.60975 -0.84406 0.32975
1.63824 -0.848988 0.32975
1.6497 -0.841437 0.32975
1.64133 -0.820156 0.32975
1.66917 -0.823691 0.32975
1.69883 -0.827905 0.32975
1.70014 -0.813146 0.32975
1.71562 -0.807561 0.32975
1.7294 -0.800708 0.32975
1.75851 -0.80308 0.32975
1.76204 -0.789553 0.32975
1.77232 -0.780086 0.32975
1.79121 -0.7755 0.32975
1.79705 -0.763257 0.32975
1.80978 -0.754849 0.32975
1.83477 -0.752957 0.32975
1.851 -0.74599 0.32975
1.86012 -0.735104 0.32975
1.88252 -0.730925 0.32975
1.89779 -0.72284 0.32975
1.91843 -0.717175 0.32975
1.93997 -0.711635 0.32975
1.9425 -0.696898 0.32975
1.96127 -0.689635 0.32975
1.9791 -0.681691 0.32975
2.01067 -0.679469 0.32975
2.02851 -0.670885 0.32975
2.03707 -0.658216 0.32975
2.07706 -0.658184 0.32975
2.08833 -0.646142 0.32975
2.10697 -0.63682 0.32975
2.1312 -0.629323 0.32975
2.14321 -0.617004 0.32975
2.17115 -0.610199 0.32975
2.18965 -0.599697 0.32975
2.22326 -0.593994 0.32975
2.23694 -0.581261 0.32975
2.27437 -0.575851 0.32975
2.30036 -0.566324 0.32975
2.31962 -0.554398 0.32975
2.34169 -0.543006 0.32975
2.37526 -0.534477 0.32975
2.39048 -0.520485 0.32975
2.43173 -0.513029 0.32975
2.46719 -0.50344 0.32975
2.48123 -0.488134 0.32975
2.52243 -0.478921 0.32975
2.54606 -0.465129 0.32975
2.59406 -0.456158 0.32975
2.60873 -0.439606 0.32975
2.6439 -0.42684 0.32975
2.67114 -0.412034 0.32975
2.73078 -0.402516 0.32975
2.73914 -0.383406 0.32975
2.78092 -0.369498 0.32975
2.8246 -0.355186 0.32975
2.85237 -0.337912 0.32975
2.91471 -0.324749 0.32975
2.94128 -0.306136 0.32975
2.97863 -0.288329 0.32975
3.03177 -0.271565 0.32975
3.07983 -0.253416 0.32975
3.13374 -0.234972 0.32975
3.18354 -0.215292 0.32975
3.22422 -0.194132 0.32975
3.26573 -0.17234 0.32975
3.34103 -0.151617 0.32975
3.39619 -0.128721 0.32975
3.45117 -0.104873 0.32975
3.49096 -0.0796829 0.32975
3.56752 -0.0544519 0.32975
3.63988 -0.0278549 0.32975
3.7 0 0.32975
3.76787 0.0289719 0.32975
3.85048 0.0593902 0.32975
3.92081 0.090939 0.32975
3.99284 0.123789 0.32975
4.07654 0.158426 0.32975
4.17888 0.195527 0.32975
4.25688 0.232961 0.32975
4.38239 0.27512 0.32975
4.5862 0.325684 0.32975
4.70872 0.372765 0.32975
4.80983 0.419996 0.32975
4.91639 0.469646 0.32975
5.11779 0.532055 0.32975
5.17847 0.580829 0.32975
5.2694 0.634749 0.32975
5.40825 0.697118 0.32975
5.56121 0.764174 0.32975
5.76078 0.841461 0.32975
5.90709 0.913539 0.32975
6.31155 1.0339 0.32975
6.59728 1.1397 0.32975
6.75496 1.22595 0.32975
6.94294 1.32141 0.32975
7.19917 1.43501 0.32975
7.53884 1.572 0.32975
7.91265 1.72335 0.32975
8.331 1.89254 0.32975
8.77993 2.07738 0.32975
9.26298 2.27971 0.32975
10.1942 2.61148 0.32975
10.6451 2.82792 0.32975
11.342 3.1238 0.32975
12.2846 3.50617 0.32975
13.338 3.94088 0.32975
14.7528 4.51028 0.32975
16.3896 5.17974 0.32975
18.5031 6.04116 0.32975
20.5743 6.93004 0.32975
0.448 0 0.32975
32.9783 11.8401 0.32975
32.8756 12.1242 0.32975
32.763 12.4045 0.32975
32.633 12.678 0.32975
32.5397 12.9659 0.32975
32.4142 13.2408 0.32975
32.2975 13.5193 0.32975
32.17 13.7931 0.32975
32.0585 14.0739 0.32975
0.448 0 0.32975
0.448 0 0.32975
20.6199 9.62149 0.32975
17.1539 8.14801 0.32975
15.1348 7.32255 0.32975
13.6643 6.73404 0.32975
12.2727 6.15557 0.32975
11.1952 5.71441 0.32975
10.3725 5.38855 0.32975
9.77844 5.17195 0.32975
8.8243 4.73908 0.32975
8.36607 4.5715 0.32975
8.06997 4.48969 0.32975
7.26848 4.09816 0.32975
6.99201 4.01018 0.32975
6.62942 3.86258 0.32975
6.29439 3.72456 0.32975
6.00168 3.6066 0.32975
5.73233 3.49762 0.32975
5.47446 3.39039 0.32975
5.2543 3.30328 0.32975
5.0287 3.20744 0.32975
4.82876 3.12476 0.32975
4.64842 3.05178 0.32975
4.48015 2.98363 0.32975
4.37569 2.95973 0.32975
4.29656 2.9531 0.32975
4.10043 2.85359 0.32975
3.9713 2.80256 0.32975
3.84257 2.74887 0.32975
3.71197 2.69061 0.32975
3.52443 2.58143 0.32975
3.44552 2.56012 0.32975
3.35061 2.5232 0.32975
3.25883 2.48681 0.32975
3.15751 2.43965 0.32975
3.0705 2.40307 0.32975
2.99823 2.37813 0.32975
2.9237 2.34935 0.32975
2.84772 2.31738 0.32975
2.78604 2.29758 0.32975
2.70155 2.25355 0.32975
2.64745 2.23818 0.32975
2.5806 2.20837 0.32975
2.51375 2.17685 0.32975
2.46808 2.16627 0.32975
2.40383 2.13442 0.32975
2.35837 2.12168 0.32975
2.30002 2.09333 0.32975
2.24954 2.07243 0.32975
2.19956 2.05081 0.32975
2.15974 2.03998 0.32975
2.11262 2.01934 0.32975
2.07228 2.00581 0.32975
2.02483 1.98235 0.32975
1.97853 1.95899 0.32975
1.94251 1.94768 0.32975
1.90259 1.9303 0.32975
1.86487 1.91479 0.32975
1.83223 1.90523 0.32975
1.79872 1.89363 0.32975
1.76264 1.8775 0.32975
1.72695 1.86088 0.32975
1.69109 1.84295 0.32975
1.6584 1.82871 0.32975
1.63313 1.82495 0.32975
1.5946 1.7998 0.32975
1.56878 1.79362 0.32975
1.53689 1.7769 0.32975
1.51361 1.77348 0.32975
1.47678 1.74652 0.32975
1.4555 1.74504 0.32975
1.42891 1.73375 0.32975
1.40841 1.73262 0.32975
1.37417 1.70578 0.32975
1.35408 1.70409 0.32975
1.33086 1.69596 0.32975
1.3074 1.68668 0.32975
1.27971 1.66816 0.32975
1.25329 1.65108 0.32975
1.2311 1.6418 0.32975
1.21928 1.65401 0.32975
1.19072 1.62974 0.32975
1.17158 1.6252 0.32975
1.14501 1.60302 0.32975
1.13295 1.61365 0.32975
1.10889 1.59554 0.32975
1.0897 1.58827 0.32975
1.06739 1.57241 0.32975
1.05543 1.58242 0.32975
1.03004 1.55675 0.32975
1.01678 1.56271 0.32975
0.996111 1.54782 0.32975
0.974769 1.52985 0.32975
0.958543 1.52585 0.32975
0.949535 1.54356 0.32975
0.924919 1.5126 0.32975
0.91024 1.51192 0.32975
0.89646 1.51398 0.32975
0.87827 1.50053 0.32975
0.863823 1.49941 0.32975
0.846323 1.48656 0.32975
0.832083 1.48514 0.32975
0.816447 1.47776 0.32975
0.801203 1.4712 0.32975
0.785652 1.46253 0.32975
0.769413 1.4498 0.32975
0.757581 1.45646 0.32975
0.739675 1.43363 0.32975
0.726772 1.43416 0.32975
0.714428 1.43752 0.32975
0.698574 1.42108 0.32975
0.683358 1.40644 0.32975
0.674361 1.42919 0.32975
0.663654 1.44297 0.32975
0.660378 1.51115 0.32975
0.649794 1.53277 0.32975
0.633973 1.51463 0.32975
0.620069 1.51023 0.32975
0.609392 1.53554 0.32975
0.59982 1.57671 0.32975
0.589803 1.62081 0.32975
0.576281 1.62996 0.32975
0.564214 1.66194 0.32975
0.552149 1.70282 0.32975
0.539483 1.7456 0.32975
0.525381 1.77231 0.32975
0.511762 1.82589 0.32975
0.496637 1.85736 0.32975
0.481456 1.91671 0.32975
0.465226 1.97392 0.32975
0.448 2.001 0.32975
0.430059 2.05592 0.32975
0.411123 2.11268 0.32975
0.391562 2.15526 0.32975
0.370244 2.22664 0.32975
0.342049 2.42669 0.32975
0.303815 2.75122 0.32975
0.271325 2.8886 0.32975
0.245218 2.89992 0.32975
0.229726 2.77342 0.32975
0.201349 2.81923 0.32975
0.179152 2.79209 0.32975
0.155634 2.78168 0.32975
0.12922 2.7979 0.32975
0.102866 2.81089 0.32975
0.0754785 2.82958 0.32975
0.0453727 2.86485 0.32975
0.014919 2.89782 0.32975
-0.0178611 2.94134 0.32975
-0.0362502 2.89376 0.32975
-0.0580111 2.86973 0.32975
-0.118753 3.05792 0.32975
-0.209337 3.38171 0.32975
-0.235234 3.3582 0.32975
-0.264721 3.35309 0.32975
-0.330533 3.51174 0.32975
-0.407038 3.70358 0.32975
-0.307662 3.14756 0.32975
-0.321311 3.08554 0.32975
-0.32893 3.00416 0.32975
-0.361328 3.02045 0.32975
-0.411706 3.1 0.32975
-0.534096 3.42498 0.32975
-0.59604 3.52462 0.32975
-0.6405 3.56032 0.32975
-0.710018 3.67276 0.32975
-0.804136 3.85368 0.32975
-1.03508 4.43247 0.32975
-1.08087 4.44016 0.32975
-1.11322 4.40873 0.32975
-1.16599 4.43441 0.32975
-1.31214 4.70771 0.32975
-1.85917 6.01039 0.32975
-1.94452 6.07377 0.32975
-2.00043 6.06007 0.32975
-2.05016 6.03109 0.32975
-2.10465 6.01366 0.32975
-2.10958 5.88202 0.32975
-2.11607 5.75899 0.32975
-2.17825 5.76278 0.32975
-2.27239 5.8339 0.32975
-2.31803 5.79911 0.32975
-0.0872511 1.09743 0.32975
-0.104839 1.10882 0.32975
-0.113132 1.10128 0.32975
-0.117642 1.08659 0.32975
-0.127102 1.08161 0.32975
-0.136042 1.07567 0.32975
-0.140074 1.06091 0.32975
-0.157189 1.06967 0.32975
-0.1675 1.06608 0.32975
-0.179317 1.06497 0.32975
-0.191162 1.06374 0.32975
-0.201988 1.06068 0.32975
-0.212279 1.05667 0.32975
-0.223087 1.0534 0.32975
-0.229531 1.04331 0.32975
-0.245785 1.04819 0.32975
-0.253787 1.04044 0.32975
-0.263973 1.03593 0.32975
-0.274706 1.03213 0.32975
-0.288331 1.0323 0.32975
-0.306716 1.03878 0.32975
-0.306235 1.01929 0.32975
-0.316305 1.01427 0.32975
-0.329388 1.01311 0.32975
-0.338199 1.00629 0.32975
-0.348819 1.00174 0.32975
-0.360677 0.998632 0.32975
-0.382718 1.00774 0.32975
-0.38891 0.99739 0.32975
-0.393685 0.985486 0.32975
-0.411437 0.98867 0.32975
-0.412081 0.972145 0.32975
-0.430568 0.975749 0.32975
-0.430943 0.959198 0.32975
-0.446782 0.959536 0.32975
-0.45168 0.948064 0.32975
-0.463392 0.943774 0.32975
-0.4772 0.941491 0.32975
-0.491745 0.939745 0.32975
